Linux 2.6.32-279.14.1.el6.x86_64 (compute-641-17.local) 	04/20/20 	_x86_64_	(32 CPU)

18:35:38     CPU    %usr   %nice    %sys %iowait    %irq   %soft  %steal  %guest   %idle
18:35:39     all    3.09    0.00    0.09    0.00    0.00    0.00    0.00    0.00   96.81
18:35:39       0   99.00    0.00    1.00    0.00    0.00    0.00    0.00    0.00    0.00
18:35:39       1    0.00    0.00    0.00    0.00    0.00    0.00    0.00    0.00  100.00
18:35:39       2    0.00    0.00    0.00    0.00    0.00    0.00    0.00    0.00  100.00
18:35:39       3    0.00    0.00    1.01    0.00    0.00    0.00    0.00    0.00   98.99
18:35:39       4    0.00    0.00    0.00    0.00    0.00    0.00    0.00    0.00  100.00
18:35:39       5    0.00    0.00    0.00    0.00    0.00    0.00    0.00    0.00  100.00
18:35:39       6    0.00    0.00    0.00    0.00    0.00    0.00    0.00    0.00  100.00
18:35:39       7    0.00    0.00    0.00    0.00    0.00    0.00    0.00    0.00  100.00
18:35:39       8    0.00    0.00    0.00    0.00    0.00    0.00    0.00    0.00  100.00
18:35:39       9    0.00    0.00    0.00    0.00    0.00    0.00    0.00    0.00  100.00
18:35:39      10    0.00    0.00    0.00    0.00    0.00    0.00    0.00    0.00  100.00
18:35:39      11    0.00    0.00    0.00    0.00    0.00    0.00    0.00    0.00  100.00
18:35:39      12    0.00    0.00    0.00    0.00    0.00    0.00    0.00    0.00  100.00
18:35:39      13    0.00    0.00    0.00    0.00    0.00    0.00    0.00    0.00  100.00
18:35:39      14    0.00    0.00    0.00    0.00    0.00    0.00    0.00    0.00  100.00
18:35:39      15    0.00    0.00    0.00    0.00    0.00    0.00    0.00    0.00  100.00
18:35:39      16    0.00    0.00    1.00    0.00    0.00    0.00    0.00    0.00   99.00
18:35:39      17    0.00    0.00    0.00    0.00    0.00    0.00    0.00    0.00  100.00
18:35:39      18    0.99    0.00    0.00    0.00    0.00    0.00    0.00    0.00   99.01
18:35:39      19    0.00    0.00    0.00    0.00    0.00    0.00    0.00    0.00  100.00
18:35:39      20    0.00    0.00    0.00    0.00    0.00    0.00    0.00    0.00  100.00
18:35:39      21    0.00    0.00    0.00    0.00    0.00    0.00    0.00    0.00  100.00
18:35:39      22    0.00    0.00    0.00    0.00    0.00    0.00    0.00    0.00  100.00
18:35:39      23    0.00    0.00    0.00    0.00    0.00    0.00    0.00    0.00  100.00
18:35:39      24    0.00    0.00    0.00    0.00    0.00    0.00    0.00    0.00  100.00
18:35:39      25    0.00    0.00    0.00    0.00    0.00    0.00    0.00    0.00  100.00
18:35:39      26    0.00    0.00    0.00    0.00    0.00    0.00    0.00    0.00  100.00
18:35:39      27    0.00    0.00    0.00    0.00    0.00    0.00    0.00    0.00  100.00
18:35:39      28    0.00    0.00    0.00    0.00    0.00    0.00    0.00    0.00  100.00
18:35:39      29    0.00    0.00    0.00    0.00    0.00    0.00    0.00    0.00  100.00
18:35:39      30    0.00    0.00    0.00    0.00    0.00    0.00    0.00    0.00  100.00
18:35:39      31    0.00    0.00    0.00    0.00    0.00    0.00    0.00    0.00  100.00

18:35:39     CPU    %usr   %nice    %sys %iowait    %irq   %soft  %steal  %guest   %idle
18:35:40     all    3.15    0.00    0.06    0.00    0.00    0.00    0.00    0.00   96.78
18:35:40       0  100.00    0.00    0.00    0.00    0.00    0.00    0.00    0.00    0.00
18:35:40       1    0.00    0.00    0.00    0.00    0.00    0.00    0.00    0.00  100.00
18:35:40       2    0.00    0.00    0.00    0.00    0.00    0.00    0.00    0.00  100.00
18:35:40       3    0.00    0.00    0.00    0.00    0.00    0.00    0.00    0.00  100.00
18:35:40       4    0.00    0.00    0.00    0.00    0.00    0.00    0.00    0.00  100.00
18:35:40       5    0.00    0.00    0.00    0.00    0.00    0.00    0.00    0.00  100.00
18:35:40       6    0.00    0.00    0.00    0.00    0.00    0.00    0.00    0.00  100.00
18:35:40       7    0.00    0.00    0.00    0.00    0.00    0.00    0.00    0.00  100.00
18:35:40       8    0.00    0.00    0.00    0.00    0.00    0.00    0.00    0.00  100.00
18:35:40       9    0.00    0.00    0.00    0.00    0.00    0.00    0.00    0.00  100.00
18:35:40      10    0.00    0.00    0.00    0.00    0.00    0.00    0.00    0.00  100.00
18:35:40      11    0.00    0.00    0.00    0.00    0.00    0.00    0.00    0.00  100.00
18:35:40      12    0.00    0.00    0.00    0.00    0.00    0.00    0.00    0.00  100.00
18:35:40      13    0.00    0.00    0.00    0.00    0.00    0.00    0.00    0.00  100.00
18:35:40      14    0.00    0.00    0.00    0.00    0.00    0.00    0.00    0.00  100.00
18:35:40      15    0.00    0.00    0.00    0.00    0.00    0.00    0.00    0.00  100.00
18:35:40      16    0.00    0.00    1.98    0.00    0.00    0.00    0.00    0.00   98.02
18:35:40      17    0.00    0.00    0.00    0.00    0.00    0.00    0.00    0.00  100.00
18:35:40      18    0.00    0.00    0.00    0.00    0.00    0.00    0.00    0.00  100.00
18:35:40      19    0.00    0.00    0.00    0.00    0.00    0.00    0.00    0.00  100.00
18:35:40      20    0.00    0.00    0.00    0.00    0.00    0.00    0.00    0.00  100.00
18:35:40      21    0.00    0.00    0.00    0.00    0.00    0.00    0.00    0.00  100.00
18:35:40      22    0.00    0.00    0.00    0.00    0.00    0.00    0.00    0.00  100.00
18:35:40      23    0.00    0.00    0.00    0.00    0.00    0.00    0.00    0.00  100.00
18:35:40      24    0.00    0.00    0.00    0.00    0.00    0.00    0.00    0.00  100.00
18:35:40      25    0.00    0.00    0.00    0.00    0.00    0.00    0.00    0.00  100.00
18:35:40      26    0.00    0.00    0.00    0.00    0.00    0.00    0.00    0.00  100.00
18:35:40      27    0.00    0.00    0.00    0.00    0.00    0.00    0.00    0.00  100.00
18:35:40      28    0.00    0.00    0.00    0.00    0.00    0.00    0.00    0.00  100.00
18:35:40      29    0.00    0.00    0.00    0.00    0.00    0.00    0.00    0.00  100.00
18:35:40      30    0.00    0.00    0.00    0.00    0.00    0.00    0.00    0.00  100.00
18:35:40      31    0.00    0.00    0.00    0.00    0.00    0.00    0.00    0.00  100.00

18:35:40     CPU    %usr   %nice    %sys %iowait    %irq   %soft  %steal  %guest   %idle
18:35:41     all    3.13    0.00    0.03    0.00    0.00    0.00    0.00    0.00   96.84
18:35:41       0  100.00    0.00    0.00    0.00    0.00    0.00    0.00    0.00    0.00
18:35:41       1    0.00    0.00    0.00    0.00    0.00    0.00    0.00    0.00  100.00
18:35:41       2    0.00    0.00    0.00    0.00    0.00    0.00    0.00    0.00  100.00
18:35:41       3    0.00    0.00    1.00    0.00    0.00    0.00    0.00    0.00   99.00
18:35:41       4    0.00    0.00    0.00    0.00    0.00    0.00    0.00    0.00  100.00
18:35:41       5    0.00    0.00    0.00    0.00    0.00    0.00    0.00    0.00  100.00
18:35:41       6    0.00    0.00    0.00    0.00    0.00    0.00    0.00    0.00  100.00
18:35:41       7    0.00    0.00    0.00    0.00    0.00    0.00    0.00    0.00  100.00
18:35:41       8    0.00    0.00    0.00    0.00    0.00    0.00    0.00    0.00  100.00
18:35:41       9    0.00    0.00    0.00    0.00    0.00    0.00    0.00    0.00  100.00
18:35:41      10    0.00    0.00    0.00    0.00    0.00    0.00    0.00    0.00  100.00
18:35:41      11    0.00    0.00    0.00    0.00    0.00    0.00    0.00    0.00  100.00
18:35:41      12    0.00    0.00    0.00    0.00    0.00    0.00    0.00    0.00  100.00
18:35:41      13    0.00    0.00    0.00    0.00    0.00    0.00    0.00    0.00  100.00
18:35:41      14    0.00    0.00    0.00    0.00    0.00    0.00    0.00    0.00  100.00
18:35:41      15    0.00    0.00    0.00    0.00    0.00    0.00    0.00    0.00  100.00
18:35:41      16    0.00    0.00    1.01    0.00    0.00    0.00    0.00    0.00   98.99
18:35:41      17    0.00    0.00    0.00    0.00    0.00    0.00    0.00    0.00  100.00
18:35:41      18    0.00    0.00    0.00    0.00    0.00    0.00    0.00    0.00  100.00
18:35:41      19    0.00    0.00    0.00    0.00    0.00    0.00    0.00    0.00  100.00
18:35:41      20    0.00    0.00    0.00    0.00    0.00    0.00    0.00    0.00  100.00
18:35:41      21    0.00    0.00    0.00    0.00    0.00    0.00    0.00    0.00  100.00
18:35:41      22    0.00    0.00    0.00    0.00    0.00    0.00    0.00    0.00  100.00
18:35:41      23    0.00    0.00    0.00    0.00    0.00    0.00    0.00    0.00  100.00
18:35:41      24    0.00    0.00    0.00    0.00    0.00    0.00    0.00    0.00  100.00
18:35:41      25    0.00    0.00    0.00    0.00    0.00    0.00    0.00    0.00  100.00
18:35:41      26    0.00    0.00    0.00    0.00    0.00    0.00    0.00    0.00  100.00
18:35:41      27    0.00    0.00    0.00    0.00    0.00    0.00    0.00    0.00  100.00
18:35:41      28    0.00    0.00    0.00    0.00    0.00    0.00    0.00    0.00  100.00
18:35:41      29    0.00    0.00    0.00    0.00    0.00    0.00    0.00    0.00  100.00
18:35:41      30    0.00    0.00    0.00    0.00    0.00    0.00    0.00    0.00  100.00
18:35:41      31    0.00    0.00    0.00    0.00    0.00    0.00    0.00    0.00  100.00

18:35:41     CPU    %usr   %nice    %sys %iowait    %irq   %soft  %steal  %guest   %idle
18:35:42     all    3.13    0.00    0.06    0.00    0.00    0.00    0.00    0.00   96.81
18:35:42       0  100.00    0.00    0.00    0.00    0.00    0.00    0.00    0.00    0.00
18:35:42       1    0.00    0.00    0.00    0.00    0.00    0.00    0.00    0.00  100.00
18:35:42       2    0.00    0.00    0.00    0.00    0.00    0.00    0.00    0.00  100.00
18:35:42       3    0.00    0.00    0.00    0.00    0.00    0.00    0.00    0.00  100.00
18:35:42       4    0.00    0.00    0.00    0.00    0.00    0.00    0.00    0.00  100.00
18:35:42       5    0.00    0.00    0.00    0.00    0.00    0.00    0.00    0.00  100.00
18:35:42       6    0.00    0.00    0.00    0.00    0.00    0.00    0.00    0.00  100.00
18:35:42       7    0.00    0.00    0.00    0.00    0.00    0.00    0.00    0.00  100.00
18:35:42       8    0.00    0.00    0.00    0.00    0.00    0.00    0.00    0.00  100.00
18:35:42       9    0.00    0.00    0.00    0.00    0.00    0.00    0.00    0.00  100.00
18:35:42      10    0.00    0.00    0.00    0.00    0.00    0.00    0.00    0.00  100.00
18:35:42      11    0.00    0.00    0.00    0.00    0.00    0.00    0.00    0.00  100.00
18:35:42      12    0.00    0.00    0.00    0.00    0.00    0.00    0.00    0.00  100.00
18:35:42      13    0.00    0.00    0.00    0.00    0.00    0.00    0.00    0.00  100.00
18:35:42      14    0.00    0.00    0.00    0.00    0.00    0.00    0.00    0.00  100.00
18:35:42      15    0.00    0.00    0.00    0.00    0.00    0.00    0.00    0.00  100.00
18:35:42      16    0.00    0.00    1.00    0.00    0.00    0.00    0.00    0.00   99.00
18:35:42      17    0.00    0.00    0.00    0.00    0.00    0.00    0.00    0.00  100.00
18:35:42      18    0.00    0.00    0.00    0.00    0.00    0.00    0.00    0.00  100.00
18:35:42      19    0.00    0.00    0.00    0.00    0.00    0.00    0.00    0.00  100.00
18:35:42      20    0.00    0.00    0.00    0.00    0.00    0.00    0.00    0.00  100.00
18:35:42      21    0.00    0.00    0.00    0.00    0.00    0.00    0.00    0.00  100.00
18:35:42      22    0.00    0.00    0.00    0.00    0.00    0.00    0.00    0.00  100.00
18:35:42      23    0.00    0.00    0.00    0.00    0.00    0.00    0.00    0.00  100.00
18:35:42      24    0.00    0.00    0.00    0.00    0.00    0.00    0.00    0.00  100.00
18:35:42      25    0.00    0.00    0.00    0.00    0.00    0.00    0.00    0.00  100.00
18:35:42      26    0.00    0.00    0.00    0.00    0.00    0.00    0.00    0.00  100.00
18:35:42      27    0.00    0.00    0.00    0.00    0.00    0.00    0.00    0.00  100.00
18:35:42      28    0.00    0.00    0.00    0.00    0.00    0.00    0.00    0.00  100.00
18:35:42      29    0.00    0.00    0.00    0.00    0.00    0.00    0.00    0.00  100.00
18:35:42      30    0.00    0.00    0.00    0.00    0.00    0.00    0.00    0.00  100.00
18:35:42      31    0.00    0.00    0.00    0.00    0.00    0.00    0.00    0.00  100.00

18:35:42     CPU    %usr   %nice    %sys %iowait    %irq   %soft  %steal  %guest   %idle
18:35:43     all    3.13    0.00    0.06    0.00    0.00    0.00    0.00    0.00   96.81
18:35:43       0  100.00    0.00    0.00    0.00    0.00    0.00    0.00    0.00    0.00
18:35:43       1    0.00    0.00    0.00    0.00    0.00    0.00    0.00    0.00  100.00
18:35:43       2    0.00    0.00    0.00    0.00    0.00    0.00    0.00    0.00  100.00
18:35:43       3    0.00    0.00    1.00    0.00    0.00    0.00    0.00    0.00   99.00
18:35:43       4    0.00    0.00    0.00    0.00    0.00    0.00    0.00    0.00  100.00
18:35:43       5    0.00    0.00    0.00    0.00    0.00    0.00    0.00    0.00  100.00
18:35:43       6    0.00    0.00    0.00    0.00    0.00    0.00    0.00    0.00  100.00
18:35:43       7    0.00    0.00    0.00    0.00    0.00    0.00    0.00    0.00  100.00
18:35:43       8    0.00    0.00    0.00    0.00    0.00    0.00    0.00    0.00  100.00
18:35:43       9    0.00    0.00    0.00    0.00    0.00    0.00    0.00    0.00  100.00
18:35:43      10    0.00    0.00    0.00    0.00    0.00    0.00    0.00    0.00  100.00
18:35:43      11    0.00    0.00    0.00    0.00    0.00    0.00    0.00    0.00  100.00
18:35:43      12    0.00    0.00    0.00    0.00    0.00    0.00    0.00    0.00  100.00
18:35:43      13    0.00    0.00    0.00    0.00    0.00    0.00    0.00    0.00  100.00
18:35:43      14    0.00    0.00    0.00    0.00    0.00    0.00    0.00    0.00  100.00
18:35:43      15    0.00    0.00    0.00    0.00    0.00    0.00    0.00    0.00  100.00
18:35:43      16    0.00    0.00    1.00    0.00    0.00    0.00    0.00    0.00   99.00
18:35:43      17    0.00    0.00    0.00    0.00    0.00    0.00    0.00    0.00  100.00
18:35:43      18    0.00    0.00    0.00    0.00    0.00    0.00    0.00    0.00  100.00
18:35:43      19    0.00    0.00    0.00    0.00    0.00    0.00    0.00    0.00  100.00
18:35:43      20    0.00    0.00    0.00    0.00    0.00    0.00    0.00    0.00  100.00
18:35:43      21    0.00    0.00    0.00    0.00    0.00    0.00    0.00    0.00  100.00
18:35:43      22    0.00    0.00    0.00    0.00    0.00    0.00    0.00    0.00  100.00
18:35:43      23    0.00    0.00    0.00    0.00    0.00    0.00    0.00    0.00  100.00
18:35:43      24    0.00    0.00    0.00    0.00    0.00    0.00    0.00    0.00  100.00
18:35:43      25    0.00    0.00    0.00    0.00    0.00    0.00    0.00    0.00  100.00
18:35:43      26    0.00    0.00    0.00    0.00    0.00    0.00    0.00    0.00  100.00
18:35:43      27    0.00    0.00    0.00    0.00    0.00    0.00    0.00    0.00  100.00
18:35:43      28    0.00    0.00    0.00    0.00    0.00    0.00    0.00    0.00  100.00
18:35:43      29    0.00    0.00    0.00    0.00    0.00    0.00    0.00    0.00  100.00
18:35:43      30    0.00    0.00    0.00    0.00    0.00    0.00    0.00    0.00  100.00
18:35:43      31    0.00    0.00    0.00    0.00    0.00    0.00    0.00    0.00  100.00

18:35:43     CPU    %usr   %nice    %sys %iowait    %irq   %soft  %steal  %guest   %idle
18:35:44     all    3.13    0.00    0.06    0.09    0.00    0.00    0.00    0.00   96.72
18:35:44       0  100.00    0.00    0.00    0.00    0.00    0.00    0.00    0.00    0.00
18:35:44       1    0.00    0.00    0.00    0.00    0.00    0.00    0.00    0.00  100.00
18:35:44       2    0.00    0.00    0.00    0.00    0.00    0.00    0.00    0.00  100.00
18:35:44       3    0.00    0.00    1.01    0.00    0.00    0.00    0.00    0.00   98.99
18:35:44       4    0.00    0.00    0.00    0.00    0.00    0.00    0.00    0.00  100.00
18:35:44       5    0.00    0.00    0.00    0.00    0.00    0.00    0.00    0.00  100.00
18:35:44       6    0.00    0.00    0.00    0.00    0.00    0.00    0.00    0.00  100.00
18:35:44       7    0.00    0.00    0.00    0.00    0.00    0.00    0.00    0.00  100.00
18:35:44       8    0.00    0.00    0.00    0.00    0.00    0.00    0.00    0.00  100.00
18:35:44       9    0.00    0.00    0.00    0.00    0.00    0.00    0.00    0.00  100.00
18:35:44      10    0.00    0.00    0.00    0.00    0.00    0.00    0.00    0.00  100.00
18:35:44      11    0.00    0.00    0.00    0.00    0.00    0.00    0.00    0.00  100.00
18:35:44      12    0.00    0.00    0.00    3.00    0.00    0.00    0.00    0.00   97.00
18:35:44      13    0.00    0.00    0.00    0.00    0.00    0.00    0.00    0.00  100.00
18:35:44      14    0.00    0.00    0.00    0.00    0.00    0.00    0.00    0.00  100.00
18:35:44      15    0.00    0.00    0.00    0.00    0.00    0.00    0.00    0.00  100.00
18:35:44      16    0.00    0.00    0.00    0.00    0.00    0.00    0.00    0.00  100.00
18:35:44      17    0.00    0.00    0.00    0.00    0.00    0.00    0.00    0.00  100.00
18:35:44      18    0.00    0.00    0.00    0.00    0.00    0.00    0.00    0.00  100.00
18:35:44      19    0.00    0.00    0.00    0.00    0.00    0.00    0.00    0.00  100.00
18:35:44      20    0.00    0.00    0.00    0.00    0.00    0.00    0.00    0.00  100.00
18:35:44      21    0.00    0.00    0.00    0.00    0.00    0.00    0.00    0.00  100.00
18:35:44      22    0.00    0.00    0.00    0.00    0.00    0.00    0.00    0.00  100.00
18:35:44      23    0.00    0.00    0.00    0.00    0.00    0.00    0.00    0.00  100.00
18:35:44      24    0.00    0.00    0.00    0.00    0.00    0.00    0.00    0.00  100.00
18:35:44      25    0.00    0.00    0.00    0.00    0.00    0.00    0.00    0.00  100.00
18:35:44      26    0.00    0.00    0.00    0.00    0.00    0.00    0.00    0.00  100.00
18:35:44      27    0.00    0.00    0.00    0.00    0.00    0.00    0.00    0.00  100.00
18:35:44      28    0.00    0.00    0.00    0.00    0.00    0.00    0.00    0.00  100.00
18:35:44      29    0.00    0.00    0.00    0.00    0.00    0.00    0.00    0.00  100.00
18:35:44      30    0.00    0.00    0.00    0.00    0.00    0.00    0.00    0.00  100.00
18:35:44      31    0.00    0.00    0.00    0.00    0.00    0.00    0.00    0.00  100.00

18:35:44     CPU    %usr   %nice    %sys %iowait    %irq   %soft  %steal  %guest   %idle
18:35:45     all    3.16    0.00    0.12    0.00    0.00    0.03    0.00    0.00   96.69
18:35:45       0  100.00    0.00    0.00    0.00    0.00    0.00    0.00    0.00    0.00
18:35:45       1    0.00    0.00    0.00    0.00    0.00    0.00    0.00    0.00  100.00
18:35:45       2    0.00    0.00    0.00    0.00    0.00    0.00    0.00    0.00  100.00
18:35:45       3    0.00    0.00    1.00    0.00    0.00    0.00    0.00    0.00   99.00
18:35:45       4    0.00    0.00    0.00    0.00    0.00    0.00    0.00    0.00  100.00
18:35:45       5    0.00    0.00    0.00    0.00    0.00    0.00    0.00    0.00  100.00
18:35:45       6    0.00    0.00    0.00    0.00    0.00    0.00    0.00    0.00  100.00
18:35:45       7    0.00    0.00    0.00    0.00    0.00    0.00    0.00    0.00  100.00
18:35:45       8    0.00    0.00    0.00    0.00    0.00    0.00    0.00    0.00  100.00
18:35:45       9    0.00    0.00    0.00    0.00    0.00    0.00    0.00    0.00  100.00
18:35:45      10    0.00    0.00    0.00    0.00    0.00    0.00    0.00    0.00  100.00
18:35:45      11    0.00    0.00    0.00    0.00    0.00    0.00    0.00    0.00  100.00
18:35:45      12    0.00    0.00    0.00    0.00    0.00    0.00    0.00    0.00  100.00
18:35:45      13    0.00    0.00    0.00    0.00    0.00    0.00    0.00    0.00  100.00
18:35:45      14    0.00    0.00    0.00    0.00    0.00    0.00    0.00    0.00  100.00
18:35:45      15    0.00    0.00    0.00    0.00    0.00    0.00    0.00    0.00  100.00
18:35:45      16    0.00    0.00    2.02    0.00    0.00    0.00    0.00    0.00   97.98
18:35:45      17    0.00    0.00    0.00    0.00    0.00    0.00    0.00    0.00  100.00
18:35:45      18    0.00    0.00    0.00    0.00    0.00    0.00    0.00    0.00  100.00
18:35:45      19    0.00    0.00    1.00    0.00    0.00    0.00    0.00    0.00   99.00
18:35:45      20    0.00    0.00    0.00    0.00    0.00    0.00    0.00    0.00  100.00
18:35:45      21    0.00    0.00    0.00    0.00    0.00    0.00    0.00    0.00  100.00
18:35:45      22    0.00    0.00    0.00    0.00    0.00    0.00    0.00    0.00  100.00
18:35:45      23    0.00    0.00    0.00    0.00    0.00    0.00    0.00    0.00  100.00
18:35:45      24    0.00    0.00    0.00    0.00    0.00    0.00    0.00    0.00  100.00
18:35:45      25    0.00    0.00    0.00    0.00    0.00    0.00    0.00    0.00  100.00
18:35:45      26    0.00    0.00    0.00    0.00    0.00    0.00    0.00    0.00  100.00
18:35:45      27    0.00    0.00    0.00    0.00    0.00    0.00    0.00    0.00  100.00
18:35:45      28    0.00    0.00    0.00    0.00    0.00    0.00    0.00    0.00  100.00
18:35:45      29    0.00    0.00    0.00    0.00    0.00    0.00    0.00    0.00  100.00
18:35:45      30    0.00    0.00    0.00    0.00    0.00    0.00    0.00    0.00  100.00
18:35:45      31    0.00    0.00    0.00    0.00    0.00    0.00    0.00    0.00  100.00

18:35:45     CPU    %usr   %nice    %sys %iowait    %irq   %soft  %steal  %guest   %idle
18:35:46     all    3.13    0.00    0.06    0.00    0.00    0.00    0.00    0.00   96.81
18:35:46       0    1.02    0.00    0.00    0.00    0.00    0.00    0.00    0.00   98.98
18:35:46       1    0.00    0.00    0.00    0.00    0.00    0.00    0.00    0.00  100.00
18:35:46       2    0.00    0.00    0.00    0.00    0.00    0.00    0.00    0.00  100.00
18:35:46       3    0.00    0.00    2.02    0.00    0.00    0.00    0.00    0.00   97.98
18:35:46       4    0.00    0.00    0.00    0.00    0.00    0.00    0.00    0.00  100.00
18:35:46       5    0.00    0.00    0.99    0.00    0.00    0.00    0.00    0.00   99.01
18:35:46       6    0.00    0.00    0.00    0.00    0.00    0.00    0.00    0.00  100.00
18:35:46       7    0.00    0.00    0.00    0.00    0.00    0.00    0.00    0.00  100.00
18:35:46       8   99.01    0.00    0.00    0.00    0.00    0.00    0.00    0.00    0.99
18:35:46       9    0.00    0.00    0.00    0.00    0.00    0.00    0.00    0.00  100.00
18:35:46      10    0.00    0.00    0.00    0.00    0.00    0.00    0.00    0.00  100.00
18:35:46      11    0.00    0.00    0.00    0.00    0.00    0.00    0.00    0.00  100.00
18:35:46      12    0.00    0.00    0.00    0.00    0.00    0.00    0.00    0.00  100.00
18:35:46      13    0.00    0.00    0.00    0.00    0.00    0.00    0.00    0.00  100.00
18:35:46      14    0.00    0.00    0.00    0.00    0.00    0.00    0.00    0.00  100.00
18:35:46      15    0.00    0.00    0.00    0.00    0.00    0.00    0.00    0.00  100.00
18:35:46      16    0.00    0.00    0.00    0.00    0.00    0.00    0.00    0.00  100.00
18:35:46      17    0.00    0.00    0.00    0.00    0.00    0.00    0.00    0.00  100.00
18:35:46      18    0.00    0.00    0.00    0.00    0.00    0.00    0.00    0.00  100.00
18:35:46      19    0.00    0.00    0.00    0.00    0.00    0.00    0.00    0.00  100.00
18:35:46      20    0.00    0.00    0.00    0.00    0.00    0.00    0.00    0.00  100.00
18:35:46      21    0.00    0.00    0.00    0.00    0.00    0.00    0.00    0.00  100.00
18:35:46      22    0.00    0.00    0.00    0.00    0.00    0.00    0.00    0.00  100.00
18:35:46      23    0.00    0.00    0.00    0.00    0.00    0.00    0.00    0.00  100.00
18:35:46      24    0.00    0.00    0.00    0.00    0.00    0.00    0.00    0.00  100.00
18:35:46      25    0.00    0.00    0.00    0.00    0.00    0.00    0.00    0.00  100.00
18:35:46      26    0.00    0.00    0.00    0.00    0.00    0.00    0.00    0.00  100.00
18:35:46      27    0.00    0.00    0.00    0.00    0.00    0.00    0.00    0.00  100.00
18:35:46      28    0.00    0.00    0.00    0.00    0.00    0.00    0.00    0.00  100.00
18:35:46      29    0.00    0.00    0.00    0.00    0.00    0.00    0.00    0.00  100.00
18:35:46      30    0.00    0.00    0.00    0.00    0.00    0.00    0.00    0.00  100.00
18:35:46      31    0.00    0.00    0.00    0.00    0.00    0.00    0.00    0.00  100.00

18:35:46     CPU    %usr   %nice    %sys %iowait    %irq   %soft  %steal  %guest   %idle
18:35:47     all    3.13    0.00    0.09    0.00    0.00    0.00    0.00    0.00   96.78
18:35:47       0    0.00    0.00    0.00    0.00    0.00    0.00    0.00    0.00  100.00
18:35:47       1    0.00    0.00    0.00    0.00    0.00    0.00    0.00    0.00  100.00
18:35:47       2    0.00    0.00    0.00    0.00    0.00    0.00    0.00    0.00  100.00
18:35:47       3    0.00    0.00    2.00    0.00    0.00    0.00    0.00    0.00   98.00
18:35:47       4    0.00    0.00    0.00    0.00    0.00    0.00    0.00    0.00  100.00
18:35:47       5    0.00    0.00    0.00    0.00    0.00    0.00    0.00    0.00  100.00
18:35:47       6    0.00    0.00    0.00    0.00    0.00    0.00    0.00    0.00  100.00
18:35:47       7    0.00    0.00    0.00    0.00    0.00    0.00    0.00    0.00  100.00
18:35:47       8  100.00    0.00    0.00    0.00    0.00    0.00    0.00    0.00    0.00
18:35:47       9    0.00    0.00    0.00    0.00    0.00    0.00    0.00    0.00  100.00
18:35:47      10    0.00    0.00    0.00    0.00    0.00    0.00    0.00    0.00  100.00
18:35:47      11    0.00    0.00    0.00    0.00    0.00    0.00    0.00    0.00  100.00
18:35:47      12    0.00    0.00    0.00    0.00    0.00    0.00    0.00    0.00  100.00
18:35:47      13    0.00    0.00    0.00    0.00    0.00    0.00    0.00    0.00  100.00
18:35:47      14    0.00    0.00    0.00    0.00    0.00    0.00    0.00    0.00  100.00
18:35:47      15    0.00    0.00    0.00    0.00    0.00    0.00    0.00    0.00  100.00
18:35:47      16    0.00    0.00    0.00    0.00    0.00    0.00    0.00    0.00  100.00
18:35:47      17    0.00    0.00    0.00    0.00    0.00    0.00    0.00    0.00  100.00
18:35:47      18    0.00    0.00    0.99    0.00    0.00    0.00    0.00    0.00   99.01
18:35:47      19    0.00    0.00    1.02    0.00    0.00    0.00    0.00    0.00   98.98
18:35:47      20    0.00    0.00    0.00    0.00    0.00    0.00    0.00    0.00  100.00
18:35:47      21    0.00    0.00    0.00    0.00    0.00    0.00    0.00    0.00  100.00
18:35:47      22    0.00    0.00    0.00    0.00    0.00    0.00    0.00    0.00  100.00
18:35:47      23    0.00    0.00    0.00    0.00    0.00    0.00    0.00    0.00  100.00
18:35:47      24    0.00    0.00    0.00    0.00    0.00    0.00    0.00    0.00  100.00
18:35:47      25    0.00    0.00    0.00    0.00    0.00    0.00    0.00    0.00  100.00
18:35:47      26    0.00    0.00    0.00    0.00    0.00    0.00    0.00    0.00  100.00
18:35:47      27    0.00    0.00    0.00    0.00    0.00    0.00    0.00    0.00  100.00
18:35:47      28    0.00    0.00    0.00    0.00    0.00    0.00    0.00    0.00  100.00
18:35:47      29    0.00    0.00    0.00    0.00    0.00    0.00    0.00    0.00  100.00
18:35:47      30    0.00    0.00    0.00    0.00    0.00    0.00    0.00    0.00  100.00
18:35:47      31    0.00    0.00    0.00    0.00    0.00    0.00    0.00    0.00  100.00

18:35:47     CPU    %usr   %nice    %sys %iowait    %irq   %soft  %steal  %guest   %idle
18:35:48     all    3.16    0.00    0.09    0.00    0.00    0.00    0.00    0.00   96.75
18:35:48       0    0.00    0.00    0.00    0.00    0.00    0.00    0.00    0.00  100.00
18:35:48       1    0.00    0.00    0.00    0.00    0.00    0.00    0.00    0.00  100.00
18:35:48       2    0.00    0.00    0.00    0.00    0.00    0.00    0.00    0.00  100.00
18:35:48       3    0.00    0.00    0.00    0.00    0.00    0.00    0.00    0.00  100.00
18:35:48       4    0.00    0.00    0.00    0.00    0.00    0.00    0.00    0.00  100.00
18:35:48       5    0.00    0.00    0.00    0.00    0.00    0.00    0.00    0.00  100.00
18:35:48       6    0.00    0.00    0.00    0.00    0.00    0.00    0.00    0.00  100.00
18:35:48       7    0.00    0.00    0.00    0.00    0.00    0.00    0.00    0.00  100.00
18:35:48       8  100.00    0.00    0.00    0.00    0.00    0.00    0.00    0.00    0.00
18:35:48       9    0.00    0.00    0.00    0.00    0.00    0.00    0.00    0.00  100.00
18:35:48      10    0.00    0.00    0.00    0.00    0.00    0.00    0.00    0.00  100.00
18:35:48      11    0.00    0.00    0.00    0.00    0.00    0.00    0.00    0.00  100.00
18:35:48      12    0.00    0.00    0.00    0.00    0.00    0.00    0.00    0.00  100.00
18:35:48      13    0.00    0.00    0.00    0.00    0.00    0.00    0.00    0.00  100.00
18:35:48      14    0.00    0.00    0.00    0.00    0.00    0.00    0.00    0.00  100.00
18:35:48      15    0.00    0.00    0.00    0.00    0.00    0.00    0.00    0.00  100.00
18:35:48      16    0.00    0.00    0.00    0.00    0.00    0.00    0.00    0.00  100.00
18:35:48      17    0.00    0.00    0.00    0.00    0.00    0.00    0.00    0.00  100.00
18:35:48      18    0.00    0.00    0.00    0.00    0.00    0.00    0.00    0.00  100.00
18:35:48      19    0.00    0.00    2.02    0.00    0.00    0.00    0.00    0.00   97.98
18:35:48      20    0.00    0.00    0.00    0.00    0.00    0.00    0.00    0.00  100.00
18:35:48      21    0.00    0.00    0.00    0.00    0.00    0.00    0.00    0.00  100.00
18:35:48      22    0.00    0.00    0.00    0.00    0.00    0.00    0.00    0.00  100.00
18:35:48      23    0.00    0.00    0.00    0.00    0.00    0.00    0.00    0.00  100.00
18:35:48      24    0.00    0.00    0.00    0.00    0.00    0.00    0.00    0.00  100.00
18:35:48      25    0.00    0.00    0.00    0.00    0.00    0.00    0.00    0.00  100.00
18:35:48      26    0.00    0.00    0.00    0.00    0.00    0.00    0.00    0.00  100.00
18:35:48      27    0.00    0.00    0.00    0.00    0.00    0.00    0.00    0.00  100.00
18:35:48      28    0.00    0.00    0.00    0.00    0.00    0.00    0.00    0.00  100.00
18:35:48      29    0.00    0.00    0.00    0.00    0.00    0.00    0.00    0.00  100.00
18:35:48      30    0.00    0.00    0.00    0.00    0.00    0.00    0.00    0.00  100.00
18:35:48      31    0.00    0.00    0.00    0.00    0.00    0.00    0.00    0.00  100.00

18:35:48     CPU    %usr   %nice    %sys %iowait    %irq   %soft  %steal  %guest   %idle
18:35:49     all    3.13    0.00    0.06    0.00    0.00    0.00    0.00    0.00   96.81
18:35:49       0    0.00    0.00    1.04    0.00    0.00    0.00    0.00    0.00   98.96
18:35:49       1    0.00    0.00    0.00    0.00    0.00    0.00    0.00    0.00  100.00
18:35:49       2    0.00    0.00    0.00    0.00    0.00    0.00    0.00    0.00  100.00
18:35:49       3    0.00    0.00    0.00    0.00    0.00    0.00    0.00    0.00  100.00
18:35:49       4    0.00    0.00    0.00    0.00    0.00    0.00    0.00    0.00  100.00
18:35:49       5    0.00    0.00    0.00    0.00    0.00    0.00    0.00    0.00  100.00
18:35:49       6    0.00    0.00    0.99    0.00    0.00    0.00    0.00    0.00   99.01
18:35:49       7    0.00    0.00    0.00    0.00    0.00    0.00    0.00    0.00  100.00
18:35:49       8  100.00    0.00    0.00    0.00    0.00    0.00    0.00    0.00    0.00
18:35:49       9    0.00    0.00    0.00    0.00    0.00    0.00    0.00    0.00  100.00
18:35:49      10    0.00    0.00    0.00    0.00    0.00    0.00    0.00    0.00  100.00
18:35:49      11    0.00    0.00    0.00    0.00    0.00    0.00    0.00    0.00  100.00
18:35:49      12    0.00    0.00    0.00    0.00    0.00    0.00    0.00    0.00  100.00
18:35:49      13    0.00    0.00    0.00    0.00    0.00    0.00    0.00    0.00  100.00
18:35:49      14    0.00    0.00    0.00    0.00    0.00    0.00    0.00    0.00  100.00
18:35:49      15    0.00    0.00    0.00    0.00    0.00    0.00    0.00    0.00  100.00
18:35:49      16    0.00    0.00    0.00    0.00    0.00    0.00    0.00    0.00  100.00
18:35:49      17    0.00    0.00    0.00    0.00    0.00    0.00    0.00    0.00  100.00
18:35:49      18    0.00    0.00    0.00    0.00    0.00    0.00    0.00    0.00  100.00
18:35:49      19    0.00    0.00    1.00    0.00    0.00    0.00    0.00    0.00   99.00
18:35:49      20    0.00    0.00    0.00    0.00    0.00    0.00    0.00    0.00  100.00
18:35:49      21    0.00    0.00    0.00    0.00    0.00    0.00    0.00    0.00  100.00
18:35:49      22    0.00    0.00    0.00    0.00    0.00    0.00    0.00    0.00  100.00
18:35:49      23    0.00    0.00    0.00    0.00    0.00    0.00    0.00    0.00  100.00
18:35:49      24    0.00    0.00    0.00    0.00    0.00    0.00    0.00    0.00  100.00
18:35:49      25    0.00    0.00    0.00    0.00    0.00    0.00    0.00    0.00  100.00
18:35:49      26    0.00    0.00    0.00    0.00    0.00    0.00    0.00    0.00  100.00
18:35:49      27    0.00    0.00    0.00    0.00    0.00    0.00    0.00    0.00  100.00
18:35:49      28    0.00    0.00    0.00    0.00    0.00    0.00    0.00    0.00  100.00
18:35:49      29    0.00    0.00    0.00    0.00    0.00    0.00    0.00    0.00  100.00
18:35:49      30    0.00    0.00    0.00    0.00    0.00    0.00    0.00    0.00  100.00
18:35:49      31    0.00    0.00    0.00    0.00    0.00    0.00    0.00    0.00  100.00

18:35:49     CPU    %usr   %nice    %sys %iowait    %irq   %soft  %steal  %guest   %idle
18:35:50     all    3.16    0.00    0.06    0.00    0.00    0.00    0.00    0.00   96.78
18:35:50       0    0.00    0.00    1.03    0.00    0.00    0.00    0.00    0.00   98.97
18:35:50       1    0.00    0.00    0.00    0.00    0.00    0.00    0.00    0.00  100.00
18:35:50       2    0.00    0.00    0.00    0.00    0.00    0.00    0.00    0.00  100.00
18:35:50       3    0.00    0.00    0.00    0.00    0.00    0.00    0.00    0.00  100.00
18:35:50       4    0.00    0.00    0.00    0.00    0.00    0.00    0.00    0.00  100.00
18:35:50       5    0.00    0.00    0.00    0.00    0.00    0.00    0.00    0.00  100.00
18:35:50       6    0.00    0.00    0.00    0.00    0.00    0.00    0.00    0.00  100.00
18:35:50       7    0.00    0.00    0.00    0.00    0.00    0.00    0.00    0.00  100.00
18:35:50       8  100.00    0.00    0.00    0.00    0.00    0.00    0.00    0.00    0.00
18:35:50       9    0.00    0.00    0.00    0.00    0.00    0.00    0.00    0.00  100.00
18:35:50      10    0.00    0.00    0.00    0.00    0.00    0.00    0.00    0.00  100.00
18:35:50      11    0.00    0.00    0.00    0.00    0.00    0.00    0.00    0.00  100.00
18:35:50      12    0.00    0.00    0.00    0.00    0.00    0.00    0.00    0.00  100.00
18:35:50      13    0.00    0.00    0.00    0.00    0.00    0.00    0.00    0.00  100.00
18:35:50      14    0.00    0.00    0.00    0.00    0.00    0.00    0.00    0.00  100.00
18:35:50      15    0.00    0.00    0.00    0.00    0.00    0.00    0.00    0.00  100.00
18:35:50      16    1.00    0.00    0.00    0.00    0.00    0.00    0.00    0.00   99.00
18:35:50      17    0.00    0.00    0.00    0.00    0.00    0.00    0.00    0.00  100.00
18:35:50      18    0.00    0.00    0.00    0.00    0.00    0.00    0.00    0.00  100.00
18:35:50      19    0.00    0.00    0.00    0.00    0.00    0.00    0.00    0.00  100.00
18:35:50      20    0.00    0.00    0.00    0.00    0.00    0.00    0.00    0.00  100.00
18:35:50      21    0.00    0.00    0.00    0.00    0.00    0.00    0.00    0.00  100.00
18:35:50      22    0.00    0.00    0.00    0.00    0.00    0.00    0.00    0.00  100.00
18:35:50      23    0.00    0.00    0.00    0.00    0.00    0.00    0.00    0.00  100.00
18:35:50      24    0.00    0.00    0.00    0.00    0.00    0.00    0.00    0.00  100.00
18:35:50      25    0.00    0.00    0.00    0.00    0.00    0.00    0.00    0.00  100.00
18:35:50      26    0.00    0.00    0.00    0.00    0.00    0.00    0.00    0.00  100.00
18:35:50      27    0.00    0.00    0.00    0.00    0.00    0.00    0.00    0.00  100.00
18:35:50      28    0.00    0.00    0.00    0.00    0.00    0.00    0.00    0.00  100.00
18:35:50      29    0.00    0.00    0.00    0.00    0.00    0.00    0.00    0.00  100.00
18:35:50      30    0.00    0.00    0.00    0.00    0.00    0.00    0.00    0.00  100.00
18:35:50      31    0.00    0.00    0.00    0.00    0.00    0.00    0.00    0.00  100.00

18:35:50     CPU    %usr   %nice    %sys %iowait    %irq   %soft  %steal  %guest   %idle
18:35:51     all    3.13    0.00    0.09    0.00    0.00    0.00    0.00    0.00   96.78
18:35:51       0    0.00    0.00    1.02    0.00    0.00    0.00    0.00    0.00   98.98
18:35:51       1    0.00    0.00    0.00    0.00    0.00    0.00    0.00    0.00  100.00
18:35:51       2    0.00    0.00    0.00    0.00    0.00    0.00    0.00    0.00  100.00
18:35:51       3    0.00    0.00    0.00    0.00    0.00    0.00    0.00    0.00  100.00
18:35:51       4    0.00    0.00    0.00    0.00    0.00    0.00    0.00    0.00  100.00
18:35:51       5    0.00    0.00    0.00    0.00    0.00    0.00    0.00    0.00  100.00
18:35:51       6    0.00    0.00    0.00    0.00    0.00    0.00    0.00    0.00  100.00
18:35:51       7    0.00    0.00    0.00    0.00    0.00    0.00    0.00    0.00  100.00
18:35:51       8  100.00    0.00    0.00    0.00    0.00    0.00    0.00    0.00    0.00
18:35:51       9    0.00    0.00    0.00    0.00    0.00    0.00    0.00    0.00  100.00
18:35:51      10    0.00    0.00    0.00    0.00    0.00    0.00    0.00    0.00  100.00
18:35:51      11    0.00    0.00    0.00    0.00    0.00    0.00    0.00    0.00  100.00
18:35:51      12    0.00    0.00    0.00    0.00    0.00    0.00    0.00    0.00  100.00
18:35:51      13    0.00    0.00    0.00    0.00    0.00    0.00    0.00    0.00  100.00
18:35:51      14    0.00    0.00    0.00    0.00    0.00    0.00    0.00    0.00  100.00
18:35:51      15    0.00    0.00    0.00    0.00    0.00    0.00    0.00    0.00  100.00
18:35:51      16    0.00    0.00    1.01    0.00    0.00    0.00    0.00    0.00   98.99
18:35:51      17    0.00    0.00    0.00    0.00    0.00    0.00    0.00    0.00  100.00
18:35:51      18    0.00    0.00    0.00    0.00    0.00    0.00    0.00    0.00  100.00
18:35:51      19    0.00    0.00    0.00    0.00    0.00    0.00    0.00    0.00  100.00
18:35:51      20    0.00    0.00    0.00    0.00    0.00    0.00    0.00    0.00  100.00
18:35:51      21    0.00    0.00    0.00    0.00    0.00    0.00    0.00    0.00  100.00
18:35:51      22    0.00    0.00    0.00    0.00    0.00    0.00    0.00    0.00  100.00
18:35:51      23    0.00    0.00    0.00    0.00    0.00    0.00    0.00    0.00  100.00
18:35:51      24    0.00    0.00    0.00    0.00    0.00    0.00    0.00    0.00  100.00
18:35:51      25    0.00    0.00    0.00    0.00    0.00    0.00    0.00    0.00  100.00
18:35:51      26    0.00    0.00    0.00    0.00    0.00    0.00    0.00    0.00  100.00
18:35:51      27    0.00    0.00    0.00    0.00    0.00    0.00    0.00    0.00  100.00
18:35:51      28    0.00    0.00    0.00    0.00    0.00    0.00    0.00    0.00  100.00
18:35:51      29    0.00    0.00    0.00    0.00    0.00    0.00    0.00    0.00  100.00
18:35:51      30    0.00    0.00    0.00    0.00    0.00    0.00    0.00    0.00  100.00
18:35:51      31    0.00    0.00    0.00    0.00    0.00    0.00    0.00    0.00  100.00

18:35:51     CPU    %usr   %nice    %sys %iowait    %irq   %soft  %steal  %guest   %idle
18:35:52     all    3.13    0.00    0.06    0.59    0.00    0.00    0.00    0.00   96.21
18:35:52       0    0.00    0.00    1.02    0.00    0.00    0.00    0.00    0.00   98.98
18:35:52       1    0.00    0.00    0.00    0.00    0.00    0.00    0.00    0.00  100.00
18:35:52       2    0.00    0.00    0.00    0.00    0.00    0.00    0.00    0.00  100.00
18:35:52       3    0.00    0.00    0.00    0.00    0.00    0.00    0.00    0.00  100.00
18:35:52       4    0.00    0.00    0.00    0.00    0.00    0.00    0.00    0.00  100.00
18:35:52       5    0.00    0.00    0.00    0.00    0.00    0.00    0.00    0.00  100.00
18:35:52       6    0.00    0.00    0.00    0.00    0.00    0.00    0.00    0.00  100.00
18:35:52       7    0.00    0.00    0.00    0.00    0.00    0.00    0.00    0.00  100.00
18:35:52       8  100.00    0.00    0.00    0.00    0.00    0.00    0.00    0.00    0.00
18:35:52       9    0.00    0.00    0.00    0.00    0.00    0.00    0.00    0.00  100.00
18:35:52      10    0.00    0.00    0.00    0.00    0.00    0.00    0.00    0.00  100.00
18:35:52      11    0.00    0.00    0.00    0.00    0.00    0.00    0.00    0.00  100.00
18:35:52      12    0.00    0.00    0.00   19.00    0.00    0.00    0.00    0.00   81.00
18:35:52      13    0.00    0.00    0.00    0.00    0.00    0.00    0.00    0.00  100.00
18:35:52      14    0.00    0.00    0.00    0.00    0.00    0.00    0.00    0.00  100.00
18:35:52      15    0.00    0.00    0.00    0.00    0.00    0.00    0.00    0.00  100.00
18:35:52      16    0.00    0.00    1.02    0.00    0.00    0.00    0.00    0.00   98.98
18:35:52      17    0.00    0.00    0.00    0.00    0.00    0.00    0.00    0.00  100.00
18:35:52      18    0.00    0.00    0.00    0.00    0.00    0.00    0.00    0.00  100.00
18:35:52      19    0.00    0.00    0.00    0.00    0.00    0.00    0.00    0.00  100.00
18:35:52      20    0.00    0.00    0.00    0.00    0.00    0.00    0.00    0.00  100.00
18:35:52      21    0.00    0.00    0.00    0.00    0.00    0.00    0.00    0.00  100.00
18:35:52      22    0.00    0.00    0.00    0.00    0.00    0.00    0.00    0.00  100.00
18:35:52      23    0.00    0.00    0.00    0.00    0.00    0.00    0.00    0.00  100.00
18:35:52      24    0.00    0.00    0.00    0.00    0.00    0.00    0.00    0.00  100.00
18:35:52      25    0.00    0.00    0.00    0.00    0.00    0.00    0.00    0.00  100.00
18:35:52      26    0.00    0.00    0.00    0.00    0.00    0.00    0.00    0.00  100.00
18:35:52      27    0.00    0.00    0.00    0.00    0.00    0.00    0.00    0.00  100.00
18:35:52      28    0.00    0.00    0.00    0.00    0.00    0.00    0.00    0.00  100.00
18:35:52      29    0.00    0.00    0.00    0.00    0.00    0.00    0.00    0.00  100.00
18:35:52      30    0.00    0.00    0.00    0.00    0.00    0.00    0.00    0.00  100.00
18:35:52      31    0.00    0.00    0.00    0.00    0.00    0.00    0.00    0.00  100.00

18:35:52     CPU    %usr   %nice    %sys %iowait    %irq   %soft  %steal  %guest   %idle
18:35:53     all    3.13    0.00    0.09    0.00    0.00    0.00    0.00    0.00   96.78
18:35:53       0    0.00    0.00    1.02    0.00    0.00    0.00    0.00    0.00   98.98
18:35:53       1    0.00    0.00    0.00    0.00    0.00    0.00    0.00    0.00  100.00
18:35:53       2    0.00    0.00    0.00    0.00    0.00    0.00    0.00    0.00  100.00
18:35:53       3    0.00    0.00    0.00    0.00    0.00    0.00    0.00    0.00  100.00
18:35:53       4    0.00    0.00    0.00    0.00    0.00    0.00    0.00    0.00  100.00
18:35:53       5    0.00    0.00    0.00    0.00    0.00    0.00    0.00    0.00  100.00
18:35:53       6    0.00    0.00    0.00    0.00    0.00    0.00    0.00    0.00  100.00
18:35:53       7    0.00    0.00    0.00    0.00    0.00    0.00    0.00    0.00  100.00
18:35:53       8  100.00    0.00    0.00    0.00    0.00    0.00    0.00    0.00    0.00
18:35:53       9    0.00    0.00    0.00    0.00    0.00    0.00    0.00    0.00  100.00
18:35:53      10    0.00    0.00    0.00    0.00    0.00    0.00    0.00    0.00  100.00
18:35:53      11    0.00    0.00    0.00    0.00    0.00    0.00    0.00    0.00  100.00
18:35:53      12    0.00    0.00    0.00    0.00    0.00    0.00    0.00    0.00  100.00
18:35:53      13    0.00    0.00    0.00    0.00    0.00    0.00    0.00    0.00  100.00
18:35:53      14    0.00    0.00    0.00    0.00    0.00    0.00    0.00    0.00  100.00
18:35:53      15    0.00    0.00    0.00    0.00    0.00    0.00    0.00    0.00  100.00
18:35:53      16    0.00    0.00    2.02    0.00    0.00    0.00    0.00    0.00   97.98
18:35:53      17    0.00    0.00    0.00    0.00    0.00    0.00    0.00    0.00  100.00
18:35:53      18    0.00    0.00    0.00    0.00    0.00    0.00    0.00    0.00  100.00
18:35:53      19    0.00    0.00    0.00    0.00    0.00    0.00    0.00    0.00  100.00
18:35:53      20    0.00    0.00    0.00    0.00    0.00    0.00    0.00    0.00  100.00
18:35:53      21    0.00    0.00    0.00    0.00    0.00    0.00    0.00    0.00  100.00
18:35:53      22    0.00    0.00    0.00    0.00    0.00    0.00    0.00    0.00  100.00
18:35:53      23    0.00    0.00    0.00    0.00    0.00    0.00    0.00    0.00  100.00
18:35:53      24    0.00    0.00    0.00    0.00    0.00    0.00    0.00    0.00  100.00
18:35:53      25    0.00    0.00    0.00    0.00    0.00    0.00    0.00    0.00  100.00
18:35:53      26    0.00    0.00    0.00    0.00    0.00    0.00    0.00    0.00  100.00
18:35:53      27    0.00    0.00    0.00    0.00    0.00    0.00    0.00    0.00  100.00
18:35:53      28    0.00    0.00    0.00    0.00    0.00    0.00    0.00    0.00  100.00
18:35:53      29    0.00    0.00    0.00    0.00    0.00    0.00    0.00    0.00  100.00
18:35:53      30    0.00    0.00    0.00    0.00    0.00    0.00    0.00    0.00  100.00
18:35:53      31    0.00    0.00    0.00    0.00    0.00    0.00    0.00    0.00  100.00

18:35:53     CPU    %usr   %nice    %sys %iowait    %irq   %soft  %steal  %guest   %idle
18:35:54     all    3.13    0.00    0.06    0.00    0.00    0.00    0.00    0.00   96.81
18:35:54       0    0.00    0.00    1.02    0.00    0.00    0.00    0.00    0.00   98.98
18:35:54       1    0.00    0.00    0.00    0.00    0.00    0.00    0.00    0.00  100.00
18:35:54       2    0.00    0.00    0.00    0.00    0.00    0.00    0.00    0.00  100.00
18:35:54       3    0.00    0.00    0.00    0.00    0.00    0.00    0.00    0.00  100.00
18:35:54       4    0.00    0.00    0.00    0.00    0.00    0.00    0.00    0.00  100.00
18:35:54       5    0.00    0.00    0.00    0.00    0.00    0.00    0.00    0.00  100.00
18:35:54       6    0.00    0.00    0.00    0.00    0.00    0.00    0.00    0.00  100.00
18:35:54       7    0.00    0.00    0.00    0.00    0.00    0.00    0.00    0.00  100.00
18:35:54       8  100.00    0.00    0.00    0.00    0.00    0.00    0.00    0.00    0.00
18:35:54       9    0.00    0.00    0.00    0.00    0.00    0.00    0.00    0.00  100.00
18:35:54      10    0.00    0.00    0.00    0.00    0.00    0.00    0.00    0.00  100.00
18:35:54      11    0.00    0.00    0.00    0.00    0.00    0.00    0.00    0.00  100.00
18:35:54      12    0.00    0.00    0.00    0.00    0.00    0.00    0.00    0.00  100.00
18:35:54      13    0.00    0.00    0.00    0.00    0.00    0.00    0.00    0.00  100.00
18:35:54      14    0.00    0.00    0.00    0.00    0.00    0.00    0.00    0.00  100.00
18:35:54      15    0.00    0.00    0.00    0.00    0.00    0.00    0.00    0.00  100.00
18:35:54      16    0.00    0.00    0.00    0.00    0.00    0.00    0.00    0.00  100.00
18:35:54      17    0.00    0.00    0.00    0.00    0.00    0.00    0.00    0.00  100.00
18:35:54      18    0.00    0.00    0.00    0.00    0.00    0.00    0.00    0.00  100.00
18:35:54      19    0.00    0.00    0.00    0.00    0.00    0.00    0.00    0.00  100.00
18:35:54      20    0.00    0.00    0.00    0.00    0.00    0.00    0.00    0.00  100.00
18:35:54      21    0.00    0.00    0.00    0.00    0.00    0.00    0.00    0.00  100.00
18:35:54      22    0.00    0.00    0.00    0.00    0.00    0.00    0.00    0.00  100.00
18:35:54      23    0.00    0.00    0.00    0.00    0.00    0.00    0.00    0.00  100.00
18:35:54      24    0.00    0.00    0.00    0.00    0.00    0.00    0.00    0.00  100.00
18:35:54      25    0.00    0.00    0.00    0.00    0.00    0.00    0.00    0.00  100.00
18:35:54      26    0.00    0.00    0.00    0.00    0.00    0.00    0.00    0.00  100.00
18:35:54      27    0.00    0.00    0.00    0.00    0.00    0.00    0.00    0.00  100.00
18:35:54      28    0.00    0.00    0.00    0.00    0.00    0.00    0.00    0.00  100.00
18:35:54      29    0.00    0.00    0.00    0.00    0.00    0.00    0.00    0.00  100.00
18:35:54      30    0.00    0.00    0.00    0.00    0.00    0.00    0.00    0.00  100.00
18:35:54      31    0.00    0.00    0.00    0.00    0.00    0.00    0.00    0.00  100.00

18:35:54     CPU    %usr   %nice    %sys %iowait    %irq   %soft  %steal  %guest   %idle
18:35:55     all    3.13    0.00    0.09    0.00    0.00    0.00    0.00    0.00   96.78
18:35:55       0    0.00    0.00    1.02    0.00    0.00    0.00    0.00    0.00   98.98
18:35:55       1    0.00    0.00    0.00    0.00    0.00    0.00    0.00    0.00  100.00
18:35:55       2    0.00    0.00    0.00    0.00    0.00    0.00    0.00    0.00  100.00
18:35:55       3    0.00    0.00    0.00    0.00    0.00    0.00    0.00    0.00  100.00
18:35:55       4    0.00    0.00    0.00    0.00    0.00    0.00    0.00    0.00  100.00
18:35:55       5    0.00    0.00    0.00    0.00    0.00    0.00    0.00    0.00  100.00
18:35:55       6    0.00    0.00    0.00    0.00    0.00    0.00    0.00    0.00  100.00
18:35:55       7    0.00    0.00    0.00    0.00    0.00    0.00    0.00    0.00  100.00
18:35:55       8  100.00    0.00    0.00    0.00    0.00    0.00    0.00    0.00    0.00
18:35:55       9    0.00    0.00    0.00    0.00    0.00    0.00    0.00    0.00  100.00
18:35:55      10    0.00    0.00    0.00    0.00    0.00    0.00    0.00    0.00  100.00
18:35:55      11    0.00    0.00    0.00    0.00    0.00    0.00    0.00    0.00  100.00
18:35:55      12    0.00    0.00    0.00    0.00    0.00    0.00    0.00    0.00  100.00
18:35:55      13    0.00    0.00    0.00    0.00    0.00    0.00    0.00    0.00  100.00
18:35:55      14    0.00    0.00    0.00    0.00    0.00    0.00    0.00    0.00  100.00
18:35:55      15    0.00    0.00    0.00    0.00    0.00    0.00    0.00    0.00  100.00
18:35:55      16    0.00    0.00    2.00    0.00    0.00    0.00    0.00    0.00   98.00
18:35:55      17    0.00    0.00    0.00    0.00    0.00    0.00    0.00    0.00  100.00
18:35:55      18    0.00    0.00    0.00    0.00    0.00    0.00    0.00    0.00  100.00
18:35:55      19    0.00    0.00    0.00    0.00    0.00    0.00    0.00    0.00  100.00
18:35:55      20    0.00    0.00    0.00    0.00    0.00    0.00    0.00    0.00  100.00
18:35:55      21    0.00    0.00    0.00    0.00    0.00    0.00    0.00    0.00  100.00
18:35:55      22    0.00    0.00    0.00    0.00    0.00    0.00    0.00    0.00  100.00
18:35:55      23    0.00    0.00    0.00    0.00    0.00    0.00    0.00    0.00  100.00
18:35:55      24    0.00    0.00    0.00    0.00    0.00    0.00    0.00    0.00  100.00
18:35:55      25    0.00    0.00    0.00    0.00    0.00    0.00    0.00    0.00  100.00
18:35:55      26    0.00    0.00    0.00    0.00    0.00    0.00    0.00    0.00  100.00
18:35:55      27    0.00    0.00    0.00    0.00    0.00    0.00    0.00    0.00  100.00
18:35:55      28    0.00    0.00    0.00    0.00    0.00    0.00    0.00    0.00  100.00
18:35:55      29    0.00    0.00    0.00    0.00    0.00    0.00    0.00    0.00  100.00
18:35:55      30    0.00    0.00    0.00    0.00    0.00    0.00    0.00    0.00  100.00
18:35:55      31    0.00    0.00    0.00    0.00    0.00    0.00    0.00    0.00  100.00

18:35:55     CPU    %usr   %nice    %sys %iowait    %irq   %soft  %steal  %guest   %idle
18:35:56     all    3.13    0.00    0.06    0.00    0.00    0.00    0.00    0.00   96.81
18:35:56       0    0.00    0.00    1.01    0.00    0.00    0.00    0.00    0.00   98.99
18:35:56       1    0.00    0.00    0.00    0.00    0.00    0.00    0.00    0.00  100.00
18:35:56       2    0.00    0.00    0.00    0.00    0.00    0.00    0.00    0.00  100.00
18:35:56       3    0.00    0.00    0.00    0.00    0.00    0.00    0.00    0.00  100.00
18:35:56       4    0.00    0.00    0.00    0.00    0.00    0.00    0.00    0.00  100.00
18:35:56       5    0.00    0.00    0.00    0.00    0.00    0.00    0.00    0.00  100.00
18:35:56       6    0.00    0.00    0.00    0.00    0.00    0.00    0.00    0.00  100.00
18:35:56       7    0.00    0.00    0.00    0.00    0.00    0.00    0.00    0.00  100.00
18:35:56       8  100.00    0.00    0.00    0.00    0.00    0.00    0.00    0.00    0.00
18:35:56       9    0.00    0.00    0.00    0.00    0.00    0.00    0.00    0.00  100.00
18:35:56      10    0.00    0.00    0.00    0.00    0.00    0.00    0.00    0.00  100.00
18:35:56      11    0.00    0.00    0.00    0.00    0.00    0.00    0.00    0.00  100.00
18:35:56      12    0.00    0.00    0.00    0.00    0.00    0.00    0.00    0.00  100.00
18:35:56      13    0.00    0.00    0.00    0.00    0.00    0.00    0.00    0.00  100.00
18:35:56      14    0.00    0.00    0.00    0.00    0.00    0.00    0.00    0.00  100.00
18:35:56      15    0.00    0.00    0.00    0.00    0.00    0.00    0.00    0.00  100.00
18:35:56      16    0.00    0.00    1.02    0.00    0.00    0.00    0.00    0.00   98.98
18:35:56      17    0.00    0.00    0.00    0.00    0.00    0.00    0.00    0.00  100.00
18:35:56      18    0.00    0.00    0.00    0.00    0.00    0.00    0.00    0.00  100.00
18:35:56      19    0.00    0.00    0.00    0.00    0.00    0.00    0.00    0.00  100.00
18:35:56      20    0.00    0.00    0.00    0.00    0.00    0.00    0.00    0.00  100.00
18:35:56      21    0.00    0.00    0.00    0.00    0.00    0.00    0.00    0.00  100.00
18:35:56      22    0.00    0.00    0.00    0.00    0.00    0.00    0.00    0.00  100.00
18:35:56      23    0.00    0.00    0.00    0.00    0.00    0.00    0.00    0.00  100.00
18:35:56      24    0.00    0.00    0.00    0.00    0.00    0.00    0.00    0.00  100.00
18:35:56      25    0.00    0.00    0.00    0.00    0.00    0.00    0.00    0.00  100.00
18:35:56      26    0.00    0.00    0.00    0.00    0.00    0.00    0.00    0.00  100.00
18:35:56      27    0.00    0.00    0.00    0.00    0.00    0.00    0.00    0.00  100.00
18:35:56      28    0.00    0.00    0.00    0.00    0.00    0.00    0.00    0.00  100.00
18:35:56      29    0.00    0.00    0.00    0.00    0.00    0.00    0.00    0.00  100.00
18:35:56      30    0.00    0.00    0.00    0.00    0.00    0.00    0.00    0.00  100.00
18:35:56      31    0.00    0.00    0.00    0.00    0.00    0.00    0.00    0.00  100.00

18:35:56     CPU    %usr   %nice    %sys %iowait    %irq   %soft  %steal  %guest   %idle
18:35:57     all    3.13    0.00    0.09    0.00    0.00    0.00    0.00    0.00   96.78
18:35:57       0    0.00    0.00    1.02    0.00    0.00    0.00    0.00    0.00   98.98
18:35:57       1    0.00    0.00    0.00    0.00    0.00    0.00    0.00    0.00  100.00
18:35:57       2    0.00    0.00    0.00    0.00    0.00    0.00    0.00    0.00  100.00
18:35:57       3    0.00    0.00    0.00    0.00    0.00    0.00    0.00    0.00  100.00
18:35:57       4    0.00    0.00    0.00    0.00    0.00    0.00    0.00    0.00  100.00
18:35:57       5    0.00    0.00    0.00    0.00    0.00    0.00    0.00    0.00  100.00
18:35:57       6    0.00    0.00    0.00    0.00    0.00    0.00    0.00    0.00  100.00
18:35:57       7    0.00    0.00    0.00    0.00    0.00    0.00    0.00    0.00  100.00
18:35:57       8  100.00    0.00    0.00    0.00    0.00    0.00    0.00    0.00    0.00
18:35:57       9    0.00    0.00    0.00    0.00    0.00    0.00    0.00    0.00  100.00
18:35:57      10    0.00    0.00    0.00    0.00    0.00    0.00    0.00    0.00  100.00
18:35:57      11    0.00    0.00    0.00    0.00    0.00    0.00    0.00    0.00  100.00
18:35:57      12    0.00    0.00    0.00    0.00    0.00    0.00    0.00    0.00  100.00
18:35:57      13    0.00    0.00    0.00    0.00    0.00    0.00    0.00    0.00  100.00
18:35:57      14    0.00    0.00    0.00    0.00    0.00    0.00    0.00    0.00  100.00
18:35:57      15    0.00    0.00    0.00    0.00    0.00    0.00    0.00    0.00  100.00
18:35:57      16    0.00    0.00    1.02    0.00    0.00    0.00    0.00    0.00   98.98
18:35:57      17    0.00    0.00    0.00    0.00    0.00    0.00    0.00    0.00  100.00
18:35:57      18    0.00    0.00    0.00    0.00    0.00    0.00    0.00    0.00  100.00
18:35:57      19    0.00    0.00    0.00    0.00    0.00    0.00    0.00    0.00  100.00
18:35:57      20    0.00    0.00    0.00    0.00    0.00    0.00    0.00    0.00  100.00
18:35:57      21    0.00    0.00    0.00    0.00    0.00    0.00    0.00    0.00  100.00
18:35:57      22    0.00    0.00    0.00    0.00    0.00    0.00    0.00    0.00  100.00
18:35:57      23    0.00    0.00    0.00    0.00    0.00    0.00    0.00    0.00  100.00
18:35:57      24    0.00    0.00    0.00    0.00    0.00    0.00    0.00    0.00  100.00
18:35:57      25    0.00    0.00    0.00    0.00    0.00    0.00    0.00    0.00  100.00
18:35:57      26    0.00    0.00    0.00    0.00    0.00    0.00    0.00    0.00  100.00
18:35:57      27    0.00    0.00    0.00    0.00    0.00    0.00    0.00    0.00  100.00
18:35:57      28    0.00    0.00    0.00    0.00    0.00    0.00    0.00    0.00  100.00
18:35:57      29    0.00    0.00    0.00    0.00    0.00    0.00    0.00    0.00  100.00
18:35:57      30    0.00    0.00    0.00    0.00    0.00    0.00    0.00    0.00  100.00
18:35:57      31    0.00    0.00    0.00    0.00    0.00    0.00    0.00    0.00  100.00

18:35:57     CPU    %usr   %nice    %sys %iowait    %irq   %soft  %steal  %guest   %idle
18:35:58     all    3.13    0.00    0.06    0.59    0.00    0.00    0.00    0.00   96.21
18:35:58       0    0.00    0.00    1.02    0.00    0.00    0.00    0.00    0.00   98.98
18:35:58       1    0.00    0.00    0.00    0.00    0.00    0.00    0.00    0.00  100.00
18:35:58       2    0.00    0.00    0.00    0.00    0.00    0.00    0.00    0.00  100.00
18:35:58       3    0.00    0.00    0.00    0.00    0.00    0.00    0.00    0.00  100.00
18:35:58       4    0.00    0.00    0.00    0.00    0.00    0.00    0.00    0.00  100.00
18:35:58       5    0.00    0.00    0.00    0.00    0.00    0.00    0.00    0.00  100.00
18:35:58       6    0.00    0.00    0.99    0.00    0.00    0.00    0.00    0.00   99.01
18:35:58       7    0.00    0.00    0.00    0.00    0.00    0.00    0.00    0.00  100.00
18:35:58       8  100.00    0.00    0.00    0.00    0.00    0.00    0.00    0.00    0.00
18:35:58       9    0.00    0.00    0.00    0.00    0.00    0.00    0.00    0.00  100.00
18:35:58      10    0.00    0.00    0.00    0.00    0.00    0.00    0.00    0.00  100.00
18:35:58      11    0.00    0.00    0.00    0.00    0.00    0.00    0.00    0.00  100.00
18:35:58      12    0.00    0.00    0.00   19.80    0.00    0.00    0.00    0.00   80.20
18:35:58      13    0.00    0.00    0.00    0.00    0.00    0.00    0.00    0.00  100.00
18:35:58      14    0.00    0.00    0.00    0.00    0.00    0.00    0.00    0.00  100.00
18:35:58      15    0.00    0.00    0.00    0.00    0.00    0.00    0.00    0.00  100.00
18:35:58      16    0.00    0.00    1.02    0.00    0.00    0.00    0.00    0.00   98.98
18:35:58      17    0.00    0.00    0.00    0.00    0.00    0.00    0.00    0.00  100.00
18:35:58      18    0.00    0.00    0.00    0.00    0.00    0.00    0.00    0.00  100.00
18:35:58      19    0.00    0.00    0.00    0.00    0.00    0.00    0.00    0.00  100.00
18:35:58      20    0.00    0.00    0.00    0.00    0.00    0.00    0.00    0.00  100.00
18:35:58      21    0.00    0.00    0.00    0.00    0.00    0.00    0.00    0.00  100.00
18:35:58      22    0.00    0.00    0.00    0.00    0.00    0.00    0.00    0.00  100.00
18:35:58      23    0.00    0.00    0.00    0.00    0.00    0.00    0.00    0.00  100.00
18:35:58      24    0.00    0.00    0.00    0.00    0.00    0.00    0.00    0.00  100.00
18:35:58      25    0.00    0.00    0.00    0.00    0.00    0.00    0.00    0.00  100.00
18:35:58      26    0.00    0.00    0.00    0.00    0.00    0.00    0.00    0.00  100.00
18:35:58      27    0.00    0.00    0.00    0.00    0.00    0.00    0.00    0.00  100.00
18:35:58      28    0.00    0.00    0.00    0.00    0.00    0.00    0.00    0.00  100.00
18:35:58      29    0.00    0.00    0.00    0.00    0.00    0.00    0.00    0.00  100.00
18:35:58      30    0.00    0.00    0.00    0.00    0.00    0.00    0.00    0.00  100.00
18:35:58      31    0.00    0.00    0.00    0.00    0.00    0.00    0.00    0.00  100.00

18:35:58     CPU    %usr   %nice    %sys %iowait    %irq   %soft  %steal  %guest   %idle
18:35:59     all    3.16    0.00    0.06    0.00    0.00    0.00    0.00    0.00   96.78
18:35:59       0    0.00    0.00    1.02    0.00    0.00    0.00    0.00    0.00   98.98
18:35:59       1    0.00    0.00    0.99    0.00    0.00    0.00    0.00    0.00   99.01
18:35:59       2    0.00    0.00    0.00    0.00    0.00    0.00    0.00    0.00  100.00
18:35:59       3    0.00    0.00    0.00    0.00    0.00    0.00    0.00    0.00  100.00
18:35:59       4    0.00    0.00    0.00    0.00    0.00    0.00    0.00    0.00  100.00
18:35:59       5    0.00    0.00    0.00    0.00    0.00    0.00    0.00    0.00  100.00
18:35:59       6    0.00    0.00    0.00    0.00    0.00    0.00    0.00    0.00  100.00
18:35:59       7    0.00    0.00    0.00    0.00    0.00    0.00    0.00    0.00  100.00
18:35:59       8  100.00    0.00    0.00    0.00    0.00    0.00    0.00    0.00    0.00
18:35:59       9    0.00    0.00    0.00    0.00    0.00    0.00    0.00    0.00  100.00
18:35:59      10    0.00    0.00    0.00    0.00    0.00    0.00    0.00    0.00  100.00
18:35:59      11    0.00    0.00    0.00    0.00    0.00    0.00    0.00    0.00  100.00
18:35:59      12    0.00    0.00    0.00    0.00    0.00    0.00    0.00    0.00  100.00
18:35:59      13    0.00    0.00    0.00    0.00    0.00    0.00    0.00    0.00  100.00
18:35:59      14    0.00    0.00    0.00    0.00    0.00    0.00    0.00    0.00  100.00
18:35:59      15    0.00    0.00    0.00    0.00    0.00    0.00    0.00    0.00  100.00
18:35:59      16    0.00    0.00    0.00    0.00    0.00    0.00    0.00    0.00  100.00
18:35:59      17    0.00    0.00    0.00    0.00    0.00    0.00    0.00    0.00  100.00
18:35:59      18    0.00    0.00    0.99    0.00    0.00    0.00    0.00    0.00   99.01
18:35:59      19    0.00    0.00    0.00    0.00    0.00    0.00    0.00    0.00  100.00
18:35:59      20    0.00    0.00    0.00    0.00    0.00    0.00    0.00    0.00  100.00
18:35:59      21    0.00    0.00    0.00    0.00    0.00    0.00    0.00    0.00  100.00
18:35:59      22    0.00    0.00    0.00    0.00    0.00    0.00    0.00    0.00  100.00
18:35:59      23    0.00    0.00    0.00    0.00    0.00    0.00    0.00    0.00  100.00
18:35:59      24    0.00    0.00    0.00    0.00    0.00    0.00    0.00    0.00  100.00
18:35:59      25    0.00    0.00    0.00    0.00    0.00    0.00    0.00    0.00  100.00
18:35:59      26    0.00    0.00    0.00    0.00    0.00    0.00    0.00    0.00  100.00
18:35:59      27    0.00    0.00    0.00    0.00    0.00    0.00    0.00    0.00  100.00
18:35:59      28    0.00    0.00    0.00    0.00    0.00    0.00    0.00    0.00  100.00
18:35:59      29    0.00    0.00    0.00    0.00    0.00    0.00    0.00    0.00  100.00
18:35:59      30    0.00    0.00    0.00    0.00    0.00    0.00    0.00    0.00  100.00
18:35:59      31    0.00    0.00    0.00    0.00    0.00    0.00    0.00    0.00  100.00

18:35:59     CPU    %usr   %nice    %sys %iowait    %irq   %soft  %steal  %guest   %idle
18:36:00     all    3.13    0.00    0.09    0.00    0.00    0.00    0.00    0.00   96.78
18:36:00       0    0.00    0.00    0.00    0.00    0.00    0.00    0.00    0.00  100.00
18:36:00       1    0.00    0.00    1.00    0.00    0.00    0.00    0.00    0.00   99.00
18:36:00       2    0.00    0.00    0.00    0.00    0.00    0.00    0.00    0.00  100.00
18:36:00       3    0.00    0.00    0.00    0.00    0.00    0.00    0.00    0.00  100.00
18:36:00       4    0.00    0.00    0.00    0.00    0.00    0.00    0.00    0.00  100.00
18:36:00       5    0.00    0.00    0.00    0.00    0.00    0.00    0.00    0.00  100.00
18:36:00       6    0.00    0.00    0.00    0.00    0.00    0.00    0.00    0.00  100.00
18:36:00       7    0.00    0.00    0.00    0.00    0.00    0.00    0.00    0.00  100.00
18:36:00       8  100.00    0.00    0.00    0.00    0.00    0.00    0.00    0.00    0.00
18:36:00       9    0.00    0.00    0.00    0.00    0.00    0.00    0.00    0.00  100.00
18:36:00      10    0.00    0.00    0.00    0.00    0.00    0.00    0.00    0.00  100.00
18:36:00      11    0.00    0.00    0.00    0.00    0.00    0.00    0.00    0.00  100.00
18:36:00      12    0.00    0.00    0.00    0.00    0.00    0.99    0.00    0.00   99.01
18:36:00      13    0.00    0.00    0.00    0.00    0.00    0.00    0.00    0.00  100.00
18:36:00      14    0.00    0.00    0.00    0.00    0.00    0.00    0.00    0.00  100.00
18:36:00      15    0.00    0.00    0.00    0.00    0.00    0.00    0.00    0.00  100.00
18:36:00      16    0.00    0.00    1.01    0.00    0.00    0.00    0.00    0.00   98.99
18:36:00      17    0.00    0.00    0.00    0.00    0.00    0.00    0.00    0.00  100.00
18:36:00      18    0.00    0.00    0.00    0.00    0.00    0.00    0.00    0.00  100.00
18:36:00      19    0.00    0.00    0.00    0.00    0.00    0.00    0.00    0.00  100.00
18:36:00      20    0.00    0.00    0.00    0.00    0.00    0.00    0.00    0.00  100.00
18:36:00      21    0.00    0.00    0.00    0.00    0.00    0.00    0.00    0.00  100.00
18:36:00      22    0.00    0.00    0.00    0.00    0.00    0.00    0.00    0.00  100.00
18:36:00      23    0.00    0.00    0.00    0.00    0.00    0.00    0.00    0.00  100.00
18:36:00      24    0.00    0.00    0.00    0.00    0.00    0.00    0.00    0.00  100.00
18:36:00      25    0.00    0.00    0.00    0.00    0.00    0.00    0.00    0.00  100.00
18:36:00      26    0.00    0.00    0.00    0.00    0.00    0.00    0.00    0.00  100.00
18:36:00      27    0.00    0.00    0.00    0.00    0.00    0.00    0.00    0.00  100.00
18:36:00      28    0.00    0.00    0.00    0.00    0.00    0.00    0.00    0.00  100.00
18:36:00      29    0.00    0.00    0.00    0.00    0.00    0.00    0.00    0.00  100.00
18:36:00      30    0.00    0.00    0.00    0.00    0.00    0.00    0.00    0.00  100.00
18:36:00      31    0.00    0.00    0.00    0.00    0.00    0.00    0.00    0.00  100.00

18:36:00     CPU    %usr   %nice    %sys %iowait    %irq   %soft  %steal  %guest   %idle
18:36:01     all    3.13    0.00    0.06    0.00    0.00    0.00    0.00    0.00   96.81
18:36:01       0    0.00    0.00    0.00    0.00    0.00    0.00    0.00    0.00  100.00
18:36:01       1    0.00    0.00    1.00    0.00    0.00    0.00    0.00    0.00   99.00
18:36:01       2    0.00    0.00    0.00    0.00    0.00    0.00    0.00    0.00  100.00
18:36:01       3    0.00    0.00    0.00    0.00    0.00    0.00    0.00    0.00  100.00
18:36:01       4    0.00    0.00    0.00    0.00    0.00    0.00    0.00    0.00  100.00
18:36:01       5    0.00    0.00    0.00    0.00    0.00    0.00    0.00    0.00  100.00
18:36:01       6    0.00    0.00    0.00    0.00    0.00    0.00    0.00    0.00  100.00
18:36:01       7    0.00    0.00    0.00    0.00    0.00    0.00    0.00    0.00  100.00
18:36:01       8  100.00    0.00    0.00    0.00    0.00    0.00    0.00    0.00    0.00
18:36:01       9    0.00    0.00    0.00    0.00    0.00    0.00    0.00    0.00  100.00
18:36:01      10    0.00    0.00    0.00    0.00    0.00    0.00    0.00    0.00  100.00
18:36:01      11    0.00    0.00    0.00    0.00    0.00    0.00    0.00    0.00  100.00
18:36:01      12    0.00    0.00    0.00    0.00    0.00    0.00    0.00    0.00  100.00
18:36:01      13    0.00    0.00    0.00    0.00    0.00    0.00    0.00    0.00  100.00
18:36:01      14    0.00    0.00    0.00    0.00    0.00    0.00    0.00    0.00  100.00
18:36:01      15    0.00    0.00    0.00    0.00    0.00    0.00    0.00    0.00  100.00
18:36:01      16    0.00    0.00    1.02    0.00    0.00    0.00    0.00    0.00   98.98
18:36:01      17    0.00    0.00    0.00    0.00    0.00    0.00    0.00    0.00  100.00
18:36:01      18    0.00    0.00    0.00    0.00    0.00    0.00    0.00    0.00  100.00
18:36:01      19    0.00    0.00    0.00    0.00    0.00    0.00    0.00    0.00  100.00
18:36:01      20    0.00    0.00    0.00    0.00    0.00    0.00    0.00    0.00  100.00
18:36:01      21    0.00    0.00    0.00    0.00    0.00    0.00    0.00    0.00  100.00
18:36:01      22    0.00    0.00    0.00    0.00    0.00    0.00    0.00    0.00  100.00
18:36:01      23    0.00    0.00    0.00    0.00    0.00    0.00    0.00    0.00  100.00
18:36:01      24    0.00    0.00    0.00    0.00    0.00    0.00    0.00    0.00  100.00
18:36:01      25    0.00    0.00    0.00    0.00    0.00    0.00    0.00    0.00  100.00
18:36:01      26    0.00    0.00    0.00    0.00    0.00    0.00    0.00    0.00  100.00
18:36:01      27    0.00    0.00    0.00    0.00    0.00    0.00    0.00    0.00  100.00
18:36:01      28    0.00    0.00    0.00    0.00    0.00    0.00    0.00    0.00  100.00
18:36:01      29    0.00    0.00    0.00    0.00    0.00    0.00    0.00    0.00  100.00
18:36:01      30    0.00    0.00    0.00    0.00    0.00    0.00    0.00    0.00  100.00
18:36:01      31    0.00    0.00    0.00    0.00    0.00    0.00    0.00    0.00  100.00

18:36:01     CPU    %usr   %nice    %sys %iowait    %irq   %soft  %steal  %guest   %idle
18:36:02     all    3.13    0.00    0.06    0.00    0.00    0.03    0.00    0.00   96.78
18:36:02       0    0.00    0.00    0.00    0.00    0.00    0.00    0.00    0.00  100.00
18:36:02       1    0.00    0.00    1.01    0.00    0.00    0.00    0.00    0.00   98.99
18:36:02       2    0.00    0.00    0.00    0.00    0.00    0.00    0.00    0.00  100.00
18:36:02       3    0.00    0.00    0.00    0.00    0.00    0.00    0.00    0.00  100.00
18:36:02       4    0.00    0.00    0.00    0.00    0.00    0.00    0.00    0.00  100.00
18:36:02       5    0.00    0.00    0.00    0.00    0.00    0.00    0.00    0.00  100.00
18:36:02       6    0.00    0.00    0.00    0.00    0.00    0.00    0.00    0.00  100.00
18:36:02       7    0.00    0.00    0.00    0.00    0.00    0.00    0.00    0.00  100.00
18:36:02       8  100.00    0.00    0.00    0.00    0.00    0.00    0.00    0.00    0.00
18:36:02       9    0.00    0.00    0.00    0.00    0.00    0.00    0.00    0.00  100.00
18:36:02      10    0.00    0.00    0.00    0.00    0.00    0.00    0.00    0.00  100.00
18:36:02      11    0.00    0.00    0.00    0.00    0.00    0.00    0.00    0.00  100.00
18:36:02      12    0.00    0.00    0.00    0.00    0.00    0.00    0.00    0.00  100.00
18:36:02      13    0.00    0.00    0.00    0.00    0.00    0.00    0.00    0.00  100.00
18:36:02      14    0.00    0.00    0.00    0.00    0.00    0.00    0.00    0.00  100.00
18:36:02      15    0.00    0.00    0.00    0.00    0.00    0.00    0.00    0.00  100.00
18:36:02      16    0.00    0.00    1.02    0.00    0.00    0.00    0.00    0.00   98.98
18:36:02      17    0.00    0.00    0.00    0.00    0.00    0.00    0.00    0.00  100.00
18:36:02      18    1.00    0.00    0.00    0.00    0.00    0.00    0.00    0.00   99.00
18:36:02      19    0.00    0.00    0.00    0.00    0.00    0.00    0.00    0.00  100.00
18:36:02      20    0.00    0.00    0.00    0.00    0.00    0.00    0.00    0.00  100.00
18:36:02      21    0.00    0.00    0.00    0.00    0.00    0.00    0.00    0.00  100.00
18:36:02      22    0.00    0.00    0.00    0.00    0.00    0.00    0.00    0.00  100.00
18:36:02      23    0.00    0.00    0.00    0.00    0.00    0.00    0.00    0.00  100.00
18:36:02      24    0.00    0.00    0.00    0.00    0.00    0.00    0.00    0.00  100.00
18:36:02      25    0.00    0.00    0.00    0.00    0.00    0.00    0.00    0.00  100.00
18:36:02      26    0.00    0.00    0.00    0.00    0.00    0.00    0.00    0.00  100.00
18:36:02      27    0.00    0.00    0.00    0.00    0.00    0.00    0.00    0.00  100.00
18:36:02      28    0.00    0.00    0.00    0.00    0.00    0.00    0.00    0.00  100.00
18:36:02      29    0.00    0.00    0.00    0.00    0.00    0.00    0.00    0.00  100.00
18:36:02      30    0.00    0.00    0.00    0.00    0.00    0.00    0.00    0.00  100.00
18:36:02      31    0.00    0.00    0.00    0.00    0.00    0.00    0.00    0.00  100.00

18:36:02     CPU    %usr   %nice    %sys %iowait    %irq   %soft  %steal  %guest   %idle
18:36:03     all    3.13    0.00    0.03    0.00    0.00    0.00    0.00    0.00   96.84
18:36:03       0    0.00    0.00    1.02    0.00    0.00    0.00    0.00    0.00   98.98
18:36:03       1    0.00    0.00    0.00    0.00    0.00    0.00    0.00    0.00  100.00
18:36:03       2    0.00    0.00    0.00    0.00    0.00    0.00    0.00    0.00  100.00
18:36:03       3    0.00    0.00    0.00    0.00    0.00    0.00    0.00    0.00  100.00
18:36:03       4    0.00    0.00    0.00    0.00    0.00    0.00    0.00    0.00  100.00
18:36:03       5    0.00    0.00    0.00    0.00    0.00    0.00    0.00    0.00  100.00
18:36:03       6    0.00    0.00    0.00    0.00    0.00    0.00    0.00    0.00  100.00
18:36:03       7    0.00    0.00    0.00    0.00    0.00    0.00    0.00    0.00  100.00
18:36:03       8  100.00    0.00    0.00    0.00    0.00    0.00    0.00    0.00    0.00
18:36:03       9    0.00    0.00    0.00    0.00    0.00    0.00    0.00    0.00  100.00
18:36:03      10    0.00    0.00    0.00    0.00    0.00    0.00    0.00    0.00  100.00
18:36:03      11    0.00    0.00    0.00    0.00    0.00    0.00    0.00    0.00  100.00
18:36:03      12    0.00    0.00    0.00    0.00    0.00    0.00    0.00    0.00  100.00
18:36:03      13    0.00    0.00    0.00    0.00    0.00    0.00    0.00    0.00  100.00
18:36:03      14    0.00    0.00    0.00    0.00    0.00    0.00    0.00    0.00  100.00
18:36:03      15    0.00    0.00    0.00    0.00    0.00    0.00    0.00    0.00  100.00
18:36:03      16    0.00    0.00    0.00    0.00    0.00    0.00    0.00    0.00  100.00
18:36:03      17    0.00    0.00    0.00    0.00    0.00    0.00    0.00    0.00  100.00
18:36:03      18    0.00    0.00    0.00    0.00    0.00    0.00    0.00    0.00  100.00
18:36:03      19    0.00    0.00    0.00    0.00    0.00    0.00    0.00    0.00  100.00
18:36:03      20    0.00    0.00    0.00    0.00    0.00    0.00    0.00    0.00  100.00
18:36:03      21    0.00    0.00    0.00    0.00    0.00    0.00    0.00    0.00  100.00
18:36:03      22    0.00    0.00    0.00    0.00    0.00    0.00    0.00    0.00  100.00
18:36:03      23    0.00    0.00    0.00    0.00    0.00    0.00    0.00    0.00  100.00
18:36:03      24    0.00    0.00    0.00    0.00    0.00    0.00    0.00    0.00  100.00
18:36:03      25    0.00    0.00    0.00    0.00    0.00    0.00    0.00    0.00  100.00
18:36:03      26    0.00    0.00    0.00    0.00    0.00    0.00    0.00    0.00  100.00
18:36:03      27    0.00    0.00    0.00    0.00    0.00    0.00    0.00    0.00  100.00
18:36:03      28    0.00    0.00    0.00    0.00    0.00    0.00    0.00    0.00  100.00
18:36:03      29    0.00    0.00    0.00    0.00    0.00    0.00    0.00    0.00  100.00
18:36:03      30    0.00    0.00    0.00    0.00    0.00    0.00    0.00    0.00  100.00
18:36:03      31    0.00    0.00    0.00    0.00    0.00    0.00    0.00    0.00  100.00

18:36:03     CPU    %usr   %nice    %sys %iowait    %irq   %soft  %steal  %guest   %idle
18:36:04     all    3.13    0.00    0.06    0.59    0.00    0.00    0.00    0.00   96.21
18:36:04       0    0.00    0.00    1.02    0.00    0.00    0.00    0.00    0.00   98.98
18:36:04       1    0.00    0.00    0.00    0.00    0.00    0.00    0.00    0.00  100.00
18:36:04       2    0.00    0.00    0.00    0.00    0.00    0.00    0.00    0.00  100.00
18:36:04       3    0.00    0.00    0.00    0.00    0.00    0.00    0.00    0.00  100.00
18:36:04       4    0.00    0.00    0.00    0.00    0.00    0.00    0.00    0.00  100.00
18:36:04       5    0.00    0.00    0.99    0.00    0.00    0.00    0.00    0.00   99.01
18:36:04       6    0.00    0.00    0.00    0.00    0.00    0.00    0.00    0.00  100.00
18:36:04       7    0.00    0.00    0.00    0.00    0.00    0.00    0.00    0.00  100.00
18:36:04       8  100.00    0.00    0.00    0.00    0.00    0.00    0.00    0.00    0.00
18:36:04       9    0.00    0.00    0.00    0.00    0.00    0.00    0.00    0.00  100.00
18:36:04      10    0.00    0.00    0.00    0.00    0.00    0.00    0.00    0.00  100.00
18:36:04      11    0.00    0.00    0.00    0.00    0.00    0.00    0.00    0.00  100.00
18:36:04      12    0.00    0.00    0.00   19.19    0.00    0.00    0.00    0.00   80.81
18:36:04      13    0.00    0.00    0.00    0.00    0.00    0.00    0.00    0.00  100.00
18:36:04      14    0.00    0.00    0.00    0.00    0.00    0.00    0.00    0.00  100.00
18:36:04      15    0.00    0.00    0.00    0.00    0.00    0.00    0.00    0.00  100.00
18:36:04      16    0.00    0.00    1.01    0.00    0.00    0.00    0.00    0.00   98.99
18:36:04      17    0.00    0.00    0.00    0.00    0.00    0.00    0.00    0.00  100.00
18:36:04      18    0.00    0.00    0.00    0.00    0.00    0.00    0.00    0.00  100.00
18:36:04      19    0.00    0.00    0.00    0.00    0.00    0.00    0.00    0.00  100.00
18:36:04      20    0.00    0.00    0.00    0.00    0.00    0.00    0.00    0.00  100.00
18:36:04      21    0.00    0.00    0.00    0.00    0.00    0.00    0.00    0.00  100.00
18:36:04      22    0.00    0.00    0.00    0.00    0.00    0.00    0.00    0.00  100.00
18:36:04      23    0.00    0.00    0.00    0.00    0.00    0.00    0.00    0.00  100.00
18:36:04      24    0.00    0.00    0.00    0.00    0.00    0.00    0.00    0.00  100.00
18:36:04      25    0.00    0.00    0.00    0.00    0.00    0.00    0.00    0.00  100.00
18:36:04      26    0.00    0.00    0.00    0.00    0.00    0.00    0.00    0.00  100.00
18:36:04      27    0.00    0.00    0.00    0.00    0.00    0.00    0.00    0.00  100.00
18:36:04      28    0.00    0.00    0.00    0.00    0.00    0.00    0.00    0.00  100.00
18:36:04      29    0.00    0.00    0.00    0.00    0.00    0.00    0.00    0.00  100.00
18:36:04      30    0.00    0.00    0.00    0.00    0.00    0.00    0.00    0.00  100.00
18:36:04      31    0.00    0.00    0.00    0.00    0.00    0.00    0.00    0.00  100.00

18:36:04     CPU    %usr   %nice    %sys %iowait    %irq   %soft  %steal  %guest   %idle
18:36:05     all    3.13    0.00    0.09    0.00    0.00    0.00    0.00    0.00   96.78
18:36:05       0    0.00    0.00    1.02    0.00    0.00    0.00    0.00    0.00   98.98
18:36:05       1    0.00    0.00    0.00    0.00    0.00    0.00    0.00    0.00  100.00
18:36:05       2    0.00    0.00    0.99    0.00    0.00    0.00    0.00    0.00   99.01
18:36:05       3    0.00    0.00    0.00    0.00    0.00    0.00    0.00    0.00  100.00
18:36:05       4    0.00    0.00    0.00    0.00    0.00    0.00    0.00    0.00  100.00
18:36:05       5    0.00    0.00    0.00    0.00    0.00    0.00    0.00    0.00  100.00
18:36:05       6    0.00    0.00    0.00    0.00    0.00    0.00    0.00    0.00  100.00
18:36:05       7    0.00    0.00    0.00    0.00    0.00    0.00    0.00    0.00  100.00
18:36:05       8  100.00    0.00    0.00    0.00    0.00    0.00    0.00    0.00    0.00
18:36:05       9    0.00    0.00    0.00    0.00    0.00    0.00    0.00    0.00  100.00
18:36:05      10    0.00    0.00    0.00    0.00    0.00    0.00    0.00    0.00  100.00
18:36:05      11    0.00    0.00    0.00    0.00    0.00    0.00    0.00    0.00  100.00
18:36:05      12    0.00    0.00    0.00    0.00    0.00    0.00    0.00    0.00  100.00
18:36:05      13    0.00    0.00    0.00    0.00    0.00    0.00    0.00    0.00  100.00
18:36:05      14    0.00    0.00    0.00    0.00    0.00    0.00    0.00    0.00  100.00
18:36:05      15    0.00    0.00    0.00    0.00    0.00    0.00    0.00    0.00  100.00
18:36:05      16    0.00    0.00    0.00    0.00    0.00    0.00    0.00    0.00  100.00
18:36:05      17    0.00    0.00    0.00    0.00    0.00    0.00    0.00    0.00  100.00
18:36:05      18    0.00    0.00    0.00    0.00    0.00    0.00    0.00    0.00  100.00
18:36:05      19    0.00    0.00    0.00    0.00    0.00    0.00    0.00    0.00  100.00
18:36:05      20    0.00    0.00    0.00    0.00    0.00    0.00    0.00    0.00  100.00
18:36:05      21    0.00    0.00    0.00    0.00    0.00    0.00    0.00    0.00  100.00
18:36:05      22    0.00    0.00    0.00    0.00    0.00    0.00    0.00    0.00  100.00
18:36:05      23    0.00    0.00    0.00    0.00    0.00    0.00    0.00    0.00  100.00
18:36:05      24    0.00    0.00    0.00    0.00    0.00    0.00    0.00    0.00  100.00
18:36:05      25    0.00    0.00    0.00    0.00    0.00    0.00    0.00    0.00  100.00
18:36:05      26    0.00    0.00    0.00    0.00    0.00    0.00    0.00    0.00  100.00
18:36:05      27    0.00    0.00    0.00    0.00    0.00    0.00    0.00    0.00  100.00
18:36:05      28    0.00    0.00    0.00    0.00    0.00    0.00    0.00    0.00  100.00
18:36:05      29    0.00    0.00    0.00    0.00    0.00    0.00    0.00    0.00  100.00
18:36:05      30    0.00    0.00    0.00    0.00    0.00    0.00    0.00    0.00  100.00
18:36:05      31    0.00    0.00    0.00    0.00    0.00    0.00    0.00    0.00  100.00

18:36:05     CPU    %usr   %nice    %sys %iowait    %irq   %soft  %steal  %guest   %idle
18:36:06     all    3.13    0.00    0.06    0.00    0.00    0.00    0.00    0.00   96.81
18:36:06       0    0.00    0.00    1.02    0.00    0.00    0.00    0.00    0.00   98.98
18:36:06       1    0.00    0.00    0.00    0.00    0.00    0.00    0.00    0.00  100.00
18:36:06       2    0.00    0.00    0.00    0.00    0.00    0.00    0.00    0.00  100.00
18:36:06       3    0.00    0.00    0.00    0.00    0.00    0.00    0.00    0.00  100.00
18:36:06       4    0.00    0.00    0.00    0.00    0.00    0.00    0.00    0.00  100.00
18:36:06       5    0.00    0.00    0.00    0.00    0.00    0.00    0.00    0.00  100.00
18:36:06       6    0.00    0.00    0.99    0.00    0.00    0.00    0.00    0.00   99.01
18:36:06       7    0.00    0.00    0.00    0.00    0.00    0.00    0.00    0.00  100.00
18:36:06       8  100.00    0.00    0.00    0.00    0.00    0.00    0.00    0.00    0.00
18:36:06       9    0.00    0.00    0.00    0.00    0.00    0.00    0.00    0.00  100.00
18:36:06      10    0.00    0.00    0.00    0.00    0.00    0.00    0.00    0.00  100.00
18:36:06      11    0.00    0.00    0.00    0.00    0.00    0.00    0.00    0.00  100.00
18:36:06      12    0.00    0.00    0.00    0.00    0.00    0.00    0.00    0.00  100.00
18:36:06      13    0.00    0.00    0.00    0.00    0.00    0.00    0.00    0.00  100.00
18:36:06      14    0.00    0.00    0.00    0.00    0.00    0.00    0.00    0.00  100.00
18:36:06      15    0.00    0.00    0.00    0.00    0.00    0.00    0.00    0.00  100.00
18:36:06      16    0.00    0.00    1.02    0.00    0.00    0.00    0.00    0.00   98.98
18:36:06      17    0.00    0.00    0.00    0.00    0.00    0.00    0.00    0.00  100.00
18:36:06      18    0.00    0.00    0.00    0.00    0.00    0.00    0.00    0.00  100.00
18:36:06      19    0.00    0.00    0.00    0.00    0.00    0.00    0.00    0.00  100.00
18:36:06      20    0.00    0.00    0.00    0.00    0.00    0.00    0.00    0.00  100.00
18:36:06      21    0.00    0.00    0.00    0.00    0.00    0.00    0.00    0.00  100.00
18:36:06      22    0.00    0.00    0.00    0.00    0.00    0.00    0.00    0.00  100.00
18:36:06      23    0.00    0.00    0.00    0.00    0.00    0.00    0.00    0.00  100.00
18:36:06      24    0.00    0.00    0.00    0.00    0.00    0.00    0.00    0.00  100.00
18:36:06      25    0.00    0.00    0.99    0.00    0.00    0.00    0.00    0.00   99.01
18:36:06      26    0.00    0.00    0.00    0.00    0.00    0.00    0.00    0.00  100.00
18:36:06      27    0.00    0.00    0.00    0.00    0.00    0.00    0.00    0.00  100.00
18:36:06      28    0.00    0.00    0.00    0.00    0.00    0.00    0.00    0.00  100.00
18:36:06      29    0.00    0.00    0.00    0.00    0.00    0.00    0.00    0.00  100.00
18:36:06      30    0.00    0.00    0.00    0.00    0.00    0.00    0.00    0.00  100.00
18:36:06      31    0.00    0.00    0.00    0.00    0.00    0.00    0.00    0.00  100.00

18:36:06     CPU    %usr   %nice    %sys %iowait    %irq   %soft  %steal  %guest   %idle
18:36:07     all    3.16    0.00    0.03    0.00    0.00    0.00    0.00    0.00   96.81
18:36:07       0    0.00    0.00    1.02    0.00    0.00    0.00    0.00    0.00   98.98
18:36:07       1    0.00    0.00    0.00    0.00    0.00    0.00    0.00    0.00  100.00
18:36:07       2    0.00    0.00    0.00    0.00    0.00    0.00    0.00    0.00  100.00
18:36:07       3    0.00    0.00    0.00    0.00    0.00    0.00    0.00    0.00  100.00
18:36:07       4    0.00    0.00    0.00    0.00    0.00    0.00    0.00    0.00  100.00
18:36:07       5    0.00    0.00    0.00    0.00    0.00    0.00    0.00    0.00  100.00
18:36:07       6    0.00    0.00    0.00    0.00    0.00    0.00    0.00    0.00  100.00
18:36:07       7    0.00    0.00    0.00    0.00    0.00    0.00    0.00    0.00  100.00
18:36:07       8  100.00    0.00    0.00    0.00    0.00    0.00    0.00    0.00    0.00
18:36:07       9    0.00    0.00    0.00    0.00    0.00    0.00    0.00    0.00  100.00
18:36:07      10    0.00    0.00    0.00    0.00    0.00    0.00    0.00    0.00  100.00
18:36:07      11    0.00    0.00    0.00    0.00    0.00    0.00    0.00    0.00  100.00
18:36:07      12    0.00    0.00    0.00    0.00    0.00    0.00    0.00    0.00  100.00
18:36:07      13    0.00    0.00    0.00    0.00    0.00    0.00    0.00    0.00  100.00
18:36:07      14    0.00    0.00    0.00    0.00    0.00    0.00    0.00    0.00  100.00
18:36:07      15    0.00    0.00    0.00    0.00    0.00    0.00    0.00    0.00  100.00
18:36:07      16    0.00    0.00    0.00    0.00    0.00    0.00    0.00    0.00  100.00
18:36:07      17    0.00    0.00    0.00    0.00    0.00    0.00    0.00    0.00  100.00
18:36:07      18    0.00    0.00    0.00    0.00    0.00    0.00    0.00    0.00  100.00
18:36:07      19    0.00    0.00    0.00    0.00    0.00    0.00    0.00    0.00  100.00
18:36:07      20    0.00    0.00    0.00    0.00    0.00    0.00    0.00    0.00  100.00
18:36:07      21    0.00    0.00    0.00    0.00    0.00    0.00    0.00    0.00  100.00
18:36:07      22    0.00    0.00    0.00    0.00    0.00    0.00    0.00    0.00  100.00
18:36:07      23    0.00    0.00    0.00    0.00    0.00    0.00    0.00    0.00  100.00
18:36:07      24    0.00    0.00    0.00    0.00    0.00    0.00    0.00    0.00  100.00
18:36:07      25    0.00    0.00    0.00    0.00    0.00    0.00    0.00    0.00  100.00
18:36:07      26    0.00    0.00    0.00    0.00    0.00    0.00    0.00    0.00  100.00
18:36:07      27    0.00    0.00    0.00    0.00    0.00    0.00    0.00    0.00  100.00
18:36:07      28    0.00    0.00    0.00    0.00    0.00    0.00    0.00    0.00  100.00
18:36:07      29    0.00    0.00    0.00    0.00    0.00    0.00    0.00    0.00  100.00
18:36:07      30    0.00    0.00    0.00    0.00    0.00    0.00    0.00    0.00  100.00
18:36:07      31    0.00    0.00    0.00    0.00    0.00    0.00    0.00    0.00  100.00

18:36:07     CPU    %usr   %nice    %sys %iowait    %irq   %soft  %steal  %guest   %idle
18:36:08     all    3.13    0.00    0.06    0.00    0.00    0.00    0.00    0.00   96.81
18:36:08       0    0.00    0.00    2.02    0.00    0.00    1.01    0.00    0.00   96.97
18:36:08       1    0.00    0.00    0.00    0.00    0.00    0.00    0.00    0.00  100.00
18:36:08       2    0.00    0.00    0.00    0.00    0.00    0.00    0.00    0.00  100.00
18:36:08       3    0.00    0.00    0.00    0.00    0.00    0.00    0.00    0.00  100.00
18:36:08       4    0.00    0.00    0.00    0.00    0.00    0.00    0.00    0.00  100.00
18:36:08       5    0.00    0.00    0.00    0.00    0.00    0.00    0.00    0.00  100.00
18:36:08       6    0.00    0.00    0.00    0.00    0.00    0.00    0.00    0.00  100.00
18:36:08       7    0.00    0.00    0.00    0.00    0.00    0.00    0.00    0.00  100.00
18:36:08       8  100.00    0.00    0.00    0.00    0.00    0.00    0.00    0.00    0.00
18:36:08       9    0.00    0.00    0.00    0.00    0.00    0.00    0.00    0.00  100.00
18:36:08      10    0.00    0.00    0.00    0.00    0.00    0.00    0.00    0.00  100.00
18:36:08      11    0.00    0.00    0.00    0.00    0.00    0.00    0.00    0.00  100.00
18:36:08      12    0.00    0.00    0.00    0.00    0.00    0.00    0.00    0.00  100.00
18:36:08      13    0.00    0.00    0.00    0.00    0.00    0.00    0.00    0.00  100.00
18:36:08      14    0.00    0.00    0.00    0.00    0.00    0.00    0.00    0.00  100.00
18:36:08      15    0.00    0.00    0.00    0.00    0.00    0.00    0.00    0.00  100.00
18:36:08      16    0.00    0.00    1.01    0.00    0.00    0.00    0.00    0.00   98.99
18:36:08      17    0.00    0.00    0.00    0.00    0.00    0.00    0.00    0.00  100.00
18:36:08      18    0.00    0.00    0.00    0.00    0.00    0.00    0.00    0.00  100.00
18:36:08      19    0.00    0.00    0.00    0.00    0.00    0.00    0.00    0.00  100.00
18:36:08      20    0.00    0.00    0.00    0.00    0.00    0.00    0.00    0.00  100.00
18:36:08      21    0.00    0.00    0.00    0.00    0.00    0.00    0.00    0.00  100.00
18:36:08      22    0.00    0.00    0.00    0.00    0.00    0.00    0.00    0.00  100.00
18:36:08      23    0.00    0.00    0.00    0.00    0.00    0.00    0.00    0.00  100.00
18:36:08      24    0.00    0.00    0.00    0.00    0.00    0.00    0.00    0.00  100.00
18:36:08      25    0.00    0.00    0.00    0.00    0.00    0.00    0.00    0.00  100.00
18:36:08      26    0.00    0.00    0.00    0.00    0.00    0.00    0.00    0.00  100.00
18:36:08      27    0.00    0.00    0.00    0.00    0.00    0.00    0.00    0.00  100.00
18:36:08      28    0.00    0.00    0.00    0.00    0.00    0.00    0.00    0.00  100.00
18:36:08      29    0.00    0.00    0.00    0.00    0.00    0.00    0.00    0.00  100.00
18:36:08      30    0.00    0.00    0.00    0.00    0.00    0.00    0.00    0.00  100.00
18:36:08      31    0.00    0.00    0.00    0.00    0.00    0.00    0.00    0.00  100.00

18:36:08     CPU    %usr   %nice    %sys %iowait    %irq   %soft  %steal  %guest   %idle
18:36:09     all    3.13    0.00    0.06    0.00    0.00    0.00    0.00    0.00   96.81
18:36:09       0    0.00    0.00    1.04    0.00    0.00    0.00    0.00    0.00   98.96
18:36:09       1    0.00    0.00    0.00    0.00    0.00    0.00    0.00    0.00  100.00
18:36:09       2    0.00    0.00    0.00    0.00    0.00    0.00    0.00    0.00  100.00
18:36:09       3    0.00    0.00    0.00    0.00    0.00    0.00    0.00    0.00  100.00
18:36:09       4    0.00    0.00    0.00    0.00    0.00    0.00    0.00    0.00  100.00
18:36:09       5    0.00    0.00    0.00    0.00    0.00    0.00    0.00    0.00  100.00
18:36:09       6    0.00    0.00    0.00    0.00    0.00    0.00    0.00    0.00  100.00
18:36:09       7    0.00    0.00    0.00    0.00    0.00    0.00    0.00    0.00  100.00
18:36:09       8  100.00    0.00    0.00    0.00    0.00    0.00    0.00    0.00    0.00
18:36:09       9    0.00    0.00    0.00    0.00    0.00    0.00    0.00    0.00  100.00
18:36:09      10    0.00    0.00    0.00    0.00    0.00    0.00    0.00    0.00  100.00
18:36:09      11    0.00    0.00    0.00    0.00    0.00    0.00    0.00    0.00  100.00
18:36:09      12    0.00    0.00    0.00    0.00    0.00    0.00    0.00    0.00  100.00
18:36:09      13    0.00    0.00    0.00    0.00    0.00    0.00    0.00    0.00  100.00
18:36:09      14    0.00    0.00    0.00    0.00    0.00    0.00    0.00    0.00  100.00
18:36:09      15    0.00    0.00    0.00    0.00    0.00    0.00    0.00    0.00  100.00
18:36:09      16    0.00    0.00    0.00    0.00    0.00    0.00    0.00    0.00  100.00
18:36:09      17    0.00    0.00    0.00    0.00    0.00    0.00    0.00    0.00  100.00
18:36:09      18    0.00    0.00    0.99    0.00    0.00    0.00    0.00    0.00   99.01
18:36:09      19    0.00    0.00    0.00    0.00    0.00    0.00    0.00    0.00  100.00
18:36:09      20    0.00    0.00    0.00    0.00    0.00    0.00    0.00    0.00  100.00
18:36:09      21    0.00    0.00    0.00    0.00    0.00    0.00    0.00    0.00  100.00
18:36:09      22    0.00    0.00    0.00    0.00    0.00    0.00    0.00    0.00  100.00
18:36:09      23    0.00    0.00    0.00    0.00    0.00    0.00    0.00    0.00  100.00
18:36:09      24    0.00    0.00    0.00    0.00    0.00    0.00    0.00    0.00  100.00
18:36:09      25    0.00    0.00    0.00    0.00    0.00    0.00    0.00    0.00  100.00
18:36:09      26    0.00    0.00    0.00    0.00    0.00    0.00    0.00    0.00  100.00
18:36:09      27    0.00    0.00    0.00    0.00    0.00    0.00    0.00    0.00  100.00
18:36:09      28    0.00    0.00    0.00    0.00    0.00    0.00    0.00    0.00  100.00
18:36:09      29    0.00    0.00    0.00    0.00    0.00    0.00    0.00    0.00  100.00
18:36:09      30    0.00    0.00    0.00    0.00    0.00    0.00    0.00    0.00  100.00
18:36:09      31    0.00    0.00    0.00    0.00    0.00    0.00    0.00    0.00  100.00
