procs -----------memory---------- ---swap-- -----io---- --system-- -----cpu-----
 r  b   swpd   free   buff  cache   si   so    bi    bo   in   cs us sy id wa st
 3  0  15744 64571376 207900 421888    0    0     0     1    0    0 30  1 69  0  0	
 1  0  15744 64149172 207900 421892    0    0     0     0 2182 2248  3  0 97  0  0	
 3  0  15744 64027984 207900 421908    0    0     0     0 2065 2251  3  0 97  0  0	
 1  0  15744 63915096 207900 421908    0    0     0     0 2040 2210  3  0 97  0  0	
 1  0  15744 63816740 207900 421916    0    0     0     0 2061 2244  3  0 97  0  0	
 2  0  15744 63816740 207900 421920    0    0     0    20 2047 2228  3  0 96  1  0	
 1  0  15744 63816864 207900 421920    0    0     0     0 2070 2256  3  0 97  0  0	
 1  0  15744 63817236 207900 421928    0    0     0     0 2078 2288  3  0 97  0  0	
 3  0  15744 63817344 207900 421928    0    0     0     0 2068 2252  3  0 97  0  0	
 1  0  15744 63817344 207900 421932    0    0     0     0 2032 2232  3  0 97  0  0	
 1  0  15744 63817344 207900 421932    0    0     0     0 2074 2255  3  0 97  0  0	
 2  0  15744 63817344 207900 421936    0    0     0     0 2027 2203  3  0 97  0  0	
 3  0  15744 63817600 207900 421940    0    0     0     0 2069 2270  3  0 97  0  0	
 1  0  15744 63817848 207900 421940    0    0     0     0 2045 2217  3  0 97  0  0	
 1  0  15744 63817848 207900 421944    0    0     0     0 2076 2250  3  0 97  0  0	
 2  0  15744 63817848 207900 421948    0    0     0     0 2045 2205  3  0 97  0  0	
 1  0  15744 63817848 207900 421952    0    0     0     0 2071 2260  3  0 97  0  0	
 1  0  15744 63817848 207900 421956    0    0     0     0 2026 2209  3  0 97  0  0	
 2  0  15744 63818096 207900 421960    0    0     0     0 2084 2262  3  0 97  0  0	
 1  0  15744 63818204 207900 421972    0    0     0     0 2069 2294  3  0 97  0  0	
 2  0  15744 63818204 207900 421972    0    0     0     0 2082 2257  3  0 97  0  0	
procs -----------memory---------- ---swap-- -----io---- --system-- -----cpu-----
 r  b   swpd   free   buff  cache   si   so    bi    bo   in   cs us sy id wa st
 2  0  15744 63818212 207900 421976    0    0     0     0 2032 2202  3  0 97  0  0	
 1  0  15744 63818088 207900 421976    0    0     0     0 2093 2268  3  0 97  0  0	
 1  0  15744 63818088 207900 421984    0    0     0     0 2046 2224  3  0 97  0  0	
 3  0  15744 63818212 207900 421984    0    0     0     0 2058 2252  3  0 97  0  0	
 1  0  15744 63818204 207900 421988    0    0     0     0 2039 2215  3  0 97  0  0	
 1  0  15744 63818220 207900 421988    0    0     0     0 2056 2240  3  0 97  0  0	
 2  0  15744 63818220 207900 421992    0    0     0    16 2043 2239  3  0 97  0  0	
 1  0  15744 63818220 207900 421992    0    0     0     0 2076 2258  3  0 97  0  0	
 1  0  15744 63818220 207900 421996    0    0     0     0 2032 2219  3  0 97  0  0	
 3  0  15744 63818344 207900 422000    0    0     0     0 2091 2269  3  0 97  0  0	
 1  0  15744 63818344 207900 422004    0    0     0     0 2049 2261  3  0 97  0  0	
 1  0  15744 63818344 207900 422004    0    0     0     0 2063 2263  3  0 97  0  0	
 2  0  15744 63818344 207900 422008    0    0     0     0 2083 2261  3  0 97  0  0	
 1  0  15744 63818344 207900 422012    0    0     0     0 2090 2259  3  0 97  0  0	
 1  0  15744 63818344 207900 422016    0    0     0     0 2033 2218  3  0 97  0  0	
 3  0  15744 63818304 207900 422020    0    0     0     0 2079 2272  3  0 97  0  0	
 2  0  15744 63818304 207900 422028    0    0     0     0 2040 2212  3  0 97  0  0	
 1  0  15744 63818304 207900 422028    0    0     0     0 2102 2267  3  0 97  0  0	
 1  0  15744 63818304 207900 422036    0    0     0     0 2031 2212  3  0 97  0  0	
 3  0  15744 63818304 207900 422036    0    0     0     0 2065 2250  3  0 97  0  0	
 1  0  15744 63818304 207900 422044    0    0     0     0 2025 2209  3  0 97  0  0	
procs -----------memory---------- ---swap-- -----io---- --system-- -----cpu-----
 r  b   swpd   free   buff  cache   si   so    bi    bo   in   cs us sy id wa st
 1  0  15744 63818304 207900 422044    0    0     0     0 2073 2262  3  0 97  0  0	
 2  0  15744 63818056 207900 422052    0    0     0     0 2076 2297  3  0 97  0  0	
 1  0  15744 63818064 207900 422052    0    0     0     0 2061 2268  3  0 97  0  0	
 1  0  15744 63818064 207900 422056    0    0     0     0 2033 2206  3  0 97  0  0	
 3  0  15744 63818064 207900 422060    0    0     0     0 2065 2253  3  0 97  0  0	
 1  0  15744 63817924 207900 422064    0    0     0     0 2043 2212  3  0 97  0  0	
 1  0  15744 63817924 207900 422064    0    0     0     0 2065 2261  3  0 97  0  0	
 2  0  15744 63817924 207900 422068    0    0     0     0 2032 2207  3  0 97  0  0	
 1  0  15744 63817924 207900 422072    0    0     0     0 2090 2265  3  0 97  0  0	
 1  0  15744 63817924 207900 422076    0    0     0     0 2032 2220  3  0 97  0  0	
 3  0  15744 63818056 207900 422076    0    0     0     0 2080 2267  3  0 97  0  0	
 1  0  15744 63818056 207900 422084    0    0     0     0 2039 2221  3  0 97  0  0	
 1  0  15744 63818056 207900 422088    0    0     0     0 2073 2257  3  0 97  0  0	
 2  0  15744 63818056 207900 422092    0    0     0     0 2071 2276  3  0 97  0  0	
 3  0  15744 63818056 207900 422092    0    0     0     0 2060 2252  3  0 97  0  0	
 1  0  15744 63818056 207900 422092    0    0     0     0 2031 2218  3  0 97  0  0	
 1  0  15744 63818056 207900 422104    0    0     0     0 2066 2261  3  0 97  0  0	
 2  0  15744 63818056 207900 422108    0    0     0     0 2032 2209  3  0 97  0  0	
 1  0  15744 63818056 207900 422108    0    0     0     0 2069 2253  3  0 97  0  0	
 1  0  15744 63818056 207900 422112    0    0     0     0 2052 2229  3  0 97  0  0	
 3  0  15744 63818056 207900 422116    0    0     0     4 2071 2265  3  0 97  0  0	
procs -----------memory---------- ---swap-- -----io---- --system-- -----cpu-----
 r  b   swpd   free   buff  cache   si   so    bi    bo   in   cs us sy id wa st
 1  0  15744 63818056 207900 422116    0    0     0     0 2059 2227  3  0 97  0  0	
 1  0  15744 63817924 207900 422120    0    0     0     0 2079 2270  3  0 97  0  0	
 2  0  15744 63817924 207900 422124    0    0     0     0 2030 2200  3  0 97  0  0	
 1  0  15744 63817932 207900 422128    0    0     0     0 2084 2270  3  0 97  0  0	
 1  0  15744 63817924 207900 422128    0    0     0     0 2069 2285  3  0 97  0  0	
 3  0  15744 63817924 207900 422132    0    0     0     0 2072 2255  3  0 97  0  0	
 1  0  15744 63817924 207900 422140    0    0     0     0 2057 2233  3  0 97  0  0	
 1  0  15744 63817924 207900 422140    0    0     0    16 2096 2284  3  0 96  1  0	
 2  0  15744 63817924 207900 422144    0    0     0     0 2023 2187  3  0 97  0  0	
 1  0  15744 63817800 207900 422148    0    0     0     0 2064 2257  3  0 97  0  0	
 1  0  15744 63817800 207900 422152    0    0     0     0 2040 2214  3  0 97  0  0	
 1  0  15744 63817800 207900 422152    0    0     0     0 2069 2269  3  0 97  0  0	
 2  0  15744 63817800 207900 422160    0    0     0     0 2052 2232  3  0 97  0  0	
 1  0  15744 63817800 207900 422160    0    0     0     0 2071 2270  3  0 97  0  0	
 1  0  15744 63817800 207900 422168    0    0     0     0 2048 2227  3  0 97  0  0	
 3  0  15744 63817800 207900 422168    0    0     0     0 2101 2286  3  0 97  0  0	
 1  0  15744 63817800 207900 422172    0    0     0     0 2054 2272  3  0 97  0  0	
 1  0  15744 63817800 207900 422176    0    0     0     0 2071 2257  3  0 97  0  0	
 2  0  15744 63817800 207900 422180    0    0     0     0 2025 2211  3  0 97  0  0	
 1  0  15744 63817800 207900 422180    0    0     0     0 2097 2274  3  0 97  0  0	
 1  0  15744 63817800 207900 422188    0    0     0     0 2066 2223  3  0 97  0  0	
procs -----------memory---------- ---swap-- -----io---- --system-- -----cpu-----
 r  b   swpd   free   buff  cache   si   so    bi    bo   in   cs us sy id wa st
 3  0  15744 63817800 207900 422188    0    0     0     0 2073 2266  3  0 97  0  0	
 1  0  15744 63817792 207900 422192    0    0     0     0 2028 2190  3  0 97  0  0	
 2  0  15744 63817800 207900 422192    0    0     0     0 2071 2252  3  0 97  0  0	
 2  0  15744 63817804 207900 422196    0    0     0    12 2038 2229  3  0 96  1  0	
 1  0  15744 63817804 207900 422200    0    0     0     0 2071 2259  3  0 97  0  0	
 1  0  15744 63817688 207900 422208    0    0     0     0 2041 2226  3  0 97  0  0	
 1  0  15744 63817688 207900 422212    0    0     0     0 2086 2273  3  0 97  0  0	
 2  0  15744 63817688 207900 422220    0    0     0     0 2060 2272  3  0 97  0  0	
 1  0  15744 63817688 207900 422220    0    0     0     0 2057 2254  3  0 97  0  0	
 1  0  15744 63817688 207900 422224    0    0     0     0 2034 2205  3  0 97  0  0	
 3  0  15744 63817688 207900 422224    0    0     0     0 2081 2273  3  0 97  0  0	
 1  0  15744 63817688 207900 422232    0    0     0     0 2037 2209  3  0 97  0  0	
 1  0  15744 63817688 207900 422236    0    0     0     0 2083 2269  3  0 97  0  0	
 2  0  15744 63817688 207900 422240    0    0     0     0 2033 2213  3  0 97  0  0	
 1  0  15744 63817688 207900 422240    0    0     0     0 2056 2237  3  0 97  0  0	
 1  0  15744 63817688 207900 422244    0    0     0     0 2056 2227  3  0 97  0  0	
 3  0  15744 63817688 207900 422248    0    0     0     0 2080 2265  3  0 97  0  0	
 1  0  15744 63817688 207900 422248    0    0     0     0 2026 2199  3  0 97  0  0	
 1  0  15744 63817688 207900 422252    0    0     0     8 2075 2255  3  0 97  0  0	
 2  0  15744 63817688 207900 422256    0    0     0     0 2124 2335  3  0 97  0  0	
 1  0  15744 63817696 207900 422260    0    0     0     0 2052 2249  3  0 97  0  0	
procs -----------memory---------- ---swap-- -----io---- --system-- -----cpu-----
 r  b   swpd   free   buff  cache   si   so    bi    bo   in   cs us sy id wa st
 1  0  15744 63817688 207900 422260    0    0     0     0 2040 2210  3  0 97  0  0	
 1  0  15744 63817688 207900 422264    0    0     0     0 2064 2257  3  0 97  0  0	
 2  0  15744 63817556 207900 422276    0    0     0     0 2046 2207  3  0 97  0  0	
 1  0  15744 63817556 207900 422276    0    0     0     0 2082 2263  3  0 97  0  0	
 1  0  15744 63817556 207900 422280    0    0     0     0 2023 2193  3  0 97  0  0	
 2  0  15744 63817300 207900 422280    0    0     0    44 2237 2341  3  0 96  0  0	
 1  0  15744 63816928 207900 422296    0    0     0     0 2020 2185  3  0 97  0  0	
 1  0  15744 63816804 207900 422296    0    0     0     0 2079 2266  3  0 97  0  0	
 2  0  15744 63816928 207900 422300    0    0     0     0 2027 2201  3  0 97  0  0	
 1  0  15744 63816936 207900 422300    0    0     0     0 2061 2243  3  0 97  0  0	
 1  0  15744 63817060 207900 422308    0    0     0     0 2074 2280  3  0 97  0  0	
 3  0  15744 63817092 207900 422312    0    0     0     0 2069 2252  3  0 97  0  0	
 1  0  15744 63817092 207900 422312    0    0     0     0 2028 2201  3  0 97  0  0	
 1  0  15744 63817216 207900 422316    0    0     0     0 2074 2251  3  0 97  0  0	
 2  0  15744 63817216 207900 422320    0    0     0     0 2045 2241  3  0 97  0  0	
 1  0  15744 63817216 207900 422320    0    0     0     0 2089 2279  3  0 97  0  0	
 1  0  15744 63817288 207900 422328    0    0     0     0 2047 2230  3  0 97  0  0	
 3  0  15744 63817280 207900 422328    0    0     0     0 2081 2279  3  0 97  0  0	
 1  0  15744 63817288 207900 422332    0    0     0     0 2093 2273  3  0 97  0  0	
 1  0  15744 63817428 207900 422332    0    0     0     0 2086 2292  3  0 97  0  0	
 1  0  15744 63817428 207900 422340    0    0     0     0 2034 2208  3  0 97  0  0	
procs -----------memory---------- ---swap-- -----io---- --system-- -----cpu-----
 r  b   swpd   free   buff  cache   si   so    bi    bo   in   cs us sy id wa st
 3  0  15744 63817428 207900 422344    0    0     0     0 2082 2259  3  0 97  0  0	
 1  0  15744 63817420 207900 422348    0    0     0     0 2068 2280  3  0 97  0  0	
 1  0  15744 63817420 207900 422348    0    0     0     0 2088 2259  3  0 97  0  0	
 2  0  15744 63817420 207900 422356    0    0     0     0 2043 2218  3  0 97  0  0	
 1  0  15744 63817420 207900 422356    0    0     0     0 2072 2249  3  0 97  0  0	
 1  0  15744 63817420 207900 422360    0    0     0     0 2022 2210  3  0 97  0  0	
 2  0  15744 63817424 207900 422360    0    0     0    16 2072 2263  3  0 96  1  0	
 1  0  15744 63817300 207900 422368    0    0     0     0 2036 2207  3  0 97  0  0	
 2  0  15744 63817300 207900 422372    0    0     0     0 2076 2259  3  0 97  0  0	
 1  0  15744 63817300 207900 422380    0    0     0     0 2035 2209  3  0 97  0  0	
 1  0  15744 63817300 207900 422380    0    0     0     0 2061 2245  3  0 97  0  0	
 2  0  15744 63817300 207900 422388    0    0     0     0 2022 2208  3  0 97  0  0	
 1  0  15744 63817300 207900 422388    0    0     0     0 2062 2252  3  0 97  0  0	
 1  0  15744 63817300 207900 422392    0    0     0     0 2051 2273  3  0 97  0  0	
 2  0  15744 63817300 207900 422392    0    0     0     0 2082 2271  3  0 97  0  0	
 1  0  15744 63817300 207900 422400    0    0     0     0 2025 2201  3  0 97  0  0	
 1  0  15744 63817300 207900 422404    0    0     0    24 2111 2280  3  0 97  0  0	
 2  0  15744 63817300 207900 422408    0    0     0     0 2024 2194  3  0 97  0  0	
 1  0  15744 63817300 207900 422408    0    0     0     0 2059 2252  3  0 97  0  0	
 1  0  15744 63817300 207900 422412    0    0     0     0 2030 2202  3  0 97  0  0	
 2  0  15744 63817308 207900 422416    0    0     0     0 2067 2248  3  0 97  0  0	
procs -----------memory---------- ---swap-- -----io---- --system-- -----cpu-----
 r  b   swpd   free   buff  cache   si   so    bi    bo   in   cs us sy id wa st
 1  0  15744 63817300 207900 422416    0    0     0    12 2033 2224  3  0 96  1  0	
 1  0  15744 63817300 207900 422420    0    0     0     0 2071 2260  3  0 97  0  0	
 2  0  15744 63817300 207900 422424    0    0     0     0 2020 2200  3  0 97  0  0	
 1  0  15744 63817300 207900 422428    0    0     0     0 2097 2275  3  0 97  0  0	
 2  0  15744 63817300 207900 422432    0    0     0     0 2051 2261  3  0 97  0  0	
 1  0  15744 63817300 207900 422432    0    0     0     0 2064 2247  3  0 97  0  0	
 1  0  15744 63817300 207900 422440    0    0     0     0 2057 2242  3  0 97  0  0	
 1  0  15744 63817292 207900 422444    0    0     0     0 2082 2279  3  0 97  0  0	
 2  0  15744 63817292 207900 422448    0    0     0     0 2026 2198  3  0 97  0  0	
 1  0  15744 63817292 207900 422448    0    0     0     0 2078 2259  3  0 97  0  0	
 1  0  15744 63817292 207900 422452    0    0     0     0 2035 2225  3  0 97  0  0	
 3  0  15744 63817292 207900 422456    0    0     0     0 2064 2241  3  0 97  0  0	
 1  0  15744 63817292 207900 422456    0    0     0     0 2048 2224  3  0 97  0  0	
 1  0  15744 63817292 207900 422464    0    0     0     0 2072 2256  3  0 97  0  0	
 2  0  15744 63817292 207900 422468    0    0     0     0 2024 2211  3  0 97  0  0	
 1  0  15744 63817292 207900 422472    0    0     0     0 2065 2259  3  0 97  0  0	
 1  0  15744 63817292 207900 422476    0    0     0     0 2060 2280  3  0 97  0  0	
 3  0  15744 63817292 207900 422476    0    0     0     0 2066 2266  3  0 97  0  0	
 1  0  15744 63817292 207900 422480    0    0     0     0 2032 2204  3  0 97  0  0	
 1  0  15744 63817300 207900 422480    0    0     0     0 2069 2257  3  0 97  0  0	
 1  0  15744 63817284 207900 422488    0    0     0     0 2040 2213  3  0 97  0  0	
procs -----------memory---------- ---swap-- -----io---- --system-- -----cpu-----
 r  b   swpd   free   buff  cache   si   so    bi    bo   in   cs us sy id wa st
 3  0  15744 63817292 207900 422488    0    0     0     0 2083 2262  3  0 97  0  0	
 1  0  15744 63817292 207900 422492    0    0     0     0 2049 2244  3  0 97  0  0	
 1  0  15744 63817284 207900 422492    0    0     0     0 2067 2253  3  0 97  0  0	
 2  0  15744 63817292 207900 422496    0    0     0     0 2043 2213  3  0 97  0  0	
 1  0  15744 63817308 207900 422500    0    0     0     0 2079 2265  3  0 97  0  0	
 1  0  15744 63817300 207900 422508    0    0     0     0 2062 2229  3  0 97  0  0	
 3  0  15744 63817300 207900 422508    0    0     0     0 2058 2248  3  0 97  0  0	
 1  0  15744 63817300 207900 422512    0    0     0     0 2063 2273  3  0 97  0  0	
 1  0  15744 63817176 207900 422516    0    0     0     0 2066 2257  3  0 97  0  0	
 2  0  15744 63817176 207900 422520    0    0     0     0 2037 2232  3  0 97  0  0	
 1  0  15744 63817176 207900 422528    0    0     0     0 2065 2258  3  0 97  0  0	
 1  0  15744 63817176 207900 422536    0    0     0     0 2027 2214  3  0 97  0  0	
 1  0  15744 63817176 207900 422536    0    0     0     0 2086 2282  3  0 97  0  0	
 2  0  15744 63817176 207900 422540    0    0     0     0 2039 2197  3  0 97  0  0	
 1  0  15744 63817176 207900 422540    0    0     0     4 2075 2265  3  0 97  0  0	
 1  0  15744 63817176 207900 422548    0    0     0     0 2029 2201  3  0 97  0  0	
 3  0  15744 63817176 207900 422548    0    0     0     0 2072 2268  3  0 97  0  0	
 1  0  15744 63817176 207900 422552    0    0     0     0 2040 2209  3  0 97  0  0	
 1  0  15744 63817184 207900 422552    0    0     0     0 2074 2277  3  0 97  0  0	
 2  0  15744 63817176 207900 422556    0    0     0     0 2076 2315  3  0 97  0  0	
 3  0  15744 63817176 207900 422560    0    0     0     0 2062 2235  3  0 97  0  0	
procs -----------memory---------- ---swap-- -----io---- --system-- -----cpu-----
 r  b   swpd   free   buff  cache   si   so    bi    bo   in   cs us sy id wa st
 1  0  15744 63817176 207900 422560    0    0     0     0 2052 2220  3  0 97  0  0	
 1  0  15744 63817176 207900 422564    0    0     0     0 2077 2249  3  0 97  0  0	
 2  0  15744 63817168 207900 422572    0    0     0     0 2036 2218  3  0 97  0  0	
 1  0  15744 63817168 207900 422576    0    0     0     0 2070 2274  3  0 97  0  0	
 1  0  15744 63817176 207900 422580    0    0     0     0 2043 2220  3  0 97  0  0	
 2  0  15744 63817176 207900 422580    0    0     0    16 2066 2264  3  0 96  1  0	
 1  0  15744 63817176 207900 422588    0    0     0     0 2037 2210  3  0 97  0  0	
 1  0  15744 63817300 207900 422592    0    0     0     0 2061 2260  3  0 97  0  0	
 2  0  15744 63817300 207900 422596    0    0     0     0 2040 2231  3  0 97  0  0	
 3  0  15744 63817300 207900 422596    0    0     0     0 2078 2272  3  0 97  0  0	
 1  0  15744 63817300 207900 422604    0    0     0     0 2055 2283  3  0 97  0  0	
 1  0  15744 63817176 207900 422604    0    0     0     0 2086 2275  3  0 97  0  0	
 2  0  15744 63817176 207900 422608    0    0     0     0 2028 2204  3  0 97  0  0	
 1  0  15744 63817176 207900 422608    0    0     0     0 2091 2271  3  0 97  0  0	
 1  0  15744 63817176 207900 422612    0    0     0     0 2039 2217  3  0 97  0  0	
 3  0  15744 63817184 207900 422616    0    0     0     0 2077 2280  3  0 97  0  0	
 1  0  15744 63817184 207900 422616    0    0     0     0 2040 2202  3  0 97  0  0	
 1  0  15744 63817184 207900 422620    0    0     0     0 2063 2250  3  0 97  0  0	
 2  0  15744 63817176 207900 422624    0    0     0    12 2029 2212  3  0 96  1  0	
 1  0  15744 63817300 207900 422624    0    0     0     0 2056 2254  3  0 97  0  0	
 1  0  15744 63817300 207900 422632    0    0     0     0 2047 2240  3  0 97  0  0	
procs -----------memory---------- ---swap-- -----io---- --system-- -----cpu-----
 r  b   swpd   free   buff  cache   si   so    bi    bo   in   cs us sy id wa st
 2  0  15744 63817424 207900 422632    0    0     0     0 2079 2266  3  0 97  0  0	
 1  0  15744 63817424 207900 422636    0    0     0     0 2057 2279  3  0 97  0  0	
 1  0  15744 63817424 207900 422640    0    0     0     0 2070 2263  3  0 97  0  0	
 1  0  15744 63817424 207900 422652    0    0     0     0 2057 2213  3  0 97  0  0	
 3  0  15744 63817424 207900 422652    0    0     0     0 2065 2257  3  0 97  0  0	
 1  0  15744 63817424 207900 422656    0    0     0     0 2051 2237  3  0 97  0  0	
 1  0  15744 63817424 207900 422656    0    0     0     0 2069 2270  3  0 97  0  0	
 2  0  15744 63817300 207900 422660    0    0     0     0 2038 2210  3  0 97  0  0	
 1  0  15744 63817300 207900 422664    0    0     0     0 2092 2279  3  0 97  0  0	
 1  0  15744 63817300 207900 422668    0    0     0     0 2055 2220  3  0 97  0  0	
 1  0  15744 63817176 207900 422668    0    0     0     0 2073 2265  3  0 97  0  0	
 2  0  15744 63817176 207900 422676    0    0     0     0 2027 2199  3  0 97  0  0	
 1  0  15744 63817180 207900 422676    0    0     0     0 2050 2246  3  0 97  0  0	
 1  0  15744 63817180 207900 422684    0    0     0     0 2060 2274  3  0 97  0  0	
 3  0  15744 63817180 207900 422684    0    0     0     0 2057 2248  3  0 97  0  0	
 1  0  15744 63817180 207900 422692    0    0     0     0 2041 2209  3  0 97  0  0	
 1  0  15744 63817188 207900 422692    0    0     0     0 2061 2258  3  0 97  0  0	
 2  0  15744 63817172 207900 422696    0    0     0     8 2048 2213  3  0 97  0  0	
 1  0  15744 63817172 207900 422696    0    0     0     0 2051 2262  3  0 97  0  0	
 1  0  15744 63817172 207900 422700    0    0     0     0 2044 2223  3  0 97  0  0	
 3  0  15744 63817172 207900 422704    0    0     0     0 2065 2254  3  0 97  0  0	
procs -----------memory---------- ---swap-- -----io---- --system-- -----cpu-----
 r  b   swpd   free   buff  cache   si   so    bi    bo   in   cs us sy id wa st
 2  0  15744 63817172 207900 422708    0    0     0     0 2029 2200  3  0 97  0  0	
 1  0  15744 63817180 207900 422716    0    0     0     0 2065 2252  3  0 97  0  0	
 1  0  15744 63817180 207900 422720    0    0     0     0 2046 2218  3  0 97  0  0	
 3  0  15744 63817180 207900 422724    0    0     0     0 2058 2255  3  0 97  0  0	
 1  0  15744 63817180 207900 422728    0    0     0     0 2064 2283  3  0 97  0  0	
 1  0  15744 63817180 207900 422728    0    0     0     0 2067 2258  3  0 97  0  0	
 2  0  15744 63817180 207900 422736    0    0     0     0 2034 2198  3  0 97  0  0	
 1  0  15744 63817180 207900 422736    0    0     0     0 2054 2249  3  0 97  0  0	
 1  0  15744 63817180 207900 422740    0    0     0     0 2036 2201  3  0 97  0  0	
 1  0  15744 63817180 207900 422740    0    0     0     0 2071 2263  3  0 97  0  0	
 2  0  15744 63817180 207900 422744    0    0     0     0 2051 2211  3  0 97  0  0	
 1  0  15744 63817180 207900 422748    0    0     0     0 2049 2234  3  0 97  0  0	
 1  0  15744 63817180 207900 422748    0    0     0     0 2077 2226  3  0 97  0  0	
 3  0  15744 63817172 207900 422752    0    0     0     0 2074 2285  3  0 97  0  0	
 1  0  15744 63817172 207900 422756    0    0     0     0 2049 2204  3  0 97  0  0	
 1  0  15744 63817180 207900 422760    0    0     0     0 2071 2254  3  0 97  0  0	
 2  0  15744 63817172 207900 422760    0    0     0     0 2089 2286  3  0 97  0  0	
 1  0  15744 63817172 207900 422764    0    0     0     0 2076 2263  3  0 97  0  0	
 1  0  15744 63817172 207900 422768    0    0     0     0 2074 2235  3  0 97  0  0	
 3  0  15744 63817172 207900 422780    0    0     0     0 2541 2512  3  0 97  0  0	
 1  0  15744 63817172 207900 422784    0    0     0     0 3272 2877  3  0 97  0  0	
procs -----------memory---------- ---swap-- -----io---- --system-- -----cpu-----
 r  b   swpd   free   buff  cache   si   so    bi    bo   in   cs us sy id wa st
 1  0  15744 63817048 207900 422784    0    0     0    20 3165 2665  3  0 96  1  0	
 1  0  15744 63817048 207900 422788    0    0     0     0 3257 2827  3  0 97  0  0	
 1  0  15744 63817048 207900 422788    0    0     0     0 3272 2869  3  0 97  0  0	
 1  0  15744 63817048 207900 422792    0    0     0     0 3029 2380  3  0 97  0  0	
 1  0  15744 63817048 207900 422796    0    0     0     0 3053 2445  3  0 97  0  0	
 2  0  15744 63817048 207900 422800    0    0     0     0 3050 2407  3  0 97  0  0	
 1  0  15744 63817048 207900 422800    0    0     0     0 3061 2432  3  0 97  0  0	
 1  0  15744 63816924 207900 422808    0    0     0     0 3050 2457  3  0 97  0  0	
 1  0  15744 63816932 207900 422808    0    0     0     0 3079 2452  3  0 97  0  0	
 1  0  15744 63816932 207900 422812    0    0     0     0 3024 2378  3  0 97  0  0	
 3  0  15744 63816932 207900 422812    0    0     0     0 3080 2449  3  0 97  0  0	
 1  0  15744 63816932 207900 422816    0    0     0     0 3067 2404  3  0 97  0  0	
 1  0  15744 63816932 207900 422820    0    0     0     0 3052 2437  3  0 97  0  0	
 1  0  15744 63816924 207900 422824    0    0     0     0 3025 2373  3  0 97  0  0	
 1  0  15744 63816932 207900 422828    0    0     0     0 3118 2584  3  0 97  0  0	
 1  0  15744 63816936 207900 422832    0    0     0    12 3099 2533  3  0 96  0  0	
 1  0  15744 63816936 207900 422836    0    0     0     0 3098 2547  3  0 97  0  0	
 2  0  15744 63816936 207900 422848    0    0     0     0 3368 3052  3  0 97  0  0	
 1  0  15744 63816936 207900 422848    0    0     0     0 3230 2766  3  0 97  0  0	
 1  0  15744 63816936 207900 422852    0    0     0     0 3346 3041  3  0 97  0  0	
 1  0  15744 63816936 207900 422856    0    0     0     0 3286 2881  3  0 97  0  0	
procs -----------memory---------- ---swap-- -----io---- --system-- -----cpu-----
 r  b   swpd   free   buff  cache   si   so    bi    bo   in   cs us sy id wa st
 1  0  15744 63816936 207900 422860    0    0     0     0 3184 2655  3  0 97  0  0	
 2  0  15744 63816936 207900 422860    0    0     0     0 3255 2841  3  0 97  0  0	
 1  0  15744 63816936 207900 422864    0    0     0     0 3145 2601  3  0 97  0  0	
 1  0  15744 63816936 207900 422868    0    0     0     0 3220 2779  3  0 97  0  0	
 1  0  15744 63816936 207900 422868    0    0     0     0 3339 2970  3  0 97  0  0	
 1  0  15744 63816936 207900 422872    0    0     0     0 3143 2626  3  0 97  0  0	
 1  0  15744 63816936 207900 422876    0    0     0     0 3179 2653  3  0 97  0  0	
 1  0  15744 63816936 207900 422880    0    0     0     0 3208 2734  3  0 97  0  0	
 2  0  15744 63816936 207900 422884    0    0     0     0 3228 2783  3  0 97  0  0	
 1  0  15744 63816936 207900 422884    0    0     0    16 3179 2699  3  0 96  1  0	
 1  0  15744 63816936 207900 422888    0    0     0     0 3043 2445  3  0 97  0  0	
 1  0  15744 63816944 207900 422896    0    0     0     0 3053 2430  3  0 97  0  0	
 1  0  15744 63816936 207900 422896    0    0     0     0 3031 2384  3  0 97  0  0	
 3  0  15744 63816936 207900 422900    0    0     0     0 3037 2419  3  0 97  0  0	
 1  0  15744 63816936 207900 422908    0    0     0     8 3042 2395  3  0 97  0  0	
 1  0  15744 63816928 207900 422908    0    0     0     0 3048 2429  3  0 97  0  0	
 1  0  15744 63816928 207900 422916    0    0     0     0 3029 2388  3  0 97  0  0	
 1  0  15744 63817052 207900 422916    0    0     0     0 3146 2609  3  0 97  0  0	
 2  0  15744 63817052 207900 422920    0    0     0     0 3320 2958  3  0 97  0  0	
 1  0  15744 63817052 207900 422924    0    0     0     0 3190 2716  3  0 97  0  0	
 1  0  15744 63817052 207900 422924    0    0     0     0 3142 2568  3  0 97  0  0	
procs -----------memory---------- ---swap-- -----io---- --system-- -----cpu-----
 r  b   swpd   free   buff  cache   si   so    bi    bo   in   cs us sy id wa st
 1  0  15744 63817060 207900 422928    0    0     0     0 3040 2433  3  0 97  0  0	
 1  0  15744 63817060 207900 422932    0    0     0     0 3046 2440  3  0 97  0  0	
 1  0  15744 63817060 207900 422936    0    0     0     0 3117 2542  3  0 97  0  0	
 1  0  15744 63817060 207900 422936    0    0     0     0 3068 2472  3  0 97  0  0	
 3  0  15744 63817060 207900 422940    0    0     0     0 3368 3054  3  0 97  0  0	
 1  0  15744 63817060 207900 422944    0    0     0     0 3192 2715  3  0 97  0  0	
 1  0  15744 63817060 207900 422944    0    0     0     0 3183 2675  3  0 97  0  0	
 1  0  15744 63816936 207900 422948    0    0     0     0 3034 2390  3  0 97  0  0	
 1  0  15744 63816936 207900 422956    0    0     0     0 3032 2407  3  0 97  0  0	
 1  0  15744 63816936 207900 422960    0    0     0     0 3055 2388  3  0 97  0  0	
 1  0  15744 63816928 207900 422960    0    0     0     0 3054 2423  3  0 97  0  0	
 2  0  15744 63816928 207900 422964    0    0     0     0 3028 2371  3  0 97  0  0	
 1  0  15744 63816936 207900 422968    0    0     0    16 3046 2429  3  0 96  1  0	
 1  0  15744 63816928 207900 422972    0    0     0     0 3043 2443  3  0 97  0  0	
 1  0  15744 63816804 207900 422976    0    0     0     0 3087 2440  3  0 97  0  0	
 1  0  15744 63816804 207900 422980    0    0     0     0 3043 2376  3  0 97  0  0	
 3  0  15744 63816804 207900 422984    0    0     0     0 3043 2412  3  0 97  0  0	
 1  0  15744 63816804 207900 422988    0    0     0     0 3023 2381  3  0 97  0  0	
 1  0  15744 63816808 207900 422988    0    0     0     0 3045 2418  3  0 97  0  0	
 1  0  15744 63816808 207900 422992    0    0     0     0 3037 2395  3  0 97  0  0	
 1  0  15744 63816808 207900 422996    0    0     0     0 3039 2430  3  0 97  0  0	
procs -----------memory---------- ---swap-- -----io---- --system-- -----cpu-----
 r  b   swpd   free   buff  cache   si   so    bi    bo   in   cs us sy id wa st
 1  0  15744 63816808 207900 423004    0    0     0     0 3043 2393  3  0 97  0  0	
 1  0  15744 63816932 207900 423004    0    0     0     0 3048 2415  3  0 97  0  0	
 2  0  15744 63816932 207900 423008    0    0     0     0 3024 2390  3  0 97  0  0	
 1  0  15744 63816932 207900 423012    0    0     0     0 3039 2424  3  0 97  0  0	
 1  0  15744 63816940 207900 423016    0    0     0     0 3039 2443  3  0 97  0  0	
 1  0  15744 63816932 207900 423020    0    0     0     0 3057 2420  3  0 97  0  0	
 1  0  15744 63816932 207900 423024    0    0     0     0 3032 2396  3  0 97  0  0	
 2  0  15744 63816932 207900 423028    0    0     0     0 3173 2666  3  0 97  0  0	
 1  0  15744 63816932 207900 423028    0    0     0     0 3068 2455  3  0 97  0  0	
 1  0  15744 63816932 207900 423032    0    0     0     0 3139 2637  3  0 97  0  0	
 1  0  15744 63816924 207900 423036    0    0     0     0 3327 2934  3  0 97  0  0	
 3  0  15744 63816940 207900 423040    0    0     0     0 3286 2916  3  0 97  0  0	
 1  0  15744 63816940 207900 423044    0    0     0     0 3124 2587  3  0 97  0  0	
 1  0  15744 63816940 207900 423048    0    0     0    12 3169 2666  3  0 96  1  0	
 2  0  15744 63816940 207900 423052    0    0     0     0 3149 2648  3  0 97  0  0	
 1  0  15744 63816940 207900 423056    0    0     0     0 3174 2654  3  0 97  0  0	
 1  0  15744 63816816 207900 423056    0    0     0     0 3319 2979  3  0 97  0  0	
 1  0  15744 63816816 207900 423060    0    0     0     0 3344 3003  3  0 97  0  0	
 1  0  15744 63816816 207900 423064    0    0     0     0 3308 2904  3  0 97  0  0	
 1  0  15744 63816808 207900 423068    0    0     0     0 3175 2697  3  0 97  0  0	
 1  0  15744 63816808 207900 423072    0    0     0     0 3043 2405  3  0 97  0  0	
procs -----------memory---------- ---swap-- -----io---- --system-- -----cpu-----
 r  b   swpd   free   buff  cache   si   so    bi    bo   in   cs us sy id wa st
 3  0  15744 63816808 207900 423072    0    0     0     0 3052 2440  3  0 97  0  0	
 1  0  15744 63816808 207900 423084    0    0     0     8 3035 2382  3  0 97  0  0	
 1  0  15744 63816808 207900 423084    0    0     0     0 3104 2548  3  0 97  0  0	
 1  0  15744 63816808 207900 423084    0    0     0     0 3384 3056  3  0 97  0  0	
 1  0  15744 63816808 207900 423088    0    0     0     0 3403 3141  3  0 97  0  0	
 2  0  15744 63816808 207900 423092    0    0     0     0 3060 2436  3  0 97  0  0	
 1  0  15744 63816808 207900 423096    0    0     0     0 3315 2961  3  0 97  0  0	
 1  0  15744 63816684 207900 423096    0    0     0     0 3233 2781  3  0 97  0  0	
 1  0  15744 63816684 207900 423100    0    0     0     0 3482 3267  3  0 97  0  0	
 1  0  15744 63816684 207900 423104    0    0     0     0 3238 2781  3  0 97  0  0	
 1  0  15744 63816692 207900 423108    0    0     0     0 3381 3092  3  0 97  0  0	
 1  0  15744 63816684 207900 423116    0    0     0     0 3312 2912  3  0 97  0  0	
 3  0  15744 63816676 207900 423116    0    0     0     0 3247 2825  3  0 97  0  0	
 1  0  15744 63816684 207900 423120    0    0     0     0 3290 2905  3  0 97  0  0	
 1  0  15744 63816684 207900 423120    0    0     0     0 3196 2726  3  0 97  0  0	
 1  0  15744 63816684 207900 423124    0    0     0     0 3212 2758  3  0 97  0  0	
 1  0  15744 63816684 207900 423128    0    0     0     0 3310 2951  3  0 97  0  0	
 2  0  15744 63816684 207900 423132    0    0     0     0 3170 2579  3  0 97  0  0	
 1  0  15744 63816692 207900 423132    0    0     0     0 3153 2652  3  0 97  0  0	
 1  0  15744 63816692 207900 423136    0    0     0     0 3315 2965  3  0 97  0  0	
 1  0  15744 63816692 207900 423144    0    0     0    16 3288 2892  3  0 96  1  0	
procs -----------memory---------- ---swap-- -----io---- --system-- -----cpu-----
 r  b   swpd   free   buff  cache   si   so    bi    bo   in   cs us sy id wa st
 1  0  15744 63816692 207900 423148    0    0     0     0 3016 2373  3  0 97  0  0	
 1  0  15744 63816692 207900 423148    0    0     0     0 3042 2418  3  0 97  0  0	
 1  0  15744 63816692 207900 423156    0    0     0     0 3023 2385  3  0 97  0  0	
 3  0  15744 63816692 207900 423160    0    0     0     0 3052 2429  3  0 97  0  0	
 1  0  15744 63816692 207900 423164    0    0     0     0 3034 2392  3  0 97  0  0	
 1  0  15744 63816692 207900 423164    0    0     0     0 3048 2428  3  0 97  0  0	
 1  0  15744 63816692 207900 423168    0    0     0     0 3029 2374  3  0 97  0  0	
 1  0  15744 63816700 207900 423172    0    0     0     0 3089 2494  3  0 97  0  0	
 2  0  15744 63816700 207900 423180    0    0     0     0 3042 2407  3  0 97  0  0	
 1  0  15744 63816700 207900 423180    0    0     0     0 3279 2885  3  0 97  0  0	
 1  0  15744 63816692 207900 423184    0    0     0     0 3219 2771  3  0 97  0  0	
 1  0  15744 63816692 207900 423188    0    0     0     0 3155 2632  3  0 97  0  0	
 1  0  15744 63816692 207900 423188    0    0     0     0 3330 2945  3  0 97  0  0	
 1  0  15744 63816692 207900 423192    0    0     0     0 3314 2939  3  0 97  0  0	
 1  0  15744 63816692 207900 423200    0    0     0     0 3267 2847  3  0 97  0  0	
 3  0  15744 63816692 207900 423200    0    0     0     0 3272 2883  3  0 97  0  0	
 1  0  15744 63816692 207900 423208    0    0     0     0 3313 2961  3  0 97  0  0	
 1  0  15744 63816692 207900 423208    0    0     0     0 3331 3026  3  0 97  0  0	
 1  0  15744 63816692 207900 423212    0    0     0     0 3173 2680  3  0 97  0  0	
 1  0  15744 63816692 207900 423216    0    0     0     0 3170 2715  3  0 97  0  0	
 2  0  15744 63816692 207900 423216    0    0     0     0 3099 2550  3  0 97  0  0	
procs -----------memory---------- ---swap-- -----io---- --system-- -----cpu-----
 r  b   swpd   free   buff  cache   si   so    bi    bo   in   cs us sy id wa st
 1  0  15744 63816816 207900 423220    0    0     0     0 3154 2644  3  0 97  0  0	
 1  0  15744 63816816 207900 423224    0    0     0     0 3261 2880  3  0 97  0  0	
 1  0  15744 63816816 207900 423228    0    0     0     0 3262 2841  3  0 97  0  0	
 1  0  15744 63816816 207900 423228    0    0     0     0 3241 2838  3  0 97  0  0	
 1  0  15744 63816816 207900 423232    0    0     0     0 3239 2804  3  0 97  0  0	
 1  0  15744 63816816 207900 423236    0    0     0     0 3074 2497  3  0 97  0  0	
 3  0  15744 63816816 207900 423240    0    0     0     0 3172 2713  3  0 97  0  0	
 1  0  15744 63816692 207900 423244    0    0     0     0 3078 2492  3  0 97  0  0	
 1  0  15744 63816700 207900 423248    0    0     0     0 3129 2626  3  0 97  0  0	
 1  0  15744 63816692 207900 423252    0    0     0     4 3026 2417  3  0 97  0  0	
 1  0  15744 63816692 207900 423256    0    0     0    12 3131 2641  3  0 97  0  0	
 2  0  15744 63816692 207900 423256    0    0     0     0 3180 2705  3  0 97  0  0	
 1  0  15744 63816692 207900 423260    0    0     0     0 3191 2712  3  0 97  0  0	
 1  0  15744 63816692 207900 423264    0    0     0     0 3210 2791  3  0 97  0  0	
 1  0  15744 63816692 207900 423268    0    0     0     0 3134 2600  3  0 97  0  0	
 1  0  15744 63816692 207900 423272    0    0     0     0 3223 2729  3  0 97  0  0	
 1  0  15744 63816692 207900 423276    0    0     0     0 3194 2735  3  0 97  0  0	
 1  0  15744 63816692 207900 423280    0    0     0     0 3142 2641  3  0 97  0  0	
 3  0  15744 63816692 207900 423280    0    0     0     0 3124 2603  3  0 97  0  0	
 1  0  15744 63816692 207900 423284    0    0     0     0 3006 2368  3  0 97  0  0	
 1  0  15744 63816692 207900 423288    0    0     0     0 3057 2420  3  0 97  0  0	
procs -----------memory---------- ---swap-- -----io---- --system-- -----cpu-----
 r  b   swpd   free   buff  cache   si   so    bi    bo   in   cs us sy id wa st
 1  0  15744 63816692 207900 423292    0    0     0     0 3021 2373  3  0 97  0  0	
 1  0  15744 63816692 207900 423292    0    0     0     0 3030 2415  3  0 97  0  0	
 2  0  15744 63816692 207900 423300    0    0     0     0 3012 2370  3  0 97  0  0	
 1  0  15744 63816696 207900 423304    0    0     0     0 3029 2436  3  0 97  0  0	
 1  0  15744 63816696 207900 423308    0    0     0     0 3079 2484  3  0 97  0  0	
 1  0  15744 63816704 207900 423312    0    0     0     0 3012 2410  3  0 97  0  0	
 1  0  15744 63816704 207900 423316    0    0     0    16 3026 2385  3  0 96  1  0	
 1  0  15744 63816704 207900 423320    0    0     0     0 3108 2587  3  0 97  0  0	
 1  0  15744 63816696 207900 423324    0    0     0     0 3267 2855  3  0 97  0  0	
 1  0  15744 63816688 207900 423328    0    0     0     0 3100 2564  3  0 97  0  0	
 2  0  15744 63816688 207900 423336    0    0     0     0 3126 2596  3  0 97  0  0	
 1  0  15744 63816688 207900 423336    0    0     0     0 3170 2693  3  0 97  0  0	
 1  0  15744 63816688 207900 423340    0    0     0     0 3167 2685  3  0 97  0  0	
 1  0  15744 63816688 207900 423340    0    0     0     0 3266 2877  3  0 97  0  0	
 1  0  15744 63816696 207900 423344    0    0     0     0 3120 2572  3  0 97  0  0	
 1  0  15744 63816696 207900 423348    0    0     0     0 3173 2710  3  0 97  0  0	
 1  0  15744 63816696 207900 423348    0    0     0     0 3234 2835  3  0 97  0  0	
 1  0  15744 63816696 207900 423352    0    0     0     0 3253 2851  3  0 97  0  0	
 3  0  15744 63816696 207900 423356    0    0     0     0 3240 2817  3  0 97  0  0	
 1  0  15744 63816696 207900 423360    0    0     0     0 3162 2693  3  0 97  0  0	
 1  0  15744 63816696 207900 423360    0    0     0     0 3139 2625  3  0 97  0  0	
procs -----------memory---------- ---swap-- -----io---- --system-- -----cpu-----
 r  b   swpd   free   buff  cache   si   so    bi    bo   in   cs us sy id wa st
 1  0  15744 63816696 207900 423364    0    0     0     0 3225 2775  3  0 97  0  0	
 1  0  15744 63816696 207900 423372    0    0     0     0 3180 2689  3  0 97  0  0	
 2  0  15744 63816812 207900 423372    0    0     0     8 3163 2670  3  0 97  0  0	
 1  0  15744 63816820 207900 423380    0    0     0     0 3174 2666  3  0 97  0  0	
 1  0  15744 63816820 207900 423380    0    0     0     0 3191 2719  3  0 97  0  0	
 1  0  15744 63816820 207900 423384    0    0     0     0 3329 2992  3  0 97  0  0	
 1  0  15744 63816820 207900 423392    0    0     0     0 3323 2985  3  0 97  0  0	
 2  0  15744 63816812 207900 423392    0    0     0     0 3246 2855  3  0 97  0  0	
 1  0  15744 63816812 207900 423396    0    0     0     0 3105 2528  3  0 97  0  0	
 1  0  15744 63816688 207900 423400    0    0     0     0 3023 2380  3  0 97  0  0	
 1  0  15744 63816688 207900 423404    0    0     0     0 3025 2405  3  0 97  0  0	
 2  0  15744 63816688 207900 423408    0    0     0     0 2999 2367  3  0 97  0  0	
 1  0  15744 63816688 207900 423408    0    0     0     0 3027 2430  3  0 97  0  0	
 1  0  15744 63816688 207900 423412    0    0     0     0 3018 2380  3  0 97  0  0	
 1  0  15744 63816688 207900 423416    0    0     0     0 3016 2407  3  0 97  0  0	
 1  0  15744 63816688 207900 423416    0    0     0     0 3013 2379  3  0 97  0  0	
 1  0  15744 63816688 207900 423420    0    0     0     0 3020 2420  3  0 97  0  0	
 1  0  15744 63816688 207900 423424    0    0     0     0 3004 2365  3  0 97  0  0	
 1  0  15744 63816688 207900 423424    0    0     0     0 3062 2457  3  0 97  0  0	
 2  0  15744 63816688 207900 423428    0    0     0     0 3010 2417  3  0 97  0  0	
 1  0  15744 63816688 207900 423432    0    0     0     0 3045 2411  3  0 97  0  0	
procs -----------memory---------- ---swap-- -----io---- --system-- -----cpu-----
 r  b   swpd   free   buff  cache   si   so    bi    bo   in   cs us sy id wa st
 1  0  15744 63816688 207900 423436    0    0     0     0 3002 2369  3  0 97  0  0	
 1  0  15744 63816688 207900 423440    0    0     0     0 3044 2432  3  0 97  0  0	
 1  0  15744 63816688 207900 423448    0    0     0     0 3037 2380  3  0 97  0  0	
 1  0  15744 63816696 207900 423452    0    0     0     0 3018 2415  3  0 97  0  0	
 1  0  15744 63816696 207900 423456    0    0     0     0 3004 2359  3  0 97  0  0	
 3  0  15744 63816696 207900 423456    0    0     0     0 3024 2412  3  0 97  0  0	
 1  0  15744 63816688 207900 423464    0    0     0     0 3006 2382  3  0 97  0  0	
 1  0  15744 63816688 207900 423468    0    0     0    12 3067 2500  3  0 96  1  0	
 1  0  15744 63816688 207900 423472    0    0     0     0 3266 2886  3  0 97  0  0	
 1  0  15744 63816696 207900 423472    0    0     0     0 3390 3086  3  0 97  0  0	
 2  0  15744 63816696 207900 423476    0    0     0     0 3093 2566  3  0 97  0  0	
 1  0  15744 63816696 207900 423480    0    0     0     0 3206 2754  3  0 97  0  0	
 1  0  15744 63816696 207900 423484    0    0     0     0 3245 2811  3  0 97  0  0	
 1  0  15744 63816572 207900 423484    0    0     0     0 3206 2758  3  0 97  0  0	
 1  0  15744 63816572 207900 423492    0    0     0    16 3229 2804  3  0 96  1  0	
 1  0  15744 63816572 207900 423492    0    0     0     0 3331 2997  3  0 97  0  0	
 1  0  15744 63816572 207900 423496    0    0     0     0 3350 3039  3  0 97  0  0	
 3  0  15744 63816572 207900 423496    0    0     0     0 3305 2969  3  0 97  0  0	
 1  0  15744 63816572 207900 423500    0    0     0     0 3025 2396  3  0 97  0  0	
 1  0  15744 63816572 207900 423504    0    0     0     0 3030 2412  3  0 97  0  0	
 1  0  15744 63816572 207900 423504    0    0     0     0 3002 2363  3  0 97  0  0	
procs -----------memory---------- ---swap-- -----io---- --system-- -----cpu-----
 r  b   swpd   free   buff  cache   si   so    bi    bo   in   cs us sy id wa st
 1  0  15744 63816572 207900 423512    0    0     0     0 3029 2429  3  0 97  0  0	
 1  0  15744 63816572 207900 423520    0    0     0     0 3013 2405  3  0 97  0  0	
 1  0  15744 63816572 207900 423524    0    0     0     0 3031 2401  3  0 97  0  0	
 2  0  15744 63816572 207900 423528    0    0     0     0 3011 2372  3  0 97  0  0	
 1  0  15744 63816580 207900 423528    0    0     0     0 3013 2408  3  0 97  0  0	
 1  0  15744 63816564 207900 423532    0    0     0     0 3019 2382  3  0 97  0  0	
 1  0  15744 63816564 207900 423536    0    0     0     0 3031 2415  3  0 97  0  0	
 1  0  15744 63816564 207900 423540    0    0     0     0 3025 2387  3  0 97  0  0	
 1  0  15744 63816688 207900 423540    0    0     0     0 3040 2431  3  0 97  0  0	
 1  0  15744 63816564 207900 423544    0    0     0     0 3011 2365  3  0 97  0  0	
 3  0  15744 63816572 207900 423548    0    0     0     0 3041 2425  3  0 97  0  0	
 1  0  15744 63816572 207900 423548    0    0     0     0 3022 2391  3  0 97  0  0	
 1  0  15744 63816572 207900 423552    0    0     0     0 3031 2429  3  0 97  0  0	
 1  0  15744 63816572 207900 423556    0    0     0     0 3015 2409  3  0 97  0  0	
 1  0  15744 63816572 207900 423560    0    0     0     0 3030 2403  3  0 97  0  0	
 2  0  15744 63816572 207900 423564    0    0     0     0 3003 2362  3  0 97  0  0	
 1  0  15744 63816572 207900 423564    0    0     0     0 3012 2397  3  0 97  0  0	
 1  0  15744 63816572 207900 423568    0    0     0     0 3004 2371  3  0 97  0  0	
 1  0  15744 63816572 207900 423576    0    0     0     0 3025 2404  3  0 97  0  0	
 1  0  15744 63816572 207900 423580    0    0     0     0 3013 2360  3  0 97  0  0	
 1  0  15744 63816572 207900 423584    0    0     0     8 3026 2416  3  0 97  0  0	
procs -----------memory---------- ---swap-- -----io---- --system-- -----cpu-----
 r  b   swpd   free   buff  cache   si   so    bi    bo   in   cs us sy id wa st
 1  0  15744 63816572 207900 423588    0    0     0     0 3045 2377  3  0 97  0  0	
 3  0  15744 63816572 207900 423588    0    0     0     0 3029 2425  3  0 97  0  0	
 1  0  15744 63816572 207900 423592    0    0     0     0 3008 2363  3  0 97  0  0	
 1  0  15744 63816580 207900 423596    0    0     0     0 3049 2437  3  0 97  0  0	
 1  0  15744 63816572 207900 423600    0    0     0     0 3022 2428  3  0 97  0  0	
 1  0  15744 63816572 207900 423600    0    0     0     0 3049 2405  3  0 97  0  0	
 1  0  15744 63816572 207900 423608    0    0     0     0 3012 2366  3  0 97  0  0	
 1  0  15744 63816572 207900 423608    0    0     0     0 3027 2410  3  0 97  0  0	
 2  0  15744 63816580 207900 423616    0    0     0     0 3003 2369  3  0 97  0  0	
 1  0  15744 63816572 207900 423616    0    0     0     0 3013 2413  3  0 97  0  0	
 1  0  15744 63816572 207900 423620    0    0     0     0 3011 2368  3  0 97  0  0	
 1  0  15744 63816572 207900 423624    0    0     0     0 3013 2399  3  0 97  0  0	
 1  0  15744 63816572 207900 423628    0    0     0     0 3014 2376  3  0 97  0  0	
 1  0  15744 63816572 207900 423628    0    0     0     0 3025 2425  3  0 97  0  0	
 1  0  15744 63816572 207900 423632    0    0     0     0 3052 2458  3  0 97  0  0	
 1  0  15744 63816572 207900 423640    0    0     0     0 3196 2749  3  0 97  0  0	
 1  0  15744 63816572 207900 423644    0    0     0     0 3201 2796  3  0 97  0  0	
 1  0  15744 63816572 207900 423644    0    0     0     0 3157 2641  3  0 97  0  0	
 1  0  15744 63816564 207900 423656    0    0     0     0 3111 2582  3  0 97  0  0	
 1  0  15744 63816572 207900 423656    0    0     0     0 3094 2543  3  0 97  0  0	
 2  0  15744 63816572 207900 423660    0    0     0     0 3204 2733  3  0 97  0  0	
procs -----------memory---------- ---swap-- -----io---- --system-- -----cpu-----
 r  b   swpd   free   buff  cache   si   so    bi    bo   in   cs us sy id wa st
 1  0  15744 63816572 207900 423660    0    0     0     0 3111 2591  3  0 97  0  0	
 1  0  15744 63816572 207900 423664    0    0     0    20 3073 2503  3  0 96  1  0	
 1  0  15744 63816572 207900 423668    0    0     0     0 3072 2506  3  0 97  0  0	
 1  0  15744 63816572 207900 423668    0    0     0     0 2999 2370  3  0 97  0  0	
 1  0  15744 63816572 207900 423672    0    0     0     0 3011 2394  3  0 97  0  0	
 1  0  15744 63816572 207900 423676    0    0     0     0 3004 2373  3  0 97  0  0	
 3  0  15744 63816572 207900 423680    0    0     0     0 3053 2445  3  0 97  0  0	
 1  0  15744 63816572 207900 423684    0    0     0     0 3016 2419  3  0 97  0  0	
 1  0  15744 63816572 207900 423684    0    0     0     0 3029 2404  3  0 97  0  0	
 1  0  15744 63816324 207900 423688    0    0     0     0 3036 2389  3  0 97  0  0	
 1  0  15744 63816440 207900 423692    0    0     0     0 3118 2587  3  0 97  0  0	
 1  0  15744 63816440 207900 423692    0    0     0     0 3113 2570  3  0 97  0  0	
 1  0  15744 63816440 207900 423700    0    0     0     0 3292 2940  3  0 97  0  0	
 2  0  15744 63816440 207900 423704    0    0     0     0 3128 2595  3  0 97  0  0	
 1  0  15744 63816440 207900 423708    0    0     0     0 3057 2491  3  0 97  0  0	
 1  0  15744 63816440 207900 423712    0    0     0     0 3198 2706  3  0 97  0  0	
 1  0  15744 63816440 207900 423716    0    0     0     0 3074 2501  3  0 97  0  0	
 1  0  15744 63816432 207900 423724    0    0     0     0 3081 2530  3  0 97  0  0	
 1  0  15744 63816440 207900 423724    0    0     0     0 3189 2750  3  0 97  0  0	
 1  0  15744 63816440 207900 423728    0    0     0     0 3053 2494  3  0 97  0  0	
 3  0  15744 63816440 207900 423728    0    0     0     0 3084 2515  3  0 97  0  0	
procs -----------memory---------- ---swap-- -----io---- --system-- -----cpu-----
 r  b   swpd   free   buff  cache   si   so    bi    bo   in   cs us sy id wa st
 1  0  15744 63816440 207900 423732    0    0     0     0 3003 2359  3  0 97  0  0	
 1  0  15744 63816440 207900 423736    0    0     0     0 3029 2421  3  0 97  0  0	
 1  0  15744 63816440 207900 423736    0    0     0    16 3004 2383  3  0 96  1  0	
 1  0  15744 63816432 207900 423740    0    0     0     0 3050 2416  3  0 97  0  0	
 1  0  15744 63816432 207900 423744    0    0     0     0 2999 2354  3  0 97  0  0	
 1  0  15744 63816440 207900 423744    0    0     0     0 3005 2390  3  0 97  0  0	
 1  0  15744 63816440 207900 423752    0    0     0     0 2994 2366  3  0 97  0  0	
 1  0  15744 63816440 207900 423756    0    0     0     0 3012 2399  3  0 97  0  0	
 1  0  15744 63816440 207900 423760    0    0     0     0 3022 2361  3  0 97  0  0	
 1  0  15744 63816448 207900 423760    0    0     0     0 3012 2406  3  0 97  0  0	
 1  0  15744 63816448 207900 423768    0    0     0     0 3009 2408  3  0 97  0  0	
 1  0  15744 63816448 207900 423768    0    0     0    12 3027 2407  3  0 97  0  0	
 1  0  15744 63816448 207900 423776    0    0     0     0 3005 2353  3  0 97  0  0	
 3  0  15744 63816572 207900 423776    0    0     0     0 3014 2404  3  0 97  0  0	
 1  0  15744 63816572 207900 423784    0    0     0     0 3152 2663  3  0 97  0  0	
 1  0  15744 63816572 207900 423788    0    0     0     0 3194 2731  3  0 97  0  0	
 1  0  15744 63816572 207900 423792    0    0     0     0 3178 2698  3  0 97  0  0	
 1  0  15744 63816572 207900 423792    0    0     0     0 3250 2848  3  0 97  0  0	
 2  0  15744 63816448 207900 423796    0    0     0     0 3210 2758  3  0 97  0  0	
 1  0  15744 63816448 207900 423800    0    0     0     0 3216 2790  3  0 97  0  0	
 1  0  15744 63816448 207900 423804    0    0     0     0 3224 2773  3  0 97  0  0	
procs -----------memory---------- ---swap-- -----io---- --system-- -----cpu-----
 r  b   swpd   free   buff  cache   si   so    bi    bo   in   cs us sy id wa st
 1  0  15744 63816448 207900 423804    0    0     0     0 3291 2897  3  0 97  0  0	
 1  0  15744 63816448 207900 423808    0    0     0     0 3137 2649  3  0 97  0  0	
 1  0  15744 63816448 207900 423812    0    0     0     0 3142 2621  3  0 97  0  0	
 1  0  15744 63816448 207900 423816    0    0     0     0 3194 2701  3  0 97  0  0	
 3  0  15744 63816448 207900 423820    0    0     0     0 3231 2796  3  0 97  0  0	
 0  2  15744 63816448 207900 423824    0    0     0    16 3049 2507  3  0 97  0  0	
