procs -----------memory---------- ---swap-- -----io---- --system-- -----cpu-----
 r  b   swpd   free   buff  cache   si   so    bi    bo   in   cs us sy id wa st
 3  0  15744 64591476 207900 421460    0    0     0     1    0    0 30  1 69  0  0	
 2  0  15744 64403836 207900 421468    0    0     0     0 3658 3543  3  0 97  0  0	
 3  0  15744 64403956 207900 421480    0    0     0     0 3766 4004  3  0 97  0  0	
 2  0  15744 64403708 207900 421480    0    0     0     8 2994 2388  3  0 97  0  0	
 3  0  15744 64403956 207900 421484    0    0     0     0 3482 3349  3  0 97  0  0	
 3  0  15744 64403956 207900 421488    0    0     0     0 3837 4038  3  0 97  0  0	
 3  0  15744 64404260 207900 421492    0    0     0    24 3276 2984  3  0 96  1  0	
 3  0  15744 64404604 207900 421492    0    0     0     0 2950 2355  3  0 97  0  0	
 2  0  15744 64404852 207900 421496    0    0     0     0 3014 2474  3  0 97  0  0	
 1  0  15744 64405000 207900 421500    0    0     0     0 2954 2361  3  0 97  0  0	
 1  0  15744 64405124 207900 421500    0    0     0     0 3016 2421  3  0 97  0  0	
 2  0  15744 64405124 207900 421508    0    0     0     0 3031 2395  3  0 97  0  0	
 2  0  15744 64405196 207900 421508    0    0     0     0 3054 2457  3  0 97  0  0	
 1  0  15744 64405312 207900 421516    0    0     0     0 3018 2390  3  0 97  0  0	
 1  0  15744 64405444 207900 421516    0    0     0     0 3035 2431  3  0 97  0  0	
 1  0  15744 64405568 207900 421520    0    0     0     0 3014 2380  3  0 97  0  0	
 1  0  15744 64405956 207900 421524    0    0     0     0 3035 2425  3  0 97  0  0	
 1  0  15744 64405956 207900 421524    0    0     0     0 3010 2370  3  0 97  0  0	
 1  0  15744 64405956 207900 421524    0    0     0    16 3026 2419  3  0 96  1  0	
 1  0  15744 64406044 207900 421540    0    0     0     0 3003 2363  3  0 97  0  0	
 1  0  15744 64406048 207900 421540    0    0     0     0 3080 2490  3  0 97  0  0	
procs -----------memory---------- ---swap-- -----io---- --system-- -----cpu-----
 r  b   swpd   free   buff  cache   si   so    bi    bo   in   cs us sy id wa st
 1  0  15744 64406144 207900 421544    0    0     0     0 3011 2390  3  0 97  0  0	
 2  0  15744 64406144 207900 421544    0    0     0     0 3033 2416  3  0 97  0  0	
 1  0  15744 64406144 207900 421552    0    0     0     0 3009 2371  3  0 97  0  0	
 2  0  15744 64406144 207900 421552    0    0     0     0 3058 2433  3  0 97  0  0	
 1  0  15744 64406144 207900 421556    0    0     0     0 3043 2387  3  0 97  0  0	
 1  0  15744 64406136 207900 421560    0    0     0     0 3034 2416  3  0 97  0  0	
 2  0  15744 64406136 207900 421564    0    0     0     0 3002 2354  3  0 97  0  0	
 1  0  15744 64406144 207900 421564    0    0     0     0 3014 2408  3  0 97  0  0	
 1  0  15744 64406144 207900 421568    0    0     0    20 3008 2385  3  0 96  1  0	
 2  0  15744 64406144 207900 421568    0    0     0     0 3023 2423  3  0 97  0  0	
 1  0  15744 64406136 207900 421576    0    0     0     0 3033 2384  3  0 97  0  0	
 1  0  15744 64406136 207900 421576    0    0     0     0 3058 2493  3  0 97  0  0	
 2  0  15744 64406012 207900 421584    0    0     0    16 3001 2379  3  0 97  0  0	
 1  0  15744 64406012 207900 421584    0    0     0     0 3049 2417  3  0 97  0  0	
 1  0  15744 64406012 207900 421588    0    0     0     0 3047 2395  3  0 97  0  0	
 1  0  15744 64406012 207900 421588    0    0     0     0 3034 2420  3  0 97  0  0	
 1  0  15744 64406012 207900 421596    0    0     0     0 3012 2381  3  0 97  0  0	
 1  0  15744 64406012 207900 421596    0    0     0     0 3050 2444  3  0 97  0  0	
 1  0  15744 64406020 207900 421608    0    0     0     0 3052 2412  3  0 97  0  0	
 1  0  15744 64406020 207900 421608    0    0     0     0 3050 2460  3  0 97  0  0	
 1  0  15744 64406020 207900 421616    0    0     0     0 3023 2396  3  0 97  0  0	
procs -----------memory---------- ---swap-- -----io---- --system-- -----cpu-----
 r  b   swpd   free   buff  cache   si   so    bi    bo   in   cs us sy id wa st
 1  0  15744 64406020 207900 421616    0    0     0     0 3027 2430  3  0 97  0  0	
 2  0  15744 64406020 207900 421620    0    0     0    16 3022 2398  3  0 96  1  0	
 1  0  15744 64406020 207900 421624    0    0     0     0 3055 2484  3  0 97  0  0	
 1  0  15744 64406020 207900 421628    0    0     0     0 2999 2367  3  0 97  0  0	
 2  0  15744 64406012 207900 421632    0    0     0     0 2998 2399  3  0 97  0  0	
 1  0  15744 64406012 207900 421636    0    0     0     0 2999 2408  3  0 97  0  0	
 1  0  15744 64406020 207900 421636    0    0     0     0 3250 2886  3  0 97  0  0	
 2  0  15744 64406012 207900 421640    0    0     0    16 3155 2703  3  0 96  1  0	
 1  0  15744 64406012 207900 421640    0    0     0     0 2976 2404  3  0 97  0  0	
 1  0  15744 64405888 207900 421648    0    0     0     0 2932 2344  3  0 97  0  0	
 1  0  15744 64405888 207900 421648    0    0     0     0 3030 2415  3  0 97  0  0	
 2  0  15744 64405888 207900 421652    0    0     0     0 2998 2372  3  0 97  0  0	
 1  0  15744 64405888 207900 421652    0    0     0     0 3126 2693  3  0 97  0  0	
 1  0  15744 64405896 207900 421660    0    0     0    16 3096 2556  3  0 96  1  0	
 1  0  15744 64405896 207900 421664    0    0     0     0 3212 2759  3  0 97  0  0	
 1  0  15744 64405896 207900 421668    0    0     0     0 3609 3705  3  0 97  0  0	
 1  0  15744 64405896 207900 421672    0    0     0     0 3049 2519  3  0 97  0  0	
 1  0  15744 64405888 207900 421680    0    0     0     0 2920 2328  3  0 97  0  0	
 1  0  15744 64405888 207900 421680    0    0     0     0 3060 2564  3  0 97  0  0	
 1  0  15744 64405888 207900 421688    0    0     0     0 3035 2476  3  0 97  0  0	
 2  0  15744 64405888 207900 421688    0    0     0     0 3034 2435  3  0 97  0  0	
procs -----------memory---------- ---swap-- -----io---- --system-- -----cpu-----
 r  b   swpd   free   buff  cache   si   so    bi    bo   in   cs us sy id wa st
 1  0  15744 64405888 207900 421692    0    0     0     0 3011 2369  3  0 97  0  0	
 2  0  15744 64405888 207900 421692    0    0     0     0 3565 3561  3  0 97  0  0	
 2  0  15744 64405888 207900 421696    0    0     0     0 3952 4269  3  0 97  0  0	
 1  0  15744 64405748 207900 421700    0    0     0     0 3237 2836  3  0 97  0  0	
 1  0  15744 64405748 207900 421700    0    0     0    16 3025 2413  3  0 96  1  0	
 2  0  15744 64405764 207900 421704    0    0     0     0 3090 2516  3  0 97  0  0	
 1  0  15744 64405764 207900 421708    0    0     0     0 3052 2414  3  0 97  0  0	
 1  0  15744 64405764 207900 421712    0    0     0     0 3607 3566  3  0 97  0  0	
 1  0  15744 64405640 207900 421716    0    0     0     0 3804 4063  3  0 97  0  0	
 1  0  15744 64405640 207900 421716    0    0     0     0 3878 4169  3  0 97  0  0	
 1  0  15744 64405640 207900 421724    0    0     0     4 3809 4053  3  0 97  0  0	
 2  0  15744 64405640 207900 421724    0    0     0    20 3814 4090  3  0 97  0  0	
 1  0  15744 64405632 207900 421728    0    0     0     0 3079 2494  3  0 97  0  0	
 2  0  15744 64405632 207900 421728    0    0     0     0 3074 2484  3  0 97  0  0	
 1  0  15744 64405508 207900 421740    0    0     0     0 3099 2550  3  0 97  0  0	
 1  0  15744 64405512 207900 421740    0    0     0     0 3054 2465  3  0 97  0  0	
 1  0  15744 64405504 207900 421744    0    0     0     0 3017 2398  3  0 97  0  0	
 1  0  15744 64405512 207900 421744    0    0     0     0 3106 2567  3  0 97  0  0	
 2  0  15744 64405512 207900 421752    0    0     0     0 3031 2420  3  0 97  0  0	
 1  0  15744 64405512 207900 421752    0    0     0     0 3064 2472  3  0 97  0  0	
 1  0  15744 64405512 207900 421760    0    0     0     0 3024 2408  3  0 97  0  0	
procs -----------memory---------- ---swap-- -----io---- --system-- -----cpu-----
 r  b   swpd   free   buff  cache   si   so    bi    bo   in   cs us sy id wa st
 3  0  15744 64405644 207900 421760    0    0     0     0 3078 2478  3  0 97  0  0	
 1  0  15744 64405636 207900 421764    0    0     0     0 3044 2423  3  0 97  0  0	
 1  0  15744 64405636 207900 421764    0    0     0     0 3046 2447  3  0 97  0  0	
 2  0  15744 64405636 207900 421768    0    0     0     0 3063 2477  3  0 97  0  0	
 1  0  15744 64405636 207900 421772    0    0     0     0 3048 2460  3  0 97  0  0	
 1  0  15744 64405636 207900 421784    0    0     0    20 3034 2425  3  0 96  1  0	
 2  0  15744 64405636 207900 421784    0    0     0     0 3046 2460  3  0 97  0  0	
 1  0  15744 64405636 207900 421784    0    0     0     0 3069 2454  3  0 97  0  0	
 1  0  15744 64405768 207900 421792    0    0     0     0 3107 2570  3  0 97  0  0	
 1  0  15744 64405768 207900 421796    0    0     0     0 2990 2435  3  0 97  0  0	
 1  0  15744 64405768 207900 421796    0    0     0     0 3203 2820  3  0 97  0  0	
 2  0  15744 64405768 207900 421800    0    0     0     0 3046 2514  3  0 97  0  0	
 1  0  15744 64405768 207900 421800    0    0     0     0 3068 2566  3  0 97  0  0	
 1  0  15744 64405768 207900 421808    0    0     0     0 3417 3303  3  0 97  0  0	
 1  0  15744 64405768 207900 421808    0    0     0     0 3047 2543  3  0 97  0  0	
 1  0  15744 64405768 207900 421820    0    0     0     0 3064 2450  3  0 97  0  0	
 1  0  15744 64405768 207900 421820    0    0     0     0 3085 2501  3  0 97  0  0	
 1  0  15744 64405768 207900 421820    0    0     0     0 3039 2413  3  0 97  0  0	
 1  0  15744 64405768 207900 421820    0    0     0     0 2992 2422  3  0 97  0  0	
 2  0  15744 64405776 207900 421828    0    0     0    20 3040 2452  3  0 96  1  0	
 1  0  15744 64405776 207900 421828    0    0     0     0 3074 2532  3  0 97  0  0	
procs -----------memory---------- ---swap-- -----io---- --system-- -----cpu-----
 r  b   swpd   free   buff  cache   si   so    bi    bo   in   cs us sy id wa st
 3  0  15744 64405768 207900 421832    0    0     0     0 2997 2369  3  0 97  0  0	
 1  0  15744 64405760 207900 421832    0    0     0     0 3091 2514  3  0 97  0  0	
 1  0  15744 64405760 207900 421848    0    0     0     0 3026 2406  3  0 97  0  0	
 1  0  15744 64405768 207900 421848    0    0     0     8 2979 2400  3  0 97  0  0	
 1  0  15744 64405768 207900 421848    0    0     0     0 2998 2377  3  0 97  0  0	
 2  0  15744 64405768 207900 421848    0    0     0     0 3075 2489  3  0 97  0  0	
 1  0  15744 64405768 207900 421856    0    0     0     0 3051 2442  3  0 97  0  0	
 2  0  15744 64405768 207900 421856    0    0     0     0 2970 2405  3  0 97  0  0	
 1  0  15744 64405768 207900 421860    0    0     0     0 3032 2423  3  0 97  0  0	
 1  0  15744 64405768 207900 421860    0    0     0     0 3140 2606  3  0 97  0  0	
 2  0  15744 64405760 207900 421876    0    0     0    16 3064 2438  3  0 96  1  0	
 2  0  15744 64405768 207900 421876    0    0     0     0 3075 2519  3  0 97  0  0	
 2  0  15744 64405768 207900 421880    0    0     0     0 3026 2429  3  0 97  0  0	
 1  0  15744 64405768 207900 421880    0    0     0     0 3094 2532  3  0 97  0  0	
 2  0  15744 64405768 207900 421880    0    0     0     0 3018 2391  3  0 97  0  0	
 1  0  15744 64405768 207900 421884    0    0     0     0 3037 2432  3  0 97  0  0	
 1  0  15744 64405768 207900 421884    0    0     0     0 3094 2536  3  0 97  0  0	
