Linux 2.6.32-279.14.1.el6.x86_64 (compute-641-20.local) 	04/18/20 	_x86_64_	(32 CPU)

17:02:09     CPU    %usr   %nice    %sys %iowait    %irq   %soft  %steal  %guest   %idle
17:02:11     all   54.65    0.00    3.16    0.02    0.00    0.03    0.00    0.00   42.14
17:02:11       0   59.60    0.00    4.04    0.00    0.00    0.00    0.00    0.00   36.36
17:02:11       1   59.00    0.00    2.50    0.00    0.00    0.00    0.00    0.00   38.50
17:02:11       2   58.71    0.00    2.49    0.00    0.00    0.00    0.00    0.00   38.81
17:02:11       3   57.71    0.00    3.48    0.00    0.00    0.00    0.00    0.00   38.81
17:02:11       4   57.50    0.00    3.50    0.00    0.00    0.00    0.00    0.00   39.00
17:02:11       5   58.00    0.00    3.50    0.00    0.00    0.00    0.00    0.00   38.50
17:02:11       6   57.71    0.00    2.99    0.00    0.00    0.00    0.00    0.00   39.30
17:02:11       7   57.50    0.00    3.50    0.00    0.00    0.00    0.00    0.00   39.00
17:02:11       8   32.16    0.00    1.51    0.00    0.00    0.00    0.00    0.00   66.33
17:02:11       9   57.50    0.00    3.50    0.00    0.00    0.00    0.00    0.00   39.00
17:02:11      10   57.21    0.00    3.48    0.00    0.00    0.00    0.00    0.00   39.30
17:02:11      11   53.00    0.00    2.00    0.00    0.00    0.00    0.00    0.00   45.00
17:02:11      12   57.50    0.00    3.50    0.00    0.00    0.00    0.00    0.00   39.00
17:02:11      13   57.00    0.00    3.00    0.00    0.00    0.00    0.00    0.00   40.00
17:02:11      14   35.68    0.00    1.51    0.00    0.00    0.00    0.00    0.00   62.81
17:02:11      15   57.50    0.00    3.50    0.00    0.00    0.00    0.00    0.00   39.00
17:02:11      16   58.29    0.00    3.52    0.00    0.00    0.00    0.00    0.00   38.19
17:02:11      17   61.00    0.00    3.00    0.00    0.00    0.00    0.00    0.00   36.00
17:02:11      18   59.30    0.00    3.02    0.00    0.00    0.00    0.00    0.00   37.69
17:02:11      19   53.27    0.00   12.06    0.00    0.00    0.00    0.00    0.00   34.67
17:02:11      20   58.29    0.00    3.02    0.00    0.00    0.50    0.00    0.00   38.19
17:02:11      21   58.00    0.00    3.00    0.00    0.00    0.00    0.00    0.00   39.00
17:02:11      22   58.50    0.00    2.50    0.00    0.00    0.00    0.00    0.00   39.00
17:02:11      23   58.00    0.00    3.00    0.00    0.00    0.00    0.00    0.00   39.00
17:02:11      24   58.50    0.00    2.50    0.00    0.00    0.00    0.00    0.00   39.00
17:02:11      25   59.60    0.00    4.04    0.00    0.00    0.00    0.00    0.00   36.36
17:02:11      26   59.20    0.00    2.99    0.50    0.00    0.00    0.00    0.00   37.31
17:02:11      27   58.50    0.00    2.50    0.00    0.00    0.00    0.00    0.00   39.00
17:02:11      28   57.50    0.00    3.50    0.00    0.00    0.00    0.00    0.00   39.00
17:02:11      29   58.79    0.00    2.01    0.00    0.00    0.00    0.00    0.00   39.20
17:02:11      30   58.29    0.00    2.51    0.00    0.00    0.00    0.00    0.00   39.20
17:02:11      31    0.00    0.00    0.00    0.00    0.00    0.00    0.00    0.00  100.00

17:02:11     CPU    %usr   %nice    %sys %iowait    %irq   %soft  %steal  %guest   %idle
17:02:13     all   89.98    0.00    3.75    0.00    0.00    0.02    0.00    0.00    6.25
17:02:13       0   95.00    0.00    5.00    0.00    0.00    0.00    0.00    0.00    0.00
17:02:13       1   97.49    0.00    2.51    0.00    0.00    0.00    0.00    0.00    0.00
17:02:13       2   97.50    0.00    2.50    0.00    0.00    0.00    0.00    0.00    0.00
17:02:13       3   95.50    0.00    4.50    0.00    0.00    0.00    0.00    0.00    0.00
17:02:13       4   96.00    0.00    4.00    0.00    0.00    0.00    0.00    0.00    0.00
17:02:13       5   96.50    0.00    3.50    0.00    0.00    0.00    0.00    0.00    0.00
17:02:13       6   97.00    0.00    3.00    0.00    0.00    0.00    0.00    0.00    0.00
17:02:13       7   95.02    0.00    4.98    0.00    0.00    0.00    0.00    0.00    0.00
17:02:13       8   74.50    0.00    3.50    0.00    0.00    0.00    0.00    0.00   22.00
17:02:13       9   77.89    0.00    4.02    0.00    0.00    0.00    0.00    0.00   18.09
17:02:13      10   84.42    0.00    3.02    0.00    0.00    0.00    0.00    0.00   12.56
17:02:13      11   83.00    0.00    3.00    0.00    0.00    0.00    0.00    0.00   14.00
17:02:13      12   92.42    0.00    5.05    0.00    0.00    0.00    0.00    0.00    2.53
17:02:13      13   68.66    0.00    3.48    0.00    0.00    0.00    0.00    0.00   27.86
17:02:13      14   93.50    0.00    4.50    0.00    0.00    0.00    0.00    0.00    2.00
17:02:13      15   76.50    0.00    4.50    0.00    0.00    0.00    0.00    0.00   19.00
17:02:13      16   96.02    0.00    3.98    0.00    0.00    0.00    0.00    0.00    0.00
17:02:13      17   97.49    0.00    2.51    0.00    0.00    0.00    0.00    0.00    0.00
17:02:13      18   97.01    0.00    2.99    0.00    0.00    0.00    0.00    0.00    0.00
17:02:13      19   90.50    0.00    9.50    0.00    0.00    0.00    0.00    0.00    0.00
17:02:13      20   96.00    0.00    3.50    0.00    0.00    0.50    0.00    0.00    0.00
17:02:13      21   96.00    0.00    4.00    0.00    0.00    0.00    0.00    0.00    0.00
17:02:13      22   97.50    0.00    2.50    0.00    0.00    0.00    0.00    0.00    0.00
17:02:13      23   97.50    0.00    2.50    0.00    0.00    0.00    0.00    0.00    0.00
17:02:13      24   94.50    0.00    5.50    0.00    0.00    0.00    0.00    0.00    0.00
17:02:13      25   98.00    0.00    2.00    0.00    0.00    0.00    0.00    0.00    0.00
17:02:13      26   97.00    0.00    3.00    0.00    0.00    0.00    0.00    0.00    0.00
17:02:13      27   96.52    0.00    3.48    0.00    0.00    0.00    0.00    0.00    0.00
17:02:13      28   95.00    0.00    5.00    0.00    0.00    0.00    0.00    0.00    0.00
17:02:13      29   96.50    0.00    3.50    0.00    0.00    0.00    0.00    0.00    0.00
17:02:13      30   95.02    0.00    4.98    0.00    0.00    0.00    0.00    0.00    0.00
17:02:13      31   18.00    0.00    1.00    0.00    0.00    0.00    0.00    0.00   81.00

17:02:13     CPU    %usr   %nice    %sys %iowait    %irq   %soft  %steal  %guest   %idle
17:02:15     all   90.12    0.00    3.61    0.36    0.00    0.02    0.00    0.00    5.89
17:02:15       0   96.00    0.00    4.00    0.00    0.00    0.00    0.00    0.00    0.00
17:02:15       1   95.52    0.00    4.48    0.00    0.00    0.00    0.00    0.00    0.00
17:02:15       2   97.49    0.00    2.51    0.00    0.00    0.00    0.00    0.00    0.00
17:02:15       3   96.00    0.00    4.00    0.00    0.00    0.00    0.00    0.00    0.00
17:02:15       4   95.50    0.00    4.50    0.00    0.00    0.00    0.00    0.00    0.00
17:02:15       5   96.48    0.00    3.52    0.00    0.00    0.00    0.00    0.00    0.00
17:02:15       6   97.00    0.00    3.00    0.00    0.00    0.00    0.00    0.00    0.00
17:02:15       7   97.00    0.00    3.00    0.00    0.00    0.00    0.00    0.00    0.00
17:02:15       8   97.00    0.00    2.50    0.00    0.00    0.00    0.00    0.00    0.50
17:02:15       9   95.02    0.00    4.98    0.00    0.00    0.00    0.00    0.00    0.00
17:02:15      10   87.56    0.00    4.48    0.00    0.00    0.00    0.00    0.00    7.96
17:02:15      11   95.00    0.00    5.00    0.00    0.00    0.00    0.00    0.00    0.00
17:02:15      12   94.53    0.00    5.47    0.00    0.00    0.00    0.00    0.00    0.00
17:02:15      13    8.59    0.00    0.00   11.11    0.00    0.00    0.00    0.00   80.30
17:02:15      14   96.00    0.00    3.50    0.00    0.00    0.00    0.00    0.00    0.50
17:02:15      15    0.00    0.00    0.00    0.00    0.00    0.00    0.00    0.00  100.00
17:02:15      16   95.98    0.00    4.02    0.00    0.00    0.00    0.00    0.00    0.00
17:02:15      17   97.01    0.00    2.99    0.00    0.00    0.00    0.00    0.00    0.00
17:02:15      18   97.50    0.00    2.50    0.00    0.00    0.00    0.00    0.00    0.00
17:02:15      19   93.00    0.00    7.00    0.00    0.00    0.00    0.00    0.00    0.00
17:02:15      20   95.02    0.00    3.98    0.00    0.00    1.00    0.00    0.00    0.00
17:02:15      21   96.50    0.00    3.50    0.00    0.00    0.00    0.00    0.00    0.00
17:02:15      22   97.00    0.00    3.00    0.00    0.00    0.00    0.00    0.00    0.00
17:02:15      23   97.50    0.00    2.50    0.00    0.00    0.00    0.00    0.00    0.00
17:02:15      24   96.00    0.00    4.00    0.00    0.00    0.00    0.00    0.00    0.00
17:02:15      25   97.00    0.00    3.00    0.00    0.00    0.00    0.00    0.00    0.00
17:02:15      26   96.98    0.00    3.02    0.00    0.00    0.00    0.00    0.00    0.00
17:02:15      27   96.98    0.00    3.02    0.00    0.00    0.00    0.00    0.00    0.00
17:02:15      28   93.97    0.00    6.03    0.00    0.00    0.00    0.00    0.00    0.00
17:02:15      29   97.00    0.00    3.00    0.00    0.00    0.00    0.00    0.00    0.00
17:02:15      30   96.00    0.00    4.00    0.00    0.00    0.00    0.00    0.00    0.00
17:02:15      31   94.50    0.00    5.00    0.00    0.00    0.00    0.00    0.00    0.50

17:02:15     CPU    %usr   %nice    %sys %iowait    %irq   %soft  %steal  %guest   %idle
17:02:17     all   90.11    0.00    3.61    0.00    0.00    0.03    0.00    0.00    6.25
17:02:17       0   94.50    0.00    5.50    0.00    0.00    0.00    0.00    0.00    0.00
17:02:17       1   96.50    0.00    3.50    0.00    0.00    0.00    0.00    0.00    0.00
17:02:17       2   97.00    0.00    3.00    0.00    0.00    0.00    0.00    0.00    0.00
17:02:17       3   97.49    0.00    2.51    0.00    0.00    0.00    0.00    0.00    0.00
17:02:17       4   97.00    0.00    3.00    0.00    0.00    0.00    0.00    0.00    0.00
17:02:17       5   95.02    0.00    4.98    0.00    0.00    0.00    0.00    0.00    0.00
17:02:17       6   96.48    0.00    3.52    0.00    0.00    0.00    0.00    0.00    0.00
17:02:17       7   96.00    0.00    4.00    0.00    0.00    0.00    0.00    0.00    0.00
17:02:17       8   95.02    0.00    4.98    0.00    0.00    0.00    0.00    0.00    0.00
17:02:17       9   95.50    0.00    4.50    0.00    0.00    0.00    0.00    0.00    0.00
17:02:17      10    6.53    0.00    0.00    0.00    0.00    0.00    0.00    0.00   93.47
17:02:17      11   95.00    0.00    5.00    0.00    0.00    0.00    0.00    0.00    0.00
17:02:17      12   95.00    0.00    5.00    0.00    0.00    0.00    0.00    0.00    0.00
17:02:17      13   95.52    0.00    4.48    0.00    0.00    0.00    0.00    0.00    0.00
17:02:17      14   90.00    0.00    3.50    0.00    0.00    0.00    0.00    0.00    6.50
17:02:17      15    0.00    0.00    0.00    0.00    0.00    0.00    0.00    0.00  100.00
17:02:17      16   94.53    0.00    5.47    0.00    0.00    0.00    0.00    0.00    0.00
17:02:17      17   97.50    0.00    2.50    0.00    0.00    0.00    0.00    0.00    0.00
17:02:17      18   97.49    0.00    2.51    0.00    0.00    0.00    0.00    0.00    0.00
17:02:17      19   92.00    0.00    8.00    0.00    0.00    0.00    0.00    0.00    0.00
17:02:17      20   96.48    0.00    3.52    0.00    0.00    0.00    0.00    0.00    0.00
17:02:17      21   97.00    0.00    3.00    0.00    0.00    0.00    0.00    0.00    0.00
17:02:17      22   98.00    0.00    2.00    0.00    0.00    0.00    0.00    0.00    0.00
17:02:17      23   97.99    0.00    2.01    0.00    0.00    0.00    0.00    0.00    0.00
17:02:17      24   95.50    0.00    4.50    0.00    0.00    0.00    0.00    0.00    0.00
17:02:17      25   97.00    0.00    3.00    0.00    0.00    0.00    0.00    0.00    0.00
17:02:17      26   97.00    0.00    3.00    0.00    0.00    0.00    0.00    0.00    0.00
17:02:17      27   97.00    0.00    3.00    0.00    0.00    0.00    0.00    0.00    0.00
17:02:17      28   94.50    0.00    5.50    0.00    0.00    0.00    0.00    0.00    0.00
17:02:17      29   96.98    0.00    3.02    0.00    0.00    0.00    0.00    0.00    0.00
17:02:17      30   96.00    0.00    4.00    0.00    0.00    0.00    0.00    0.00    0.00
17:02:17      31   97.00    0.00    3.00    0.00    0.00    0.00    0.00    0.00    0.00

17:02:17     CPU    %usr   %nice    %sys %iowait    %irq   %soft  %steal  %guest   %idle
17:02:19     all   90.06    0.00    3.67    0.00    0.00    0.03    0.00    0.00    6.24
17:02:19       0   95.00    0.00    5.00    0.00    0.00    0.00    0.00    0.00    0.00
17:02:19       1   97.00    0.00    3.00    0.00    0.00    0.00    0.00    0.00    0.00
17:02:19       2   95.52    0.00    4.48    0.00    0.00    0.00    0.00    0.00    0.00
17:02:19       3   96.00    0.00    4.00    0.00    0.00    0.00    0.00    0.00    0.00
17:02:19       4   96.50    0.00    3.50    0.00    0.00    0.00    0.00    0.00    0.00
17:02:19       5   94.50    0.00    5.50    0.00    0.00    0.00    0.00    0.00    0.00
17:02:19       6   97.01    0.00    2.99    0.00    0.00    0.00    0.00    0.00    0.00
17:02:19       7   97.49    0.00    2.51    0.00    0.00    0.00    0.00    0.00    0.00
17:02:19       8   70.35    0.00    3.02    0.00    0.00    0.00    0.00    0.00   26.63
17:02:19       9   94.50    0.00    5.50    0.00    0.00    0.00    0.00    0.00    0.00
17:02:19      10   50.00    0.00    2.50    0.00    0.00    0.00    0.00    0.00   47.50
17:02:19      11   94.50    0.00    5.50    0.00    0.00    0.00    0.00    0.00    0.00
17:02:19      12   94.50    0.00    5.50    0.00    0.00    0.00    0.00    0.00    0.00
17:02:19      13   95.50    0.00    4.50    0.00    0.00    0.00    0.00    0.00    0.00
17:02:19      14   94.97    0.00    2.51    0.00    0.00    0.00    0.00    0.00    2.51
17:02:19      15    0.00    0.00    0.00    0.00    0.00    0.00    0.00    0.00  100.00
17:02:19      16   96.98    0.00    3.02    0.00    0.00    0.00    0.00    0.00    0.00
17:02:19      17   96.98    0.00    3.02    0.00    0.00    0.00    0.00    0.00    0.00
17:02:19      18   97.51    0.00    2.49    0.00    0.00    0.00    0.00    0.00    0.00
17:02:19      19   92.50    0.00    7.50    0.00    0.00    0.00    0.00    0.00    0.00
17:02:19      20   94.53    0.00    3.98    0.00    0.00    1.49    0.00    0.00    0.00
17:02:19      21   97.50    0.00    2.50    0.00    0.00    0.00    0.00    0.00    0.00
17:02:19      22   97.99    0.00    2.01    0.00    0.00    0.00    0.00    0.00    0.00
17:02:19      23   97.01    0.00    2.99    0.00    0.00    0.00    0.00    0.00    0.00
17:02:19      24   94.50    0.00    5.50    0.00    0.00    0.00    0.00    0.00    0.00
17:02:19      25   97.00    0.00    3.00    0.00    0.00    0.00    0.00    0.00    0.00
17:02:19      26   96.52    0.00    3.48    0.00    0.00    0.00    0.00    0.00    0.00
17:02:19      27   97.50    0.00    2.50    0.00    0.00    0.00    0.00    0.00    0.00
17:02:19      28   94.53    0.00    5.47    0.00    0.00    0.00    0.00    0.00    0.00
17:02:19      29   97.00    0.00    3.00    0.00    0.00    0.00    0.00    0.00    0.00
17:02:19      30   96.00    0.00    4.00    0.00    0.00    0.00    0.00    0.00    0.00
17:02:19      31   74.87    0.00    2.01    0.00    0.00    0.00    0.00    0.00   23.12

17:02:19     CPU    %usr   %nice    %sys %iowait    %irq   %soft  %steal  %guest   %idle
17:02:21     all   89.92    0.00    3.81    0.30    0.00    0.02    0.00    0.00    5.95
17:02:21       0   89.05    0.00   10.95    0.00    0.00    0.00    0.00    0.00    0.00
17:02:21       1   96.50    0.00    3.50    0.00    0.00    0.00    0.00    0.00    0.00
17:02:21       2   95.98    0.00    4.02    0.00    0.00    0.00    0.00    0.00    0.00
17:02:21       3   95.50    0.00    4.50    0.00    0.00    0.00    0.00    0.00    0.00
17:02:21       4   95.50    0.00    4.50    0.00    0.00    0.00    0.00    0.00    0.00
17:02:21       5   97.00    0.00    3.00    0.00    0.00    0.00    0.00    0.00    0.00
17:02:21       6   96.98    0.00    3.02    0.00    0.00    0.00    0.00    0.00    0.00
17:02:21       7   96.50    0.00    3.50    0.00    0.00    0.00    0.00    0.00    0.00
17:02:21       8    0.00    0.00    0.00    9.50    0.00    0.00    0.00    0.00   90.50
17:02:21       9   94.97    0.00    5.03    0.00    0.00    0.00    0.00    0.00    0.00
17:02:21      10   41.00    0.00    1.50    0.00    0.00    0.00    0.00    0.00   57.50
17:02:21      11   95.50    0.00    4.50    0.00    0.00    0.00    0.00    0.00    0.00
17:02:21      12   94.97    0.00    5.03    0.00    0.00    0.00    0.00    0.00    0.00
17:02:21      13   95.50    0.00    4.50    0.00    0.00    0.00    0.00    0.00    0.00
17:02:21      14   95.54    0.00    3.47    0.00    0.00    0.00    0.00    0.00    0.99
17:02:21      15   55.78    0.00    2.51    0.00    0.00    0.00    0.00    0.00   41.71
17:02:21      16   95.02    0.00    4.98    0.00    0.00    0.00    0.00    0.00    0.00
17:02:21      17   97.00    0.00    3.00    0.00    0.00    0.00    0.00    0.00    0.00
17:02:21      18   97.00    0.00    3.00    0.00    0.00    0.00    0.00    0.00    0.00
17:02:21      19   96.48    0.00    3.52    0.00    0.00    0.00    0.00    0.00    0.00
17:02:21      20   95.98    0.00    3.52    0.00    0.00    0.50    0.00    0.00    0.00
17:02:21      21   96.50    0.00    3.50    0.00    0.00    0.00    0.00    0.00    0.00
17:02:21      22   97.00    0.00    3.00    0.00    0.00    0.00    0.00    0.00    0.00
17:02:21      23   97.49    0.00    2.51    0.00    0.00    0.00    0.00    0.00    0.00
17:02:21      24   95.00    0.00    5.00    0.00    0.00    0.00    0.00    0.00    0.00
17:02:21      25   97.50    0.00    2.50    0.00    0.00    0.00    0.00    0.00    0.00
17:02:21      26   96.98    0.00    3.02    0.00    0.00    0.00    0.00    0.00    0.00
17:02:21      27   97.00    0.00    3.00    0.00    0.00    0.00    0.00    0.00    0.00
17:02:21      28   94.50    0.00    5.50    0.00    0.00    0.00    0.00    0.00    0.00
17:02:21      29   97.00    0.00    3.00    0.00    0.00    0.00    0.00    0.00    0.00
17:02:21      30   95.00    0.00    5.00    0.00    0.00    0.00    0.00    0.00    0.00
17:02:21      31   95.52    0.00    4.48    0.00    0.00    0.00    0.00    0.00    0.00

17:02:21     CPU    %usr   %nice    %sys %iowait    %irq   %soft  %steal  %guest   %idle
17:02:23     all   90.01    0.00    3.72    0.00    0.00    0.03    0.00    0.00    6.24
17:02:23       0   94.97    0.00    5.03    0.00    0.00    0.00    0.00    0.00    0.00
17:02:23       1   95.48    0.00    4.52    0.00    0.00    0.00    0.00    0.00    0.00
17:02:23       2   96.00    0.00    4.00    0.00    0.00    0.00    0.00    0.00    0.00
17:02:23       3   94.50    0.00    5.50    0.00    0.00    0.00    0.00    0.00    0.00
17:02:23       4   96.48    0.00    3.52    0.00    0.00    0.00    0.00    0.00    0.00
17:02:23       5   94.50    0.00    5.50    0.00    0.00    0.00    0.00    0.00    0.00
17:02:23       6   96.02    0.00    3.98    0.00    0.00    0.00    0.00    0.00    0.00
17:02:23       7   95.50    0.00    4.50    0.00    0.00    0.00    0.00    0.00    0.00
17:02:23       8   17.09    0.00    0.50    0.00    0.00    0.00    0.00    0.00   82.41
17:02:23       9   95.50    0.00    4.50    0.00    0.00    0.00    0.00    0.00    0.00
17:02:23      10    0.00    0.00    0.00    0.00    0.00    0.00    0.00    0.00  100.00
17:02:23      11   95.50    0.00    4.50    0.00    0.00    0.00    0.00    0.00    0.00
17:02:23      12   94.53    0.00    5.47    0.00    0.00    0.00    0.00    0.00    0.00
17:02:23      13   97.49    0.00    2.51    0.00    0.00    0.00    0.00    0.00    0.00
17:02:23      14   79.90    0.00    2.51    0.00    0.00    0.00    0.00    0.00   17.59
17:02:23      15   95.02    0.00    4.98    0.00    0.00    0.00    0.00    0.00    0.00
17:02:23      16   96.48    0.00    3.52    0.00    0.00    0.00    0.00    0.00    0.00
17:02:23      17   97.00    0.00    3.00    0.00    0.00    0.00    0.00    0.00    0.00
17:02:23      18   97.49    0.00    2.51    0.00    0.00    0.00    0.00    0.00    0.00
17:02:23      19   95.00    0.00    5.00    0.00    0.00    0.00    0.00    0.00    0.00
17:02:23      20   96.50    0.00    2.50    0.00    0.00    1.00    0.00    0.00    0.00
17:02:23      21   96.50    0.00    3.50    0.00    0.00    0.00    0.00    0.00    0.00
17:02:23      22   97.51    0.00    2.49    0.00    0.00    0.00    0.00    0.00    0.00
17:02:23      23   97.00    0.00    3.00    0.00    0.00    0.00    0.00    0.00    0.00
17:02:23      24   95.50    0.00    4.50    0.00    0.00    0.00    0.00    0.00    0.00
17:02:23      25   97.00    0.00    3.00    0.00    0.00    0.00    0.00    0.00    0.00
17:02:23      26   97.01    0.00    2.99    0.00    0.00    0.00    0.00    0.00    0.00
17:02:23      27   96.00    0.00    4.00    0.00    0.00    0.00    0.00    0.00    0.00
17:02:23      28   96.00    0.00    4.00    0.00    0.00    0.00    0.00    0.00    0.00
17:02:23      29   97.00    0.00    3.00    0.00    0.00    0.00    0.00    0.00    0.00
17:02:23      30   96.00    0.00    4.00    0.00    0.00    0.00    0.00    0.00    0.00
17:02:23      31   95.48    0.00    4.52    0.00    0.00    0.00    0.00    0.00    0.00

17:02:23     CPU    %usr   %nice    %sys %iowait    %irq   %soft  %steal  %guest   %idle
17:02:25     all   90.06    0.00    3.66    0.00    0.00    0.03    0.00    0.00    6.25
17:02:25       0   95.50    0.00    4.50    0.00    0.00    0.00    0.00    0.00    0.00
17:02:25       1   97.51    0.00    2.49    0.00    0.00    0.00    0.00    0.00    0.00
17:02:25       2   96.00    0.00    4.00    0.00    0.00    0.00    0.00    0.00    0.00
17:02:25       3   96.02    0.00    3.98    0.00    0.00    0.00    0.00    0.00    0.00
17:02:25       4   94.53    0.00    5.47    0.00    0.00    0.00    0.00    0.00    0.00
17:02:25       5   96.50    0.00    3.50    0.00    0.00    0.00    0.00    0.00    0.00
17:02:25       6   95.00    0.00    5.00    0.00    0.00    0.00    0.00    0.00    0.00
17:02:25       7   96.50    0.00    3.50    0.00    0.00    0.00    0.00    0.00    0.00
17:02:25       8   66.83    0.00    4.46    0.00    0.00    0.00    0.00    0.00   28.71
17:02:25       9   36.82    0.00    1.99    0.00    0.00    0.00    0.00    0.00   61.19
17:02:25      10    0.00    0.00    0.00    0.00    0.00    0.00    0.00    0.00  100.00
17:02:25      11   94.00    0.00    5.50    0.00    0.00    0.00    0.00    0.00    0.50
17:02:25      12   95.50    0.00    4.50    0.00    0.00    0.00    0.00    0.00    0.00
17:02:25      13   94.55    0.00    4.46    0.00    0.00    0.00    0.00    0.00    0.99
17:02:25      14   88.50    0.00    2.50    0.00    0.00    0.00    0.00    0.00    9.00
17:02:25      15   95.50    0.00    4.50    0.00    0.00    0.00    0.00    0.00    0.00
17:02:25      16   96.02    0.00    3.98    0.00    0.00    0.00    0.00    0.00    0.00
17:02:25      17   97.51    0.00    2.49    0.00    0.00    0.00    0.00    0.00    0.00
17:02:25      18   98.00    0.00    2.00    0.00    0.00    0.00    0.00    0.00    0.00
17:02:25      19   96.02    0.00    3.48    0.00    0.00    0.50    0.00    0.00    0.00
17:02:25      20   92.04    0.00    6.97    0.00    0.00    1.00    0.00    0.00    0.00
17:02:25      21   94.50    0.00    5.50    0.00    0.00    0.00    0.00    0.00    0.00
17:02:25      22   98.00    0.00    2.00    0.00    0.00    0.00    0.00    0.00    0.00
17:02:25      23   97.00    0.00    3.00    0.00    0.00    0.00    0.00    0.00    0.00
17:02:25      24   94.50    0.00    5.50    0.00    0.00    0.00    0.00    0.00    0.00
17:02:25      25   97.00    0.00    3.00    0.00    0.00    0.00    0.00    0.00    0.00
17:02:25      26   97.49    0.00    2.51    0.00    0.00    0.00    0.00    0.00    0.00
17:02:25      27   97.50    0.00    2.50    0.00    0.00    0.00    0.00    0.00    0.00
17:02:25      28   95.50    0.00    4.50    0.00    0.00    0.00    0.00    0.00    0.00
17:02:25      29   96.52    0.00    3.48    0.00    0.00    0.00    0.00    0.00    0.00
17:02:25      30   95.50    0.00    4.50    0.00    0.00    0.00    0.00    0.00    0.00
17:02:25      31   95.00    0.00    5.00    0.00    0.00    0.00    0.00    0.00    0.00

17:02:25     CPU    %usr   %nice    %sys %iowait    %irq   %soft  %steal  %guest   %idle
17:02:27     all   90.05    0.00    3.69    0.30    0.00    0.03    0.00    0.00    5.94
17:02:27       0   97.50    0.00    2.50    0.00    0.00    0.00    0.00    0.00    0.00
17:02:27       1   97.50    0.00    2.50    0.00    0.00    0.00    0.00    0.00    0.00
17:02:27       2   95.50    0.00    4.50    0.00    0.00    0.00    0.00    0.00    0.00
17:02:27       3   95.48    0.00    4.52    0.00    0.00    0.00    0.00    0.00    0.00
17:02:27       4   97.00    0.00    3.00    0.00    0.00    0.00    0.00    0.00    0.00
17:02:27       5   96.48    0.00    3.52    0.00    0.00    0.00    0.00    0.00    0.00
17:02:27       6   96.48    0.00    3.52    0.00    0.00    0.00    0.00    0.00    0.00
17:02:27       7   96.50    0.00    3.50    0.00    0.00    0.00    0.00    0.00    0.00
17:02:27       8   53.27    0.00    3.02    0.00    0.00    0.00    0.00    0.00   43.72
17:02:27       9   95.98    0.00    4.02    0.00    0.00    0.00    0.00    0.00    0.00
17:02:27      10    0.00    0.00    0.50    9.90    0.00    0.00    0.00    0.00   89.60
17:02:27      11   96.00    0.00    4.00    0.00    0.00    0.00    0.00    0.00    0.00
17:02:27      12   94.47    0.00    5.53    0.00    0.00    0.00    0.00    0.00    0.00
17:02:27      13   96.98    0.00    3.02    0.00    0.00    0.00    0.00    0.00    0.00
17:02:27      14   94.00    0.00    5.00    0.00    0.00    0.00    0.00    0.00    1.00
17:02:27      15   95.48    0.00    4.52    0.00    0.00    0.00    0.00    0.00    0.00
17:02:27      16   95.48    0.00    4.52    0.00    0.00    0.00    0.00    0.00    0.00
17:02:27      17   97.49    0.00    2.51    0.00    0.00    0.00    0.00    0.00    0.00
17:02:27      18   97.00    0.00    3.00    0.00    0.00    0.00    0.00    0.00    0.00
17:02:27      19   96.00    0.00    4.00    0.00    0.00    0.00    0.00    0.00    0.00
17:02:27      20   90.95    0.00    8.04    0.00    0.00    1.01    0.00    0.00    0.00
17:02:27      21   95.00    0.00    5.00    0.00    0.00    0.00    0.00    0.00    0.00
17:02:27      22   97.50    0.00    2.50    0.00    0.00    0.00    0.00    0.00    0.00
17:02:27      23   97.01    0.00    2.99    0.00    0.00    0.00    0.00    0.00    0.00
17:02:27      24   96.50    0.00    3.50    0.00    0.00    0.00    0.00    0.00    0.00
17:02:27      25   97.51    0.00    2.49    0.00    0.00    0.00    0.00    0.00    0.00
17:02:27      26   97.50    0.00    2.50    0.00    0.00    0.00    0.00    0.00    0.00
17:02:27      27   97.00    0.00    3.00    0.00    0.00    0.00    0.00    0.00    0.00
17:02:27      28   94.00    0.00    6.00    0.00    0.00    0.00    0.00    0.00    0.00
17:02:27      29   96.98    0.00    3.02    0.00    0.00    0.00    0.00    0.00    0.00
17:02:27      30   95.98    0.00    4.02    0.00    0.00    0.00    0.00    0.00    0.00
17:02:27      31   42.79    0.00    1.99    0.00    0.00    0.00    0.00    0.00   55.22

17:02:27     CPU    %usr   %nice    %sys %iowait    %irq   %soft  %steal  %guest   %idle
17:02:29     all   89.90    0.00    3.78    0.00    0.00    0.06    0.00    0.00    6.25
17:02:29       0   97.00    0.00    3.00    0.00    0.00    0.00    0.00    0.00    0.00
17:02:29       1   95.00    0.00    5.00    0.00    0.00    0.00    0.00    0.00    0.00
17:02:29       2   96.50    0.00    3.50    0.00    0.00    0.00    0.00    0.00    0.00
17:02:29       3   97.00    0.00    3.00    0.00    0.00    0.00    0.00    0.00    0.00
17:02:29       4   97.00    0.00    3.00    0.00    0.00    0.00    0.00    0.00    0.00
17:02:29       5   95.00    0.00    5.00    0.00    0.00    0.00    0.00    0.00    0.00
17:02:29       6   95.00    0.00    5.00    0.00    0.00    0.00    0.00    0.00    0.00
17:02:29       7   96.00    0.00    4.00    0.00    0.00    0.00    0.00    0.00    0.00
17:02:29       8   95.50    0.00    4.50    0.00    0.00    0.00    0.00    0.00    0.00
17:02:29       9   96.00    0.00    4.00    0.00    0.00    0.00    0.00    0.00    0.00
17:02:29      10   59.09    0.00    2.53    0.00    0.00    0.00    0.00    0.00   38.38
17:02:29      11   96.50    0.00    3.50    0.00    0.00    0.00    0.00    0.00    0.00
17:02:29      12   94.03    0.00    5.97    0.00    0.00    0.00    0.00    0.00    0.00
17:02:29      13   97.51    0.00    2.49    0.00    0.00    0.00    0.00    0.00    0.00
17:02:29      14   36.00    0.00    2.50    0.00    0.00    0.00    0.00    0.00   61.50
17:02:29      15   95.50    0.00    4.50    0.00    0.00    0.00    0.00    0.00    0.00
17:02:29      16   95.50    0.00    4.50    0.00    0.00    0.00    0.00    0.00    0.00
17:02:29      17   97.00    0.00    3.00    0.00    0.00    0.00    0.00    0.00    0.00
17:02:29      18   97.00    0.00    3.00    0.00    0.00    0.00    0.00    0.00    0.00
17:02:29      19   96.50    0.00    3.50    0.00    0.00    0.00    0.00    0.00    0.00
17:02:29      20   92.50    0.00    6.00    0.00    0.00    1.50    0.00    0.00    0.00
17:02:29      21   96.50    0.00    3.50    0.00    0.00    0.00    0.00    0.00    0.00
17:02:29      22   95.50    0.00    4.50    0.00    0.00    0.00    0.00    0.00    0.00
17:02:29      23   95.48    0.00    4.52    0.00    0.00    0.00    0.00    0.00    0.00
17:02:29      24   94.50    0.00    5.50    0.00    0.00    0.00    0.00    0.00    0.00
17:02:29      25   97.49    0.00    2.51    0.00    0.00    0.00    0.00    0.00    0.00
17:02:29      26   96.50    0.00    3.50    0.00    0.00    0.00    0.00    0.00    0.00
17:02:29      27   96.02    0.00    3.98    0.00    0.00    0.00    0.00    0.00    0.00
17:02:29      28   95.00    0.00    5.00    0.00    0.00    0.00    0.00    0.00    0.00
17:02:29      29   96.50    0.00    3.50    0.00    0.00    0.00    0.00    0.00    0.00
17:02:29      30   96.00    0.00    4.00    0.00    0.00    0.00    0.00    0.00    0.00
17:02:29      31    0.00    0.00    0.00    0.00    0.00    0.00    0.00    0.00  100.00
