Linux 2.6.32-279.14.1.el6.x86_64 (compute-641-19.local) 	04/20/20 	_x86_64_	(32 CPU)

18:05:27     CPU    %usr   %nice    %sys %iowait    %irq   %soft  %steal  %guest   %idle
18:05:28     all    3.10    0.00    0.09    0.00    0.00    0.00    0.00    0.00   96.81
18:05:28       0    0.00    0.00    1.02    0.00    0.00    0.00    0.00    0.00   98.98
18:05:28       1    0.00    0.00    0.00    0.00    0.00    0.00    0.00    0.00  100.00
18:05:28       2    0.00    0.00    1.02    0.00    0.00    0.00    0.00    0.00   98.98
18:05:28       3    0.00    0.00    0.00    0.00    0.00    0.00    0.00    0.00  100.00
18:05:28       4    0.00    0.00    0.00    0.00    0.00    0.00    0.00    0.00  100.00
18:05:28       5    0.00    0.00    0.00    0.00    0.00    0.00    0.00    0.00  100.00
18:05:28       6    0.00    0.00    0.00    0.00    0.00    0.00    0.00    0.00  100.00
18:05:28       7    0.00    0.00    0.00    0.00    0.00    0.00    0.00    0.00  100.00
18:05:28       8    0.00    0.00    0.00    0.00    0.00    0.00    0.00    0.00  100.00
18:05:28       9    0.00    0.00    0.00    0.00    0.00    0.00    0.00    0.00  100.00
18:05:28      10    0.00    0.00    0.00    0.00    0.00    0.00    0.00    0.00  100.00
18:05:28      11    0.00    0.00    0.00    0.00    0.00    0.00    0.00    0.00  100.00
18:05:28      12    0.00    0.00    0.00    0.00    0.00    0.00    0.00    0.00  100.00
18:05:28      13    0.00    0.00    0.00    0.00    0.00    0.00    0.00    0.00  100.00
18:05:28      14    0.00    0.00    0.00    0.00    0.00    0.00    0.00    0.00  100.00
18:05:28      15    0.00    0.00    0.00    0.00    0.00    0.00    0.00    0.00  100.00
18:05:28      16    0.00    0.00    0.00    0.00    0.00    0.00    0.00    0.00  100.00
18:05:28      17    0.00    0.00    0.00    0.00    0.00    0.00    0.00    0.00  100.00
18:05:28      18    0.00    0.00    0.00    0.00    0.00    0.00    0.00    0.00  100.00
18:05:28      19    0.00    0.00    0.00    0.00    0.00    0.00    0.00    0.00  100.00
18:05:28      20    0.00    0.00    0.00    0.00    0.00    0.00    0.00    0.00  100.00
18:05:28      21    0.00    0.00    0.00    0.00    0.00    0.00    0.00    0.00  100.00
18:05:28      22    0.00    0.00    0.00    0.00    0.00    0.00    0.00    0.00  100.00
18:05:28      23    0.00    0.00    0.00    0.00    0.00    0.00    0.00    0.00  100.00
18:05:28      24    0.00    0.00    0.00    0.00    0.00    0.00    0.00    0.00  100.00
18:05:28      25    0.00    0.00    0.00    0.00    0.00    0.00    0.00    0.00  100.00
18:05:28      26   99.00    0.00    1.00    0.00    0.00    0.00    0.00    0.00    0.00
18:05:28      27    0.00    0.00    0.00    0.00    0.00    0.00    0.00    0.00  100.00
18:05:28      28    0.00    0.00    0.00    0.00    0.00    0.00    0.00    0.00  100.00
18:05:28      29    0.00    0.00    0.00    0.00    0.00    0.00    0.00    0.00  100.00
18:05:28      30    0.00    0.00    0.00    0.00    0.00    0.00    0.00    0.00  100.00
18:05:28      31    0.00    0.00    0.00    0.00    0.00    0.00    0.00    0.00  100.00

18:05:28     CPU    %usr   %nice    %sys %iowait    %irq   %soft  %steal  %guest   %idle
18:05:29     all    3.13    0.00    0.06    0.00    0.00    0.00    0.00    0.00   96.81
18:05:29       0    0.00    0.00    1.02    0.00    0.00    0.00    0.00    0.00   98.98
18:05:29       1    0.00    0.00    0.00    0.00    0.00    0.00    0.00    0.00  100.00
18:05:29       2    0.00    0.00    0.00    0.00    0.00    0.00    0.00    0.00  100.00
18:05:29       3    0.00    0.00    0.00    0.00    0.00    0.00    0.00    0.00  100.00
18:05:29       4    0.00    0.00    0.00    0.00    0.00    0.00    0.00    0.00  100.00
18:05:29       5    0.00    0.00    0.00    0.00    0.00    0.00    0.00    0.00  100.00
18:05:29       6    0.00    0.00    0.00    0.00    0.00    0.00    0.00    0.00  100.00
18:05:29       7    0.00    0.00    0.00    0.00    0.00    0.00    0.00    0.00  100.00
18:05:29       8    0.00    0.00    0.00    0.00    0.00    0.00    0.00    0.00  100.00
18:05:29       9    0.00    0.00    0.00    0.00    0.00    0.00    0.00    0.00  100.00
18:05:29      10    0.00    0.00    0.00    0.00    0.00    0.00    0.00    0.00  100.00
18:05:29      11    0.00    0.00    0.00    0.00    0.00    0.00    0.00    0.00  100.00
18:05:29      12    0.00    0.00    0.00    0.00    0.00    0.00    0.00    0.00  100.00
18:05:29      13    0.00    0.00    0.00    0.00    0.00    0.00    0.00    0.00  100.00
18:05:29      14    0.00    0.00    0.00    0.00    0.00    0.00    0.00    0.00  100.00
18:05:29      15    0.00    0.00    0.00    0.00    0.00    0.00    0.00    0.00  100.00
18:05:29      16    0.00    0.00    0.00    0.00    0.00    0.00    0.00    0.00  100.00
18:05:29      17    0.00    0.00    0.00    0.00    0.00    0.00    0.00    0.00  100.00
18:05:29      18    0.00    0.00    0.00    0.00    0.00    0.00    0.00    0.00  100.00
18:05:29      19    0.00    0.00    0.00    0.00    0.00    0.00    0.00    0.00  100.00
18:05:29      20    0.00    0.00    0.00    0.00    0.00    0.00    0.00    0.00  100.00
18:05:29      21    0.00    0.00    0.00    0.00    0.00    0.00    0.00    0.00  100.00
18:05:29      22    0.00    0.00    0.00    0.00    0.00    0.00    0.00    0.00  100.00
18:05:29      23    0.00    0.00    0.00    0.00    0.00    0.00    0.00    0.00  100.00
18:05:29      24    0.00    0.00    0.00    0.00    0.00    0.00    0.00    0.00  100.00
18:05:29      25    0.00    0.00    0.00    0.00    0.00    0.00    0.00    0.00  100.00
18:05:29      26  100.00    0.00    0.00    0.00    0.00    0.00    0.00    0.00    0.00
18:05:29      27    0.00    0.00    0.99    0.00    0.00    0.00    0.00    0.00   99.01
18:05:29      28    0.00    0.00    0.00    0.00    0.00    0.00    0.00    0.00  100.00
18:05:29      29    0.00    0.00    0.00    0.00    0.00    0.00    0.00    0.00  100.00
18:05:29      30    0.00    0.00    0.00    0.00    0.00    0.00    0.00    0.00  100.00
18:05:29      31    0.00    0.00    0.00    0.00    0.00    0.00    0.00    0.00  100.00

18:05:29     CPU    %usr   %nice    %sys %iowait    %irq   %soft  %steal  %guest   %idle
18:05:30     all    3.13    0.00    0.13    0.00    0.00    0.03    0.00    0.00   96.72
18:05:30       0    0.00    0.00    2.04    0.00    0.00    0.00    0.00    0.00   97.96
18:05:30       1    0.00    0.00    0.00    0.00    0.00    0.00    0.00    0.00  100.00
18:05:30       2    0.00    0.00    2.00    0.00    0.00    0.00    0.00    0.00   98.00
18:05:30       3    0.00    0.00    0.00    0.00    0.00    0.00    0.00    0.00  100.00
18:05:30       4    0.00    0.00    0.00    0.00    0.00    0.00    0.00    0.00  100.00
18:05:30       5    0.00    0.00    0.00    0.00    0.00    0.00    0.00    0.00  100.00
18:05:30       6    0.00    0.00    0.00    0.00    0.00    0.00    0.00    0.00  100.00
18:05:30       7    0.00    0.00    0.00    0.00    0.00    0.00    0.00    0.00  100.00
18:05:30       8    0.00    0.00    0.00    0.00    0.00    0.00    0.00    0.00  100.00
18:05:30       9    0.00    0.00    0.00    0.00    0.00    0.00    0.00    0.00  100.00
18:05:30      10    0.00    0.00    0.99    0.00    0.00    0.00    0.00    0.00   99.01
18:05:30      11    0.00    0.00    0.00    0.00    0.00    0.00    0.00    0.00  100.00
18:05:30      12    0.00    0.00    0.00    0.00    0.00    0.00    0.00    0.00  100.00
18:05:30      13    0.00    0.00    0.00    0.00    0.00    0.00    0.00    0.00  100.00
18:05:30      14    0.00    0.00    0.00    0.00    0.00    0.00    0.00    0.00  100.00
18:05:30      15    0.00    0.00    0.00    0.00    0.00    0.00    0.00    0.00  100.00
18:05:30      16    0.00    0.00    0.00    0.00    0.00    0.00    0.00    0.00  100.00
18:05:30      17    0.00    0.00    0.00    0.00    0.00    0.00    0.00    0.00  100.00
18:05:30      18    0.00    0.00    0.00    0.00    0.00    0.00    0.00    0.00  100.00
18:05:30      19    0.00    0.00    0.00    0.00    0.00    0.00    0.00    0.00  100.00
18:05:30      20    0.00    0.00    0.00    0.00    0.00    0.00    0.00    0.00  100.00
18:05:30      21    0.00    0.00    0.00    0.00    0.00    0.00    0.00    0.00  100.00
18:05:30      22    0.00    0.00    0.00    0.00    0.00    0.00    0.00    0.00  100.00
18:05:30      23    0.00    0.00    0.00    0.00    0.00    0.00    0.00    0.00  100.00
18:05:30      24    0.00    0.00    0.00    0.00    0.00    0.00    0.00    0.00  100.00
18:05:30      25    0.00    0.00    0.00    0.00    0.00    0.00    0.00    0.00  100.00
18:05:30      26  100.00    0.00    0.00    0.00    0.00    0.00    0.00    0.00    0.00
18:05:30      27    0.00    0.00    0.00    0.00    0.00    0.00    0.00    0.00  100.00
18:05:30      28    0.00    0.00    0.00    0.00    0.00    0.00    0.00    0.00  100.00
18:05:30      29    0.00    0.00    0.00    0.00    0.00    0.00    0.00    0.00  100.00
18:05:30      30    0.00    0.00    0.00    0.00    0.00    0.00    0.00    0.00  100.00
18:05:30      31    0.00    0.00    0.00    0.00    0.00    0.00    0.00    0.00  100.00

18:05:30     CPU    %usr   %nice    %sys %iowait    %irq   %soft  %steal  %guest   %idle
18:05:31     all    3.16    0.00    0.06    0.00    0.00    0.00    0.00    0.00   96.78
18:05:31       0    0.00    0.00    1.02    0.00    0.00    0.00    0.00    0.00   98.98
18:05:31       1    0.00    0.00    0.00    0.00    0.00    0.00    0.00    0.00  100.00
18:05:31       2    0.00    0.00    0.00    0.00    0.00    0.00    0.00    0.00  100.00
18:05:31       3    0.00    0.00    0.00    0.00    0.00    0.00    0.00    0.00  100.00
18:05:31       4    0.00    0.00    0.00    0.00    0.00    0.00    0.00    0.00  100.00
18:05:31       5    0.00    0.00    0.00    0.00    0.00    0.00    0.00    0.00  100.00
18:05:31       6    0.00    0.00    0.00    0.00    0.00    0.00    0.00    0.00  100.00
18:05:31       7    0.00    0.00    0.00    0.00    0.00    0.00    0.00    0.00  100.00
18:05:31       8    0.00    0.00    0.00    0.00    0.00    0.00    0.00    0.00  100.00
18:05:31       9    0.00    0.00    0.00    0.00    0.00    0.00    0.00    0.00  100.00
18:05:31      10    0.00    0.00    0.00    0.00    0.00    0.00    0.00    0.00  100.00
18:05:31      11    0.00    0.00    0.00    0.00    0.00    0.00    0.00    0.00  100.00
18:05:31      12    0.00    0.00    0.00    0.00    0.00    0.00    0.00    0.00  100.00
18:05:31      13    0.00    0.00    0.00    0.00    0.00    0.00    0.00    0.00  100.00
18:05:31      14    0.00    0.00    0.00    0.00    0.00    0.00    0.00    0.00  100.00
18:05:31      15    0.00    0.00    0.00    0.00    0.00    0.00    0.00    0.00  100.00
18:05:31      16    0.00    0.00    0.00    0.00    0.00    0.00    0.00    0.00  100.00
18:05:31      17    0.00    0.00    0.99    0.00    0.00    0.00    0.00    0.00   99.01
18:05:31      18    0.00    0.00    0.00    0.00    0.00    0.00    0.00    0.00  100.00
18:05:31      19    0.00    0.00    0.00    0.00    0.00    0.00    0.00    0.00  100.00
18:05:31      20    0.00    0.00    0.00    0.00    0.00    0.00    0.00    0.00  100.00
18:05:31      21    0.00    0.00    0.00    0.00    0.00    0.00    0.00    0.00  100.00
18:05:31      22    0.00    0.00    0.00    0.00    0.00    0.00    0.00    0.00  100.00
18:05:31      23    0.00    0.00    0.00    0.00    0.00    0.00    0.00    0.00  100.00
18:05:31      24    0.00    0.00    0.00    0.00    0.00    0.00    0.00    0.00  100.00
18:05:31      25    0.00    0.00    0.00    0.00    0.00    0.00    0.00    0.00  100.00
18:05:31      26  100.00    0.00    0.00    0.00    0.00    0.00    0.00    0.00    0.00
18:05:31      27    0.00    0.00    0.00    0.00    0.00    0.00    0.00    0.00  100.00
18:05:31      28    0.00    0.00    0.00    0.00    0.00    0.00    0.00    0.00  100.00
18:05:31      29    0.00    0.00    0.00    0.00    0.00    0.00    0.00    0.00  100.00
18:05:31      30    0.00    0.00    0.00    0.00    0.00    0.00    0.00    0.00  100.00
18:05:31      31    0.00    0.00    0.00    0.00    0.00    0.00    0.00    0.00  100.00

18:05:31     CPU    %usr   %nice    %sys %iowait    %irq   %soft  %steal  %guest   %idle
18:05:32     all    3.13    0.00    0.06    0.63    0.00    0.00    0.00    0.00   96.18
18:05:32       0    0.00    0.00    1.02    0.00    0.00    0.00    0.00    0.00   98.98
18:05:32       1    0.00    0.00    0.00    0.00    0.00    0.00    0.00    0.00  100.00
18:05:32       2    0.00    0.00    2.02    0.00    0.00    0.00    0.00    0.00   97.98
18:05:32       3    0.00    0.00    0.00    0.00    0.00    0.00    0.00    0.00  100.00
18:05:32       4    0.00    0.00    0.00    0.00    0.00    0.00    0.00    0.00  100.00
18:05:32       5    0.00    0.00    0.00    0.00    0.00    0.00    0.00    0.00  100.00
18:05:32       6    0.00    0.00    0.00    0.00    0.00    0.00    0.00    0.00  100.00
18:05:32       7    0.00    0.00    0.00    0.00    0.00    0.00    0.00    0.00  100.00
18:05:32       8    0.00    0.00    0.00    0.00    0.00    0.00    0.00    0.00  100.00
18:05:32       9    0.00    0.00    0.00    0.00    0.00    0.00    0.00    0.00  100.00
18:05:32      10    0.00    0.00    0.00    0.00    0.00    0.00    0.00    0.00  100.00
18:05:32      11    0.00    0.00    0.00    0.00    0.00    0.00    0.00    0.00  100.00
18:05:32      12    0.00    0.00    0.00   19.00    0.00    0.00    0.00    0.00   81.00
18:05:32      13    0.00    0.00    0.00    0.00    0.00    0.00    0.00    0.00  100.00
18:05:32      14    0.00    0.00    0.00    0.00    0.00    0.00    0.00    0.00  100.00
18:05:32      15    0.00    0.00    0.00    0.00    0.00    0.00    0.00    0.00  100.00
18:05:32      16    0.00    0.00    0.00    0.00    0.00    0.00    0.00    0.00  100.00
18:05:32      17    0.00    0.00    0.00    0.00    0.00    0.00    0.00    0.00  100.00
18:05:32      18    0.00    0.00    0.00    0.00    0.00    0.00    0.00    0.00  100.00
18:05:32      19    0.00    0.00    0.00    0.00    0.00    0.00    0.00    0.00  100.00
18:05:32      20    0.00    0.00    0.00    0.00    0.00    0.00    0.00    0.00  100.00
18:05:32      21    0.00    0.00    0.00    0.00    0.00    0.00    0.00    0.00  100.00
18:05:32      22    0.00    0.00    0.00    0.00    0.00    0.00    0.00    0.00  100.00
18:05:32      23    0.00    0.00    0.00    0.00    0.00    0.00    0.00    0.00  100.00
18:05:32      24    0.00    0.00    0.00    0.00    0.00    0.00    0.00    0.00  100.00
18:05:32      25    0.00    0.00    0.00    0.00    0.00    0.00    0.00    0.00  100.00
18:05:32      26  100.00    0.00    0.00    0.00    0.00    0.00    0.00    0.00    0.00
18:05:32      27    0.00    0.00    0.00    0.00    0.00    0.00    0.00    0.00  100.00
18:05:32      28    0.00    0.00    0.00    0.00    0.00    0.00    0.00    0.00  100.00
18:05:32      29    0.00    0.00    0.00    0.00    0.00    0.00    0.00    0.00  100.00
18:05:32      30    0.00    0.00    0.00    0.00    0.00    0.00    0.00    0.00  100.00
18:05:32      31    0.00    0.00    0.00    0.00    0.00    0.00    0.00    0.00  100.00

18:05:32     CPU    %usr   %nice    %sys %iowait    %irq   %soft  %steal  %guest   %idle
18:05:33     all    3.13    0.00    0.06    0.06    0.00    0.00    0.00    0.00   96.75
18:05:33       0    0.00    0.00    1.02    0.00    0.00    0.00    0.00    0.00   98.98
18:05:33       1    0.00    0.00    0.00    0.00    0.00    0.00    0.00    0.00  100.00
18:05:33       2    0.00    0.00    1.02    0.00    0.00    0.00    0.00    0.00   98.98
18:05:33       3    0.00    0.00    0.00    0.00    0.00    0.00    0.00    0.00  100.00
18:05:33       4    0.00    0.00    0.00    0.00    0.00    0.00    0.00    0.00  100.00
18:05:33       5    0.00    0.00    0.99    0.00    0.00    0.00    0.00    0.00   99.01
18:05:33       6    0.00    0.00    0.00    0.00    0.00    0.00    0.00    0.00  100.00
18:05:33       7    0.00    0.00    0.00    0.00    0.00    0.00    0.00    0.00  100.00
18:05:33       8    0.00    0.00    0.00    0.00    0.00    0.00    0.00    0.00  100.00
18:05:33       9    0.00    0.00    0.00    0.00    0.00    0.00    0.00    0.00  100.00
18:05:33      10    0.00    0.00    0.00    0.00    0.00    0.00    0.00    0.00  100.00
18:05:33      11    0.00    0.00    0.00    0.00    0.00    0.00    0.00    0.00  100.00
18:05:33      12    0.00    0.00    0.00    2.00    0.00    0.00    0.00    0.00   98.00
18:05:33      13    0.00    0.00    0.00    0.00    0.00    0.00    0.00    0.00  100.00
18:05:33      14    0.00    0.00    0.00    0.00    0.00    0.00    0.00    0.00  100.00
18:05:33      15    0.00    0.00    0.00    0.00    0.00    0.00    0.00    0.00  100.00
18:05:33      16    0.00    0.00    0.00    0.00    0.00    0.00    0.00    0.00  100.00
18:05:33      17    0.00    0.00    0.00    0.00    0.00    0.00    0.00    0.00  100.00
18:05:33      18    0.00    0.00    0.00    0.00    0.00    0.00    0.00    0.00  100.00
18:05:33      19    0.00    0.00    0.00    0.00    0.00    0.00    0.00    0.00  100.00
18:05:33      20    0.00    0.00    0.00    0.00    0.00    0.00    0.00    0.00  100.00
18:05:33      21    0.00    0.00    0.00    0.00    0.00    0.00    0.00    0.00  100.00
18:05:33      22    0.00    0.00    0.00    0.00    0.00    0.00    0.00    0.00  100.00
18:05:33      23    0.00    0.00    0.00    0.00    0.00    0.00    0.00    0.00  100.00
18:05:33      24    0.00    0.00    0.00    0.00    0.00    0.00    0.00    0.00  100.00
18:05:33      25    0.00    0.00    0.00    0.00    0.00    0.00    0.00    0.00  100.00
18:05:33      26  100.00    0.00    0.00    0.00    0.00    0.00    0.00    0.00    0.00
18:05:33      27    0.00    0.00    0.00    0.00    0.00    0.00    0.00    0.00  100.00
18:05:33      28    0.00    0.00    0.00    0.00    0.00    0.00    0.00    0.00  100.00
18:05:33      29    0.00    0.00    0.00    0.00    0.00    0.00    0.00    0.00  100.00
18:05:33      30    0.00    0.00    0.00    0.00    0.00    0.00    0.00    0.00  100.00
18:05:33      31    0.00    0.00    0.00    0.00    0.00    0.00    0.00    0.00  100.00

18:05:33     CPU    %usr   %nice    %sys %iowait    %irq   %soft  %steal  %guest   %idle
18:05:34     all    3.13    0.00    0.06    0.00    0.00    0.00    0.00    0.00   96.81
18:05:34       0    0.00    0.00    1.02    0.00    0.00    0.00    0.00    0.00   98.98
18:05:34       1    0.00    0.00    0.00    0.00    0.00    0.00    0.00    0.00  100.00
18:05:34       2    0.00    0.00    0.00    0.00    0.00    0.00    0.00    0.00  100.00
18:05:34       3    0.00    0.00    0.00    0.00    0.00    0.00    0.00    0.00  100.00
18:05:34       4    0.00    0.00    0.00    0.00    0.00    0.00    0.00    0.00  100.00
18:05:34       5    0.00    0.00    0.00    0.00    0.00    0.00    0.00    0.00  100.00
18:05:34       6    0.00    0.00    0.00    0.00    0.00    0.00    0.00    0.00  100.00
18:05:34       7    0.00    0.00    0.00    0.00    0.00    0.00    0.00    0.00  100.00
18:05:34       8    0.00    0.00    0.00    0.00    0.00    0.00    0.00    0.00  100.00
18:05:34       9    0.00    0.00    0.00    0.00    0.00    0.00    0.00    0.00  100.00
18:05:34      10    0.00    0.00    0.00    0.00    0.00    0.00    0.00    0.00  100.00
18:05:34      11    0.00    0.00    0.00    0.00    0.00    0.00    0.00    0.00  100.00
18:05:34      12    0.00    0.00    0.00    0.00    0.00    0.00    0.00    0.00  100.00
18:05:34      13    0.00    0.00    0.00    0.00    0.00    0.00    0.00    0.00  100.00
18:05:34      14    0.00    0.00    0.00    0.00    0.00    0.00    0.00    0.00  100.00
18:05:34      15    0.00    0.00    0.00    0.00    0.00    0.00    0.00    0.00  100.00
18:05:34      16    0.00    0.00    0.00    0.00    0.00    0.00    0.00    0.00  100.00
18:05:34      17    0.00    0.00    0.00    0.00    0.00    0.00    0.00    0.00  100.00
18:05:34      18    0.00    0.00    0.00    0.00    0.00    0.00    0.00    0.00  100.00
18:05:34      19    0.00    0.00    0.00    0.00    0.00    0.00    0.00    0.00  100.00
18:05:34      20    0.00    0.00    0.00    0.00    0.00    0.00    0.00    0.00  100.00
18:05:34      21    0.00    0.00    0.00    0.00    0.00    0.00    0.00    0.00  100.00
18:05:34      22    0.00    0.00    0.00    0.00    0.00    0.00    0.00    0.00  100.00
18:05:34      23    0.00    0.00    0.00    0.00    0.00    0.00    0.00    0.00  100.00
18:05:34      24    0.00    0.00    0.00    0.00    0.00    0.00    0.00    0.00  100.00
18:05:34      25    0.00    0.00    0.00    0.00    0.00    0.00    0.00    0.00  100.00
18:05:34      26  100.00    0.00    0.00    0.00    0.00    0.00    0.00    0.00    0.00
18:05:34      27    0.00    0.00    0.00    0.00    0.00    0.00    0.00    0.00  100.00
18:05:34      28    0.00    0.00    0.00    0.00    0.00    0.00    0.00    0.00  100.00
18:05:34      29    0.00    0.00    0.00    0.00    0.00    0.00    0.00    0.00  100.00
18:05:34      30    0.00    0.00    0.00    0.00    0.00    0.00    0.00    0.00  100.00
18:05:34      31    0.00    0.00    0.00    0.00    0.00    0.00    0.00    0.00  100.00

18:05:34     CPU    %usr   %nice    %sys %iowait    %irq   %soft  %steal  %guest   %idle
18:05:35     all    3.13    0.00    0.09    0.00    0.00    0.00    0.00    0.00   96.78
18:05:35       0    0.00    0.00    1.03    0.00    0.00    0.00    0.00    0.00   98.97
18:05:35       1    0.00    0.00    0.00    0.00    0.00    0.00    0.00    0.00  100.00
18:05:35       2    0.00    0.00    1.01    0.00    0.00    0.00    0.00    0.00   98.99
18:05:35       3    0.00    0.00    0.00    0.00    0.00    0.00    0.00    0.00  100.00
18:05:35       4    0.00    0.00    0.00    0.00    0.00    0.00    0.00    0.00  100.00
18:05:35       5    0.00    0.00    0.00    0.00    0.00    0.00    0.00    0.00  100.00
18:05:35       6    0.00    0.00    0.00    0.00    0.00    0.00    0.00    0.00  100.00
18:05:35       7    0.00    0.00    0.00    0.00    0.00    0.00    0.00    0.00  100.00
18:05:35       8    0.00    0.00    0.00    0.00    0.00    0.00    0.00    0.00  100.00
18:05:35       9    0.00    0.00    0.00    0.00    0.00    0.00    0.00    0.00  100.00
18:05:35      10    0.00    0.00    0.00    0.00    0.00    0.00    0.00    0.00  100.00
18:05:35      11    0.00    0.00    0.00    0.00    0.00    0.00    0.00    0.00  100.00
18:05:35      12    0.00    0.00    0.00    0.00    0.00    0.00    0.00    0.00  100.00
18:05:35      13    0.00    0.00    0.00    0.00    0.00    0.00    0.00    0.00  100.00
18:05:35      14    0.00    0.00    0.00    0.00    0.00    0.00    0.00    0.00  100.00
18:05:35      15    0.00    0.00    0.00    0.00    0.00    0.00    0.00    0.00  100.00
18:05:35      16    0.00    0.00    0.00    0.00    0.00    0.00    0.00    0.00  100.00
18:05:35      17    0.99    0.00    0.00    0.00    0.00    0.00    0.00    0.00   99.01
18:05:35      18    0.00    0.00    0.00    0.00    0.00    0.00    0.00    0.00  100.00
18:05:35      19    0.00    0.00    0.00    0.00    0.00    0.00    0.00    0.00  100.00
18:05:35      20    0.00    0.00    0.00    0.00    0.00    0.00    0.00    0.00  100.00
18:05:35      21    0.00    0.00    0.00    0.00    0.00    0.00    0.00    0.00  100.00
18:05:35      22    0.00    0.00    0.00    0.00    0.00    0.00    0.00    0.00  100.00
18:05:35      23    0.00    0.00    0.00    0.00    0.00    0.00    0.00    0.00  100.00
18:05:35      24    0.00    0.00    0.00    0.00    0.00    0.00    0.00    0.00  100.00
18:05:35      25    0.00    0.00    0.00    0.00    0.00    0.00    0.00    0.00  100.00
18:05:35      26  100.00    0.00    0.00    0.00    0.00    0.00    0.00    0.00    0.00
18:05:35      27    0.00    0.00    0.00    0.00    0.00    0.00    0.00    0.00  100.00
18:05:35      28    0.00    0.00    0.00    0.00    0.00    0.00    0.00    0.00  100.00
18:05:35      29    0.00    0.00    0.00    0.00    0.00    0.00    0.00    0.00  100.00
18:05:35      30    0.00    0.00    0.00    0.00    0.00    0.00    0.00    0.00  100.00
18:05:35      31    0.00    0.00    0.00    0.00    0.00    0.00    0.00    0.00  100.00

18:05:35     CPU    %usr   %nice    %sys %iowait    %irq   %soft  %steal  %guest   %idle
18:05:36     all    3.13    0.00    0.03    0.00    0.00    0.00    0.00    0.00   96.84
18:05:36       0    0.00    0.00    1.02    0.00    0.00    0.00    0.00    0.00   98.98
18:05:36       1    0.00    0.00    0.00    0.00    0.00    0.00    0.00    0.00  100.00
18:05:36       2    0.00    0.00    0.00    0.00    0.00    0.00    0.00    0.00  100.00
18:05:36       3    0.00    0.00    0.00    0.00    0.00    0.00    0.00    0.00  100.00
18:05:36       4    0.00    0.00    0.00    0.00    0.00    0.00    0.00    0.00  100.00
18:05:36       5    0.00    0.00    0.00    0.00    0.00    0.00    0.00    0.00  100.00
18:05:36       6    0.00    0.00    0.00    0.00    0.00    0.00    0.00    0.00  100.00
18:05:36       7    0.00    0.00    0.00    0.00    0.00    0.00    0.00    0.00  100.00
18:05:36       8    0.00    0.00    0.00    0.00    0.00    0.00    0.00    0.00  100.00
18:05:36       9    0.00    0.00    0.00    0.00    0.00    0.00    0.00    0.00  100.00
18:05:36      10    0.00    0.00    0.00    0.00    0.00    0.00    0.00    0.00  100.00
18:05:36      11    0.00    0.00    0.00    0.00    0.00    0.00    0.00    0.00  100.00
18:05:36      12    0.00    0.00    0.00    0.00    0.00    0.00    0.00    0.00  100.00
18:05:36      13    0.00    0.00    0.00    0.00    0.00    0.00    0.00    0.00  100.00
18:05:36      14    0.00    0.00    0.00    0.00    0.00    0.00    0.00    0.00  100.00
18:05:36      15    0.00    0.00    0.00    0.00    0.00    0.00    0.00    0.00  100.00
18:05:36      16    0.00    0.00    0.00    0.00    0.00    0.00    0.00    0.00  100.00
18:05:36      17    0.00    0.00    0.00    0.00    0.00    0.00    0.00    0.00  100.00
18:05:36      18    0.00    0.00    0.00    0.00    0.00    0.00    0.00    0.00  100.00
18:05:36      19    0.00    0.00    0.00    0.00    0.00    0.00    0.00    0.00  100.00
18:05:36      20    0.00    0.00    0.00    0.00    0.00    0.00    0.00    0.00  100.00
18:05:36      21    0.00    0.00    0.00    0.00    0.00    0.00    0.00    0.00  100.00
18:05:36      22    0.00    0.00    0.00    0.00    0.00    0.00    0.00    0.00  100.00
18:05:36      23    0.00    0.00    0.00    0.00    0.00    0.00    0.00    0.00  100.00
18:05:36      24    0.00    0.00    0.00    0.00    0.00    0.00    0.00    0.00  100.00
18:05:36      25    0.00    0.00    0.00    0.00    0.00    0.00    0.00    0.00  100.00
18:05:36      26  100.00    0.00    0.00    0.00    0.00    0.00    0.00    0.00    0.00
18:05:36      27    0.00    0.00    0.00    0.00    0.00    0.00    0.00    0.00  100.00
18:05:36      28    0.00    0.00    0.00    0.00    0.00    0.00    0.00    0.00  100.00
18:05:36      29    0.00    0.00    0.00    0.00    0.00    0.00    0.00    0.00  100.00
18:05:36      30    0.00    0.00    0.00    0.00    0.00    0.00    0.00    0.00  100.00
18:05:36      31    0.00    0.00    0.00    0.00    0.00    0.00    0.00    0.00  100.00

18:05:36     CPU    %usr   %nice    %sys %iowait    %irq   %soft  %steal  %guest   %idle
18:05:37     all    3.13    0.00    0.03    0.22    0.00    0.00    0.00    0.00   96.62
18:05:37       0    0.00    0.00    0.00    0.00    0.00    0.00    0.00    0.00  100.00
18:05:37       1    0.00    0.00    0.00    0.00    0.00    0.00    0.00    0.00  100.00
18:05:37       2    0.00    0.00    0.00    0.00    0.00    0.00    0.00    0.00  100.00
18:05:37       3    0.00    0.00    0.00    0.00    0.00    0.00    0.00    0.00  100.00
18:05:37       4    0.00    0.00    0.00    0.00    0.00    0.00    0.00    0.00  100.00
18:05:37       5    0.00    0.00    0.00    0.00    0.00    0.00    0.00    0.00  100.00
18:05:37       6    0.00    0.00    0.00    0.00    0.00    0.00    0.00    0.00  100.00
18:05:37       7    0.00    0.00    0.00    0.00    0.00    0.00    0.00    0.00  100.00
18:05:37       8    0.00    0.00    0.00    0.00    0.00    0.00    0.00    0.00  100.00
18:05:37       9    0.00    0.00    0.00    0.00    0.00    0.00    0.00    0.00  100.00
18:05:37      10    0.00    0.00    0.00    0.00    0.00    0.00    0.00    0.00  100.00
18:05:37      11    0.00    0.00    0.00    0.00    0.00    0.00    0.00    0.00  100.00
18:05:37      12    0.00    0.00    0.00    7.92    0.00    0.00    0.00    0.00   92.08
18:05:37      13    0.00    0.00    0.00    0.00    0.00    0.00    0.00    0.00  100.00
18:05:37      14    0.00    0.00    0.00    0.00    0.00    0.00    0.00    0.00  100.00
18:05:37      15    0.00    0.00    0.00    0.00    0.00    0.00    0.00    0.00  100.00
18:05:37      16    1.01    0.00    1.01    0.00    0.00    0.00    0.00    0.00   97.98
18:05:37      17    0.00    0.00    0.00    0.00    0.00    0.00    0.00    0.00  100.00
18:05:37      18    0.00    0.00    0.00    0.00    0.00    0.00    0.00    0.00  100.00
18:05:37      19    0.00    0.00    0.00    0.00    0.00    0.00    0.00    0.00  100.00
18:05:37      20    0.00    0.00    0.00    0.00    0.00    0.00    0.00    0.00  100.00
18:05:37      21    0.00    0.00    0.00    0.00    0.00    0.00    0.00    0.00  100.00
18:05:37      22    0.00    0.00    0.00    0.00    0.00    0.00    0.00    0.00  100.00
18:05:37      23    0.00    0.00    0.00    0.00    0.00    0.00    0.00    0.00  100.00
18:05:37      24    0.00    0.00    0.00    0.00    0.00    0.00    0.00    0.00  100.00
18:05:37      25    0.00    0.00    0.00    0.00    0.00    0.00    0.00    0.00  100.00
18:05:37      26  100.00    0.00    0.00    0.00    0.00    0.00    0.00    0.00    0.00
18:05:37      27    0.00    0.00    0.00    0.00    0.00    0.00    0.00    0.00  100.00
18:05:37      28    0.00    0.00    0.00    0.00    0.00    0.00    0.00    0.00  100.00
18:05:37      29    0.00    0.00    0.00    0.00    0.00    0.00    0.00    0.00  100.00
18:05:37      30    0.00    0.00    0.00    0.00    0.00    0.00    0.00    0.00  100.00
18:05:37      31    0.00    0.00    0.00    0.00    0.00    0.00    0.00    0.00  100.00

18:05:37     CPU    %usr   %nice    %sys %iowait    %irq   %soft  %steal  %guest   %idle
18:05:38     all    3.13    0.00    0.03    0.38    0.00    0.00    0.00    0.00   96.46
18:05:38       0    0.00    0.00    1.01    0.00    0.00    0.00    0.00    0.00   98.99
18:05:38       1    0.00    0.00    0.00    0.00    0.00    0.00    0.00    0.00  100.00
18:05:38       2    0.00    0.00    0.00    0.00    0.00    0.00    0.00    0.00  100.00
18:05:38       3    0.00    0.00    0.00    0.00    0.00    0.00    0.00    0.00  100.00
18:05:38       4    0.00    0.00    0.00    0.00    0.00    0.00    0.00    0.00  100.00
18:05:38       5    0.00    0.00    0.00    0.00    0.00    0.00    0.00    0.00  100.00
18:05:38       6    0.00    0.00    0.00    0.00    0.00    0.00    0.00    0.00  100.00
18:05:38       7    0.00    0.00    0.00    0.00    0.00    0.00    0.00    0.00  100.00
18:05:38       8    0.00    0.00    0.00    0.00    0.00    0.00    0.00    0.00  100.00
18:05:38       9    0.00    0.00    0.00    0.00    0.00    0.00    0.00    0.00  100.00
18:05:38      10    0.00    0.00    0.00    0.00    0.00    0.00    0.00    0.00  100.00
18:05:38      11    0.00    0.00    0.00    0.00    0.00    0.00    0.00    0.00  100.00
18:05:38      12    0.00    0.00    0.00   12.00    0.00    0.00    0.00    0.00   88.00
18:05:38      13    0.00    0.00    0.00    0.00    0.00    0.00    0.00    0.00  100.00
18:05:38      14    0.00    0.00    0.00    0.00    0.00    0.00    0.00    0.00  100.00
18:05:38      15    0.00    0.00    0.00    0.00    0.00    0.00    0.00    0.00  100.00
18:05:38      16    0.00    0.00    0.00    0.00    0.00    0.00    0.00    0.00  100.00
18:05:38      17    0.00    0.00    0.00    0.00    0.00    0.00    0.00    0.00  100.00
18:05:38      18    0.00    0.00    0.00    0.00    0.00    0.00    0.00    0.00  100.00
18:05:38      19    0.00    0.00    0.00    0.00    0.00    0.00    0.00    0.00  100.00
18:05:38      20    0.00    0.00    0.00    0.00    0.00    0.00    0.00    0.00  100.00
18:05:38      21    0.00    0.00    0.00    0.00    0.00    0.00    0.00    0.00  100.00
18:05:38      22    0.00    0.00    0.00    0.00    0.00    0.00    0.00    0.00  100.00
18:05:38      23    0.00    0.00    0.00    0.00    0.00    0.00    0.00    0.00  100.00
18:05:38      24    0.00    0.00    0.00    0.00    0.00    0.00    0.00    0.00  100.00
18:05:38      25    0.00    0.00    0.00    0.00    0.00    0.00    0.00    0.00  100.00
18:05:38      26  100.00    0.00    0.00    0.00    0.00    0.00    0.00    0.00    0.00
18:05:38      27    0.00    0.00    0.00    0.00    0.00    0.00    0.00    0.00  100.00
18:05:38      28    0.00    0.00    0.00    0.00    0.00    0.00    0.00    0.00  100.00
18:05:38      29    0.00    0.00    0.00    0.00    0.00    0.00    0.00    0.00  100.00
18:05:38      30    0.00    0.00    0.00    0.00    0.00    0.00    0.00    0.00  100.00
18:05:38      31    0.00    0.00    0.00    0.00    0.00    0.00    0.00    0.00  100.00

18:05:38     CPU    %usr   %nice    %sys %iowait    %irq   %soft  %steal  %guest   %idle
18:05:39     all    3.13    0.00    0.06    0.00    0.00    0.00    0.00    0.00   96.81
18:05:39       0    0.00    0.00    1.02    0.00    0.00    0.00    0.00    0.00   98.98
18:05:39       1    0.00    0.00    0.00    0.00    0.00    0.00    0.00    0.00  100.00
18:05:39       2    0.00    0.00    0.00    0.00    0.00    0.00    0.00    0.00  100.00
18:05:39       3    0.00    0.00    0.00    0.00    0.00    0.00    0.00    0.00  100.00
18:05:39       4    0.00    0.00    0.00    0.00    0.00    0.00    0.00    0.00  100.00
18:05:39       5    0.00    0.00    0.00    0.00    0.00    0.00    0.00    0.00  100.00
18:05:39       6    0.00    0.00    0.00    0.00    0.00    0.00    0.00    0.00  100.00
18:05:39       7    0.00    0.00    0.00    0.00    0.00    0.00    0.00    0.00  100.00
18:05:39       8    0.00    0.00    0.00    0.00    0.00    0.00    0.00    0.00  100.00
18:05:39       9    0.00    0.00    0.00    0.00    0.00    0.00    0.00    0.00  100.00
18:05:39      10    0.00    0.00    0.00    0.00    0.00    0.00    0.00    0.00  100.00
18:05:39      11    0.00    0.00    0.00    0.00    0.00    0.00    0.00    0.00  100.00
18:05:39      12    0.00    0.00    0.00    0.00    0.00    0.00    0.00    0.00  100.00
18:05:39      13    0.00    0.00    0.00    0.00    0.00    0.00    0.00    0.00  100.00
18:05:39      14    0.00    0.00    0.00    0.00    0.00    0.00    0.00    0.00  100.00
18:05:39      15    0.00    0.00    0.00    0.00    0.00    0.00    0.00    0.00  100.00
18:05:39      16    0.00    0.00    0.00    0.00    0.00    0.00    0.00    0.00  100.00
18:05:39      17    0.00    0.00    0.00    0.00    0.00    0.00    0.00    0.00  100.00
18:05:39      18    0.00    0.00    0.00    0.00    0.00    0.00    0.00    0.00  100.00
18:05:39      19    0.00    0.00    0.00    0.00    0.00    0.00    0.00    0.00  100.00
18:05:39      20    0.00    0.00    0.00    0.00    0.00    0.00    0.00    0.00  100.00
18:05:39      21    0.00    0.00    0.00    0.00    0.00    0.00    0.00    0.00  100.00
18:05:39      22    0.00    0.00    0.00    0.00    0.00    0.00    0.00    0.00  100.00
18:05:39      23    0.00    0.00    0.00    0.00    0.00    0.00    0.00    0.00  100.00
18:05:39      24    0.00    0.00    0.00    0.00    0.00    0.00    0.00    0.00  100.00
18:05:39      25    0.00    0.00    0.00    0.00    0.00    0.00    0.00    0.00  100.00
18:05:39      26  100.00    0.00    0.00    0.00    0.00    0.00    0.00    0.00    0.00
18:05:39      27    0.00    0.00    0.00    0.00    0.00    0.00    0.00    0.00  100.00
18:05:39      28    0.00    0.00    0.00    0.00    0.00    0.00    0.00    0.00  100.00
18:05:39      29    0.00    0.00    0.00    0.00    0.00    0.00    0.00    0.00  100.00
18:05:39      30    0.00    0.00    0.00    0.00    0.00    0.00    0.00    0.00  100.00
18:05:39      31    0.00    0.00    0.00    0.00    0.00    0.00    0.00    0.00  100.00

18:05:39     CPU    %usr   %nice    %sys %iowait    %irq   %soft  %steal  %guest   %idle
18:05:40     all    3.16    0.00    0.09    0.00    0.00    0.00    0.00    0.00   96.75
18:05:40       0    0.00    0.00    2.04    0.00    0.00    0.00    0.00    0.00   97.96
18:05:40       1    0.00    0.00    0.00    0.00    0.00    0.00    0.00    0.00  100.00
18:05:40       2    0.00    0.00    0.00    0.00    0.00    0.00    0.00    0.00  100.00
18:05:40       3    0.00    0.00    0.00    0.00    0.00    0.00    0.00    0.00  100.00
18:05:40       4    0.00    0.00    0.00    0.00    0.00    0.00    0.00    0.00  100.00
18:05:40       5    0.00    0.00    0.00    0.00    0.00    0.00    0.00    0.00  100.00
18:05:40       6    0.00    0.00    0.00    0.00    0.00    0.00    0.00    0.00  100.00
18:05:40       7    0.00    0.00    0.99    0.00    0.00    0.00    0.00    0.00   99.01
18:05:40       8    0.00    0.00    0.00    0.00    0.00    0.00    0.00    0.00  100.00
18:05:40       9    0.00    0.00    0.00    0.00    0.00    0.00    0.00    0.00  100.00
18:05:40      10    0.00    0.00    0.00    0.00    0.00    0.00    0.00    0.00  100.00
18:05:40      11    0.00    0.00    0.00    0.00    0.00    0.00    0.00    0.00  100.00
18:05:40      12    0.00    0.00    0.00    0.00    0.00    0.00    0.00    0.00  100.00
18:05:40      13    0.00    0.00    0.00    0.00    0.00    0.00    0.00    0.00  100.00
18:05:40      14    0.00    0.00    0.00    0.00    0.00    0.00    0.00    0.00  100.00
18:05:40      15    0.00    0.00    0.00    0.00    0.00    0.00    0.00    0.00  100.00
18:05:40      16    0.00    0.00    1.02    0.00    0.00    0.00    0.00    0.00   98.98
18:05:40      17    0.00    0.00    0.00    0.00    0.00    0.00    0.00    0.00  100.00
18:05:40      18    0.00    0.00    0.00    0.00    0.00    0.00    0.00    0.00  100.00
18:05:40      19    0.00    0.00    0.00    0.00    0.00    0.00    0.00    0.00  100.00
18:05:40      20    0.00    0.00    0.00    0.00    0.00    0.00    0.00    0.00  100.00
18:05:40      21    0.00    0.00    0.00    0.00    0.00    0.00    0.00    0.00  100.00
18:05:40      22    0.00    0.00    0.00    0.00    0.00    0.00    0.00    0.00  100.00
18:05:40      23    0.00    0.00    0.00    0.00    0.00    0.00    0.00    0.00  100.00
18:05:40      24    0.00    0.00    0.00    0.00    0.00    0.00    0.00    0.00  100.00
18:05:40      25    0.00    0.00    0.00    0.00    0.00    0.00    0.00    0.00  100.00
18:05:40      26  100.00    0.00    0.00    0.00    0.00    0.00    0.00    0.00    0.00
18:05:40      27    0.00    0.00    0.00    0.00    0.00    0.00    0.00    0.00  100.00
18:05:40      28    0.00    0.00    0.00    0.00    0.00    0.00    0.00    0.00  100.00
18:05:40      29    0.00    0.00    0.00    0.00    0.00    0.99    0.00    0.00   99.01
18:05:40      30    0.00    0.00    0.00    0.00    0.00    0.00    0.00    0.00  100.00
18:05:40      31    0.00    0.00    0.00    0.00    0.00    0.00    0.00    0.00  100.00

18:05:40     CPU    %usr   %nice    %sys %iowait    %irq   %soft  %steal  %guest   %idle
18:05:41     all    3.13    0.00    0.03    0.00    0.00    0.00    0.00    0.00   96.84
18:05:41       0    0.00    0.00    1.02    0.00    0.00    0.00    0.00    0.00   98.98
18:05:41       1    0.00    0.00    0.00    0.00    0.00    0.00    0.00    0.00  100.00
18:05:41       2    0.00    0.00    0.00    0.00    0.00    0.00    0.00    0.00  100.00
18:05:41       3    0.00    0.00    0.00    0.00    0.00    0.00    0.00    0.00  100.00
18:05:41       4    0.00    0.00    0.00    0.00    0.00    0.00    0.00    0.00  100.00
18:05:41       5    0.00    0.00    0.00    0.00    0.00    0.00    0.00    0.00  100.00
18:05:41       6    0.00    0.00    0.00    0.00    0.00    0.00    0.00    0.00  100.00
18:05:41       7    0.00    0.00    0.00    0.00    0.00    0.00    0.00    0.00  100.00
18:05:41       8    0.00    0.00    0.00    0.00    0.00    0.00    0.00    0.00  100.00
18:05:41       9    0.00    0.00    0.00    0.00    0.00    0.00    0.00    0.00  100.00
18:05:41      10    0.00    0.00    0.00    0.00    0.00    0.00    0.00    0.00  100.00
18:05:41      11    0.00    0.00    0.00    0.00    0.00    0.00    0.00    0.00  100.00
18:05:41      12    0.00    0.00    0.00    0.00    0.00    0.00    0.00    0.00  100.00
18:05:41      13    0.00    0.00    0.00    0.00    0.00    0.00    0.00    0.00  100.00
18:05:41      14    0.00    0.00    0.00    0.00    0.00    0.00    0.00    0.00  100.00
18:05:41      15    0.00    0.00    0.00    0.00    0.00    0.00    0.00    0.00  100.00
18:05:41      16    0.00    0.00    0.00    0.00    0.00    0.00    0.00    0.00  100.00
18:05:41      17    0.00    0.00    0.00    0.00    0.00    0.00    0.00    0.00  100.00
18:05:41      18    0.00    0.00    0.00    0.00    0.00    0.00    0.00    0.00  100.00
18:05:41      19    0.00    0.00    0.00    0.00    0.00    0.00    0.00    0.00  100.00
18:05:41      20    0.00    0.00    0.00    0.00    0.00    0.00    0.00    0.00  100.00
18:05:41      21    0.00    0.00    0.00    0.00    0.00    0.00    0.00    0.00  100.00
18:05:41      22    0.00    0.00    0.00    0.00    0.00    0.00    0.00    0.00  100.00
18:05:41      23    0.00    0.00    0.00    0.00    0.00    0.00    0.00    0.00  100.00
18:05:41      24    0.00    0.00    0.00    0.00    0.00    0.00    0.00    0.00  100.00
18:05:41      25    0.00    0.00    0.00    0.00    0.00    0.00    0.00    0.00  100.00
18:05:41      26  100.00    0.00    0.00    0.00    0.00    0.00    0.00    0.00    0.00
18:05:41      27    0.00    0.00    0.00    0.00    0.00    0.00    0.00    0.00  100.00
18:05:41      28    0.00    0.00    0.00    0.00    0.00    0.00    0.00    0.00  100.00
18:05:41      29    0.00    0.00    0.00    0.00    0.00    0.00    0.00    0.00  100.00
18:05:41      30    0.00    0.00    0.00    0.00    0.00    0.00    0.00    0.00  100.00
18:05:41      31    0.00    0.00    0.00    0.00    0.00    0.00    0.00    0.00  100.00

18:05:41     CPU    %usr   %nice    %sys %iowait    %irq   %soft  %steal  %guest   %idle
18:05:42     all    3.13    0.00    0.06    0.00    0.00    0.00    0.00    0.00   96.81
18:05:42       0    0.00    0.00    1.02    0.00    0.00    0.00    0.00    0.00   98.98
18:05:42       1    0.00    0.00    0.00    0.00    0.00    0.00    0.00    0.00  100.00
18:05:42       2    0.00    0.00    0.00    0.00    0.00    0.00    0.00    0.00  100.00
18:05:42       3    0.00    0.00    0.00    0.00    0.00    0.00    0.00    0.00  100.00
18:05:42       4    0.00    0.00    0.00    0.00    0.00    0.00    0.00    0.00  100.00
18:05:42       5    0.00    0.00    0.00    0.00    0.00    0.00    0.00    0.00  100.00
18:05:42       6    0.00    0.00    0.00    0.00    0.00    0.00    0.00    0.00  100.00
18:05:42       7    0.00    0.00    0.00    0.00    0.00    0.00    0.00    0.00  100.00
18:05:42       8    0.00    0.00    0.00    0.00    0.00    0.00    0.00    0.00  100.00
18:05:42       9    0.00    0.00    0.00    0.00    0.00    0.00    0.00    0.00  100.00
18:05:42      10    0.00    0.00    0.00    0.00    0.00    0.00    0.00    0.00  100.00
18:05:42      11    0.00    0.00    0.00    0.00    0.00    0.00    0.00    0.00  100.00
18:05:42      12    0.00    0.00    0.00    0.00    0.00    0.00    0.00    0.00  100.00
18:05:42      13    0.00    0.00    0.00    0.00    0.00    0.00    0.00    0.00  100.00
18:05:42      14    0.00    0.00    0.00    0.00    0.00    0.00    0.00    0.00  100.00
18:05:42      15    0.00    0.00    0.00    0.00    0.00    0.00    0.00    0.00  100.00
18:05:42      16    0.00    0.00    1.01    0.00    0.00    0.00    0.00    0.00   98.99
18:05:42      17    0.00    0.00    0.00    0.00    0.00    0.00    0.00    0.00  100.00
18:05:42      18    0.00    0.00    0.00    0.00    0.00    0.00    0.00    0.00  100.00
18:05:42      19    0.00    0.00    0.00    0.00    0.00    0.00    0.00    0.00  100.00
18:05:42      20    0.00    0.00    0.00    0.00    0.00    0.00    0.00    0.00  100.00
18:05:42      21    0.00    0.00    0.00    0.00    0.00    0.00    0.00    0.00  100.00
18:05:42      22    0.00    0.00    0.00    0.00    0.00    0.00    0.00    0.00  100.00
18:05:42      23    0.00    0.00    0.00    0.00    0.00    0.00    0.00    0.00  100.00
18:05:42      24    0.00    0.00    0.00    0.00    0.00    0.00    0.00    0.00  100.00
18:05:42      25    0.00    0.00    0.00    0.00    0.00    0.00    0.00    0.00  100.00
18:05:42      26  100.00    0.00    0.00    0.00    0.00    0.00    0.00    0.00    0.00
18:05:42      27    0.00    0.00    0.00    0.00    0.00    0.00    0.00    0.00  100.00
18:05:42      28    0.00    0.00    0.00    0.00    0.00    0.00    0.00    0.00  100.00
18:05:42      29    0.00    0.00    0.00    0.00    0.00    0.00    0.00    0.00  100.00
18:05:42      30    0.00    0.00    0.00    0.00    0.00    0.00    0.00    0.00  100.00
18:05:42      31    0.00    0.00    0.00    0.00    0.00    0.00    0.00    0.00  100.00

18:05:42     CPU    %usr   %nice    %sys %iowait    %irq   %soft  %steal  %guest   %idle
18:05:43     all    3.13    0.00    0.06    0.00    0.00    0.00    0.00    0.00   96.81
18:05:43       0    0.00    0.00    1.02    0.00    0.00    0.00    0.00    0.00   98.98
18:05:43       1    0.00    0.00    0.00    0.00    0.00    0.00    0.00    0.00  100.00
18:05:43       2    0.00    0.00    0.00    0.00    0.00    0.00    0.00    0.00  100.00
18:05:43       3    0.00    0.00    0.00    0.00    0.00    0.00    0.00    0.00  100.00
18:05:43       4    0.00    0.00    0.00    0.00    0.00    0.00    0.00    0.00  100.00
18:05:43       5    0.00    0.00    0.00    0.00    0.00    0.00    0.00    0.00  100.00
18:05:43       6    0.00    0.00    0.00    0.00    0.00    0.00    0.00    0.00  100.00
18:05:43       7    0.00    0.00    0.00    0.00    0.00    0.00    0.00    0.00  100.00
18:05:43       8    0.00    0.00    0.00    0.00    0.00    0.00    0.00    0.00  100.00
18:05:43       9    0.00    0.00    0.00    0.00    0.00    0.00    0.00    0.00  100.00
18:05:43      10    0.00    0.00    0.00    0.00    0.00    0.00    0.00    0.00  100.00
18:05:43      11    0.00    0.00    0.00    0.00    0.00    0.00    0.00    0.00  100.00
18:05:43      12    0.00    0.00    0.00    0.00    0.00    0.00    0.00    0.00  100.00
18:05:43      13    0.00    0.00    0.00    0.00    0.00    0.00    0.00    0.00  100.00
18:05:43      14    0.00    0.00    0.00    0.00    0.00    0.00    0.00    0.00  100.00
18:05:43      15    0.00    0.00    0.00    0.00    0.00    0.00    0.00    0.00  100.00
18:05:43      16    0.00    0.00    0.00    0.00    0.00    0.00    0.00    0.00  100.00
18:05:43      17    0.00    0.00    0.00    0.00    0.00    0.00    0.00    0.00  100.00
18:05:43      18    0.00    0.00    0.00    0.00    0.00    0.00    0.00    0.00  100.00
18:05:43      19    0.00    0.00    0.00    0.00    0.00    0.00    0.00    0.00  100.00
18:05:43      20    0.00    0.00    0.00    0.00    0.00    0.00    0.00    0.00  100.00
18:05:43      21    0.00    0.00    0.00    0.00    0.00    0.00    0.00    0.00  100.00
18:05:43      22    0.00    0.00    0.00    0.00    0.00    0.00    0.00    0.00  100.00
18:05:43      23    0.00    0.00    0.00    0.00    0.00    0.00    0.00    0.00  100.00
18:05:43      24    0.00    0.00    0.00    0.00    0.00    0.00    0.00    0.00  100.00
18:05:43      25    0.00    0.00    0.00    0.00    0.00    0.00    0.00    0.00  100.00
18:05:43      26  100.00    0.00    0.00    0.00    0.00    0.00    0.00    0.00    0.00
18:05:43      27    0.00    0.00    0.00    0.00    0.00    0.00    0.00    0.00  100.00
18:05:43      28    0.00    0.00    0.00    0.00    0.00    0.00    0.00    0.00  100.00
18:05:43      29    0.00    0.00    0.00    0.00    0.00    0.00    0.00    0.00  100.00
18:05:43      30    0.00    0.00    0.00    0.00    0.00    0.00    0.00    0.00  100.00
18:05:43      31    0.00    0.00    0.00    0.00    0.00    0.00    0.00    0.00  100.00

18:05:43     CPU    %usr   %nice    %sys %iowait    %irq   %soft  %steal  %guest   %idle
18:05:44     all    3.13    0.00    0.06    0.59    0.00    0.00    0.00    0.00   96.21
18:05:44       0    1.01    0.00    2.02    0.00    0.00    0.00    0.00    0.00   96.97
18:05:44       1    0.00    0.00    0.00    0.00    0.00    0.00    0.00    0.00  100.00
18:05:44       2    0.00    0.00    0.00    0.00    0.00    0.00    0.00    0.00  100.00
18:05:44       3    0.00    0.00    0.00    0.00    0.00    0.00    0.00    0.00  100.00
18:05:44       4    0.00    0.00    0.00    0.00    0.00    0.00    0.00    0.00  100.00
18:05:44       5    0.00    0.00    0.00    0.00    0.00    0.00    0.00    0.00  100.00
18:05:44       6    0.00    0.00    0.00    0.00    0.00    0.00    0.00    0.00  100.00
18:05:44       7    0.00    0.00    0.00    0.00    0.00    0.00    0.00    0.00  100.00
18:05:44       8    0.00    0.00    0.00    0.00    0.00    0.00    0.00    0.00  100.00
18:05:44       9    0.00    0.00    0.00    0.00    0.00    0.00    0.00    0.00  100.00
18:05:44      10    0.00    0.00    0.00    0.00    0.00    0.00    0.00    0.00  100.00
18:05:44      11    0.00    0.00    0.00    0.00    0.00    0.00    0.00    0.00  100.00
18:05:44      12    0.00    0.00    0.00   19.00    0.00    0.00    0.00    0.00   81.00
18:05:44      13    0.00    0.00    0.00    0.00    0.00    0.00    0.00    0.00  100.00
18:05:44      14    0.00    0.00    0.00    0.00    0.00    0.00    0.00    0.00  100.00
18:05:44      15    0.00    0.00    0.00    0.00    0.00    0.00    0.00    0.00  100.00
18:05:44      16    0.00    0.00    0.00    0.00    0.00    0.00    0.00    0.00  100.00
18:05:44      17    0.00    0.00    0.00    0.00    0.00    0.00    0.00    0.00  100.00
18:05:44      18    0.00    0.00    0.00    0.00    0.00    0.00    0.00    0.00  100.00
18:05:44      19    0.00    0.00    0.00    0.00    0.00    0.00    0.00    0.00  100.00
18:05:44      20    0.00    0.00    0.00    0.00    0.00    0.00    0.00    0.00  100.00
18:05:44      21    0.00    0.00    0.00    0.00    0.00    0.00    0.00    0.00  100.00
18:05:44      22    0.00    0.00    0.00    0.00    0.00    0.00    0.00    0.00  100.00
18:05:44      23    0.00    0.00    0.00    0.00    0.00    0.00    0.00    0.00  100.00
18:05:44      24    0.00    0.00    0.00    0.00    0.00    0.00    0.00    0.00  100.00
18:05:44      25    0.00    0.00    0.00    0.00    0.00    0.00    0.00    0.00  100.00
18:05:44      26  100.00    0.00    0.00    0.00    0.00    0.00    0.00    0.00    0.00
18:05:44      27    0.00    0.00    0.00    0.00    0.00    0.00    0.00    0.00  100.00
18:05:44      28    0.00    0.00    0.00    0.00    0.00    0.00    0.00    0.00  100.00
18:05:44      29    0.00    0.00    0.00    0.00    0.00    0.00    0.00    0.00  100.00
18:05:44      30    0.00    0.00    0.00    0.00    0.00    0.00    0.00    0.00  100.00
18:05:44      31    0.00    0.00    0.00    0.00    0.00    0.00    0.00    0.00  100.00

18:05:44     CPU    %usr   %nice    %sys %iowait    %irq   %soft  %steal  %guest   %idle
18:05:45     all    3.13    0.00    0.06    0.00    0.00    0.00    0.00    0.00   96.81
18:05:45       0    0.00    0.00    1.02    0.00    0.00    0.00    0.00    0.00   98.98
18:05:45       1    0.00    0.00    0.00    0.00    0.00    0.00    0.00    0.00  100.00
18:05:45       2    0.00    0.00    0.00    0.00    0.00    0.00    0.00    0.00  100.00
18:05:45       3    0.00    0.00    0.00    0.00    0.00    0.00    0.00    0.00  100.00
18:05:45       4    0.00    0.00    0.00    0.00    0.00    0.00    0.00    0.00  100.00
18:05:45       5    0.00    0.00    0.00    0.00    0.00    0.00    0.00    0.00  100.00
18:05:45       6    0.00    0.00    0.00    0.00    0.00    0.00    0.00    0.00  100.00
18:05:45       7    0.00    0.00    0.00    0.00    0.00    0.00    0.00    0.00  100.00
18:05:45       8    0.00    0.00    0.00    0.00    0.00    0.00    0.00    0.00  100.00
18:05:45       9    0.00    0.00    0.00    0.00    0.00    0.00    0.00    0.00  100.00
18:05:45      10    0.00    0.00    0.00    0.00    0.00    0.00    0.00    0.00  100.00
18:05:45      11    0.00    0.00    0.00    0.00    0.00    0.00    0.00    0.00  100.00
18:05:45      12    0.00    0.00    0.00    0.00    0.00    0.00    0.00    0.00  100.00
18:05:45      13    0.00    0.00    0.00    0.00    0.00    0.00    0.00    0.00  100.00
18:05:45      14    0.00    0.00    0.00    0.00    0.00    0.00    0.00    0.00  100.00
18:05:45      15    0.00    0.00    0.00    0.00    0.00    0.00    0.00    0.00  100.00
18:05:45      16    0.00    0.00    1.01    0.00    0.00    0.00    0.00    0.00   98.99
18:05:45      17    0.00    0.00    0.00    0.00    0.00    0.00    0.00    0.00  100.00
18:05:45      18    0.00    0.00    0.00    0.00    0.00    0.00    0.00    0.00  100.00
18:05:45      19    0.00    0.00    0.00    0.00    0.00    0.00    0.00    0.00  100.00
18:05:45      20    0.00    0.00    0.00    0.00    0.00    0.00    0.00    0.00  100.00
18:05:45      21    0.00    0.00    0.00    0.00    0.00    0.00    0.00    0.00  100.00
18:05:45      22    0.00    0.00    0.00    0.00    0.00    0.00    0.00    0.00  100.00
18:05:45      23    0.00    0.00    0.00    0.00    0.00    0.00    0.00    0.00  100.00
18:05:45      24    0.00    0.00    0.00    0.00    0.00    0.00    0.00    0.00  100.00
18:05:45      25    0.00    0.00    0.00    0.00    0.00    0.00    0.00    0.00  100.00
18:05:45      26  100.00    0.00    0.00    0.00    0.00    0.00    0.00    0.00    0.00
18:05:45      27    0.00    0.00    0.00    0.00    0.00    0.00    0.00    0.00  100.00
18:05:45      28    0.00    0.00    0.00    0.00    0.00    0.00    0.00    0.00  100.00
18:05:45      29    0.00    0.00    0.00    0.00    0.00    0.00    0.00    0.00  100.00
18:05:45      30    0.00    0.00    0.00    0.00    0.00    0.00    0.00    0.00  100.00
18:05:45      31    0.00    0.00    0.00    0.00    0.00    0.00    0.00    0.00  100.00
