Linux 2.6.32-279.14.1.el6.x86_64 (compute-641-3.local) 	04/19/20 	_x86_64_	(32 CPU)

12:11:02     CPU    %usr   %nice    %sys %iowait    %irq   %soft  %steal  %guest   %idle
12:11:04     all    3.11    0.00    0.06    0.00    0.00    0.00    0.00    0.00   96.83
12:11:04       0    0.00    0.00    0.00    0.00    0.00    0.00    0.00    0.00  100.00
12:11:04       1    0.00    0.00    0.00    0.00    0.00    0.00    0.00    0.00  100.00
12:11:04       2    0.00    0.00    0.00    0.00    0.00    0.00    0.00    0.00  100.00
12:11:04       3   99.00    0.00    1.00    0.00    0.00    0.00    0.00    0.00    0.00
12:11:04       4    0.00    0.00    0.00    0.00    0.00    0.00    0.00    0.00  100.00
12:11:04       5    0.00    0.00    0.00    0.00    0.00    0.00    0.00    0.00  100.00
12:11:04       6    0.00    0.00    0.00    0.00    0.00    0.00    0.00    0.00  100.00
12:11:04       7    0.00    0.00    0.00    0.00    0.00    0.00    0.00    0.00  100.00
12:11:04       8    0.00    0.00    0.00    0.00    0.00    0.00    0.00    0.00  100.00
12:11:04       9    0.00    0.00    0.00    0.00    0.00    0.00    0.00    0.00  100.00
12:11:04      10    0.00    0.00    0.00    0.00    0.00    0.00    0.00    0.00  100.00
12:11:04      11    0.00    0.00    1.01    0.00    0.00    0.00    0.00    0.00   98.99
12:11:04      12    0.00    0.00    0.00    0.00    0.00    0.00    0.00    0.00  100.00
12:11:04      13    0.00    0.00    0.00    0.00    0.00    0.00    0.00    0.00  100.00
12:11:04      14    0.00    0.00    0.00    0.00    0.00    0.00    0.00    0.00  100.00
12:11:04      15    0.00    0.00    0.00    0.00    0.00    0.00    0.00    0.00  100.00
12:11:04      16    0.00    0.00    0.00    0.00    0.00    0.00    0.00    0.00  100.00
12:11:04      17    0.00    0.00    0.00    0.00    0.00    0.00    0.00    0.00  100.00
12:11:04      18    0.00    0.00    0.00    0.00    0.00    0.00    0.00    0.00  100.00
12:11:04      19    0.00    0.00    0.00    0.00    0.00    0.00    0.00    0.00  100.00
12:11:04      20    0.00    0.00    0.00    0.00    0.00    0.00    0.00    0.00  100.00
12:11:04      21    0.00    0.00    0.00    0.00    0.00    0.00    0.00    0.00  100.00
12:11:04      22    0.00    0.00    0.00    0.00    0.00    0.00    0.00    0.00  100.00
12:11:04      23    0.00    0.00    0.00    0.00    0.00    0.00    0.00    0.00  100.00
12:11:04      24    0.00    0.00    0.00    0.00    0.00    0.00    0.00    0.00  100.00
12:11:04      25    0.00    0.00    0.00    0.00    0.00    0.00    0.00    0.00  100.00
12:11:04      26    0.00    0.00    0.00    0.00    0.00    0.00    0.00    0.00  100.00
12:11:04      27    0.00    0.00    0.00    0.00    0.00    0.00    0.00    0.00  100.00
12:11:04      28    0.00    0.00    0.00    0.00    0.00    0.00    0.00    0.00  100.00
12:11:04      29    0.00    0.00    0.00    0.00    0.00    0.00    0.00    0.00  100.00
12:11:04      30    0.00    0.00    0.00    0.00    0.00    0.00    0.00    0.00  100.00
12:11:04      31    0.00    0.00    0.00    0.00    0.00    0.00    0.00    0.00  100.00

12:11:04     CPU    %usr   %nice    %sys %iowait    %irq   %soft  %steal  %guest   %idle
12:11:06     all    3.13    0.00    0.05    0.00    0.00    0.00    0.00    0.00   96.83
12:11:06       0    0.00    0.00    0.00    0.00    0.00    0.00    0.00    0.00  100.00
12:11:06       1   19.40    0.00    0.00    0.00    0.00    0.00    0.00    0.00   80.60
12:11:06       2    0.00    0.00    0.00    0.00    0.00    0.00    0.00    0.00  100.00
12:11:06       3   80.50    0.00    0.00    0.00    0.00    0.00    0.00    0.00   19.50
12:11:06       4    0.00    0.00    0.00    0.00    0.00    0.00    0.00    0.00  100.00
12:11:06       5    0.00    0.00    0.00    0.00    0.00    0.00    0.00    0.00  100.00
12:11:06       6    0.00    0.00    0.00    0.00    0.00    0.00    0.00    0.00  100.00
12:11:06       7    0.00    0.00    0.00    0.00    0.00    0.00    0.00    0.00  100.00
12:11:06       8    0.00    0.00    0.00    0.00    0.00    0.00    0.00    0.00  100.00
12:11:06       9    0.00    0.00    0.00    0.00    0.00    0.00    0.00    0.00  100.00
12:11:06      10    0.00    0.00    0.00    0.00    0.00    0.00    0.00    0.00  100.00
12:11:06      11    0.00    0.00    1.00    0.00    0.00    0.00    0.00    0.00   99.00
12:11:06      12    0.00    0.00    0.00    0.00    0.00    0.00    0.00    0.00  100.00
12:11:06      13    0.00    0.00    0.00    0.00    0.00    0.00    0.00    0.00  100.00
12:11:06      14    0.00    0.00    0.00    0.00    0.00    0.00    0.00    0.00  100.00
12:11:06      15    0.00    0.00    0.00    0.00    0.00    0.00    0.00    0.00  100.00
12:11:06      16    0.00    0.00    0.00    0.00    0.00    0.00    0.00    0.00  100.00
12:11:06      17    0.00    0.00    0.00    0.00    0.00    0.00    0.00    0.00  100.00
12:11:06      18    0.00    0.00    0.00    0.00    0.00    0.00    0.00    0.00  100.00
12:11:06      19    0.00    0.00    0.50    0.00    0.00    0.00    0.00    0.00   99.50
12:11:06      20    0.00    0.00    0.00    0.00    0.00    0.00    0.00    0.00  100.00
12:11:06      21    0.00    0.00    0.00    0.00    0.00    0.00    0.00    0.00  100.00
12:11:06      22    0.00    0.00    0.00    0.00    0.00    0.00    0.00    0.00  100.00
12:11:06      23    0.00    0.00    0.00    0.00    0.00    0.00    0.00    0.00  100.00
12:11:06      24    0.00    0.00    0.00    0.00    0.00    0.00    0.00    0.00  100.00
12:11:06      25    0.00    0.00    0.00    0.00    0.00    0.00    0.00    0.00  100.00
12:11:06      26    0.00    0.00    0.00    0.00    0.00    0.00    0.00    0.00  100.00
12:11:06      27    0.00    0.00    0.00    0.00    0.00    0.00    0.00    0.00  100.00
12:11:06      28    0.00    0.00    0.00    0.00    0.00    0.00    0.00    0.00  100.00
12:11:06      29    0.00    0.00    0.00    0.00    0.00    0.00    0.00    0.00  100.00
12:11:06      30    0.00    0.00    0.00    0.00    0.00    0.00    0.00    0.00  100.00
12:11:06      31    0.00    0.00    0.00    0.00    0.00    0.00    0.00    0.00  100.00

12:11:06     CPU    %usr   %nice    %sys %iowait    %irq   %soft  %steal  %guest   %idle
12:11:08     all    3.13    0.00    0.06    0.23    0.00    0.00    0.00    0.00   96.57
12:11:08       0    0.00    0.00    0.00    7.18    0.00    0.00    0.00    0.00   92.82
12:11:08       1    1.51    0.00    0.00    0.00    0.00    0.00    0.00    0.00   98.49
12:11:08       2    0.00    0.00    0.00    0.00    0.00    0.00    0.00    0.00  100.00
12:11:08       3    0.00    0.00    0.00    0.00    0.00    0.00    0.00    0.00  100.00
12:11:08       4    0.00    0.00    0.00    0.00    0.00    0.00    0.00    0.00  100.00
12:11:08       5    0.00    0.00    0.00    0.00    0.00    0.00    0.00    0.00  100.00
12:11:08       6    0.00    0.00    0.00    0.00    0.00    0.00    0.00    0.00  100.00
12:11:08       7    0.00    0.00    0.00    0.00    0.00    0.00    0.00    0.00  100.00
12:11:08       8   98.01    0.00    0.00    0.00    0.00    0.00    0.00    0.00    1.99
12:11:08       9    0.00    0.00    0.00    0.00    0.00    0.00    0.00    0.00  100.00
12:11:08      10    0.00    0.00    0.00    0.00    0.00    0.00    0.00    0.00  100.00
12:11:08      11    0.00    0.00    1.00    0.00    0.00    0.00    0.00    0.00   99.00
12:11:08      12    0.00    0.00    0.00    0.50    0.00    0.00    0.00    0.00   99.50
12:11:08      13    0.00    0.00    0.00    0.00    0.00    0.00    0.00    0.00  100.00
12:11:08      14    0.00    0.00    0.00    0.00    0.00    0.00    0.00    0.00  100.00
12:11:08      15    0.00    0.00    0.00    0.00    0.00    0.00    0.00    0.00  100.00
12:11:08      16    0.00    0.00    0.51    0.00    0.00    0.00    0.00    0.00   99.49
12:11:08      17    0.00    0.00    0.00    0.00    0.00    0.00    0.00    0.00  100.00
12:11:08      18    0.00    0.00    0.00    0.00    0.00    0.00    0.00    0.00  100.00
12:11:08      19    0.00    0.00    0.00    0.00    0.00    0.00    0.00    0.00  100.00
12:11:08      20    0.00    0.00    0.00    0.00    0.00    0.00    0.00    0.00  100.00
12:11:08      21    0.00    0.00    0.00    0.00    0.00    0.00    0.00    0.00  100.00
12:11:08      22    0.00    0.00    0.00    0.00    0.00    0.00    0.00    0.00  100.00
12:11:08      23    0.00    0.00    0.00    0.00    0.00    0.00    0.00    0.00  100.00
12:11:08      24    0.00    0.00    0.00    0.00    0.00    0.00    0.00    0.00  100.00
12:11:08      25    0.00    0.00    0.00    0.00    0.00    0.00    0.00    0.00  100.00
12:11:08      26    0.00    0.00    0.00    0.00    0.00    0.00    0.00    0.00  100.00
12:11:08      27    0.00    0.00    0.00    0.00    0.00    0.00    0.00    0.00  100.00
12:11:08      28    0.00    0.00    0.00    0.00    0.00    0.00    0.00    0.00  100.00
12:11:08      29    0.00    0.00    0.00    0.00    0.00    0.00    0.00    0.00  100.00
12:11:08      30    0.00    0.00    0.00    0.00    0.00    0.00    0.00    0.00  100.00
12:11:08      31    0.00    0.00    0.00    0.00    0.00    0.00    0.00    0.00  100.00

12:11:08     CPU    %usr   %nice    %sys %iowait    %irq   %soft  %steal  %guest   %idle
12:11:10     all    3.13    0.00    0.09    0.00    0.00    0.00    0.00    0.00   96.78
12:11:10       0    0.00    0.00    1.51    0.00    0.00    0.00    0.00    0.00   98.49
12:11:10       1    0.00    0.00    0.00    0.00    0.00    0.00    0.00    0.00  100.00
12:11:10       2    0.00    0.00    0.00    0.00    0.00    0.00    0.00    0.00  100.00
12:11:10       3    0.00    0.00    0.00    0.00    0.00    0.00    0.00    0.00  100.00
12:11:10       4    0.00    0.00    0.00    0.00    0.00    0.00    0.00    0.00  100.00
12:11:10       5    0.00    0.00    0.00    0.00    0.00    0.00    0.00    0.00  100.00
12:11:10       6    0.00    0.00    0.00    0.00    0.00    0.00    0.00    0.00  100.00
12:11:10       7    0.00    0.00    0.00    0.00    0.00    0.00    0.00    0.00  100.00
12:11:10       8  100.00    0.00    0.00    0.00    0.00    0.00    0.00    0.00    0.00
12:11:10       9    0.00    0.00    0.00    0.00    0.00    0.00    0.00    0.00  100.00
12:11:10      10    0.00    0.00    0.00    0.00    0.00    0.00    0.00    0.00  100.00
12:11:10      11    0.00    0.00    1.01    0.00    0.00    0.00    0.00    0.00   98.99
12:11:10      12    0.00    0.00    0.00    0.00    0.00    0.00    0.00    0.00  100.00
12:11:10      13    0.00    0.00    0.00    0.00    0.00    0.00    0.00    0.00  100.00
12:11:10      14    0.00    0.00    0.00    0.00    0.00    0.00    0.00    0.00  100.00
12:11:10      15    0.00    0.00    0.00    0.00    0.00    0.00    0.00    0.00  100.00
12:11:10      16    0.00    0.00    0.00    0.00    0.00    0.00    0.00    0.00  100.00
12:11:10      17    0.00    0.00    0.00    0.00    0.00    0.00    0.00    0.00  100.00
12:11:10      18    0.00    0.00    0.00    0.00    0.00    0.00    0.00    0.00  100.00
12:11:10      19    0.00    0.00    0.00    0.00    0.00    0.00    0.00    0.00  100.00
12:11:10      20    0.00    0.00    0.00    0.00    0.00    0.00    0.00    0.00  100.00
12:11:10      21    0.00    0.00    0.00    0.00    0.00    0.00    0.00    0.00  100.00
12:11:10      22    0.00    0.00    0.00    0.00    0.00    0.00    0.00    0.00  100.00
12:11:10      23    0.00    0.00    0.00    0.00    0.00    0.00    0.00    0.00  100.00
12:11:10      24    0.00    0.00    0.00    0.00    0.00    0.00    0.00    0.00  100.00
12:11:10      25    0.00    0.00    0.00    0.00    0.00    0.00    0.00    0.00  100.00
12:11:10      26    0.00    0.00    0.00    0.00    0.00    0.00    0.00    0.00  100.00
12:11:10      27    0.00    0.00    0.00    0.00    0.00    0.00    0.00    0.00  100.00
12:11:10      28    0.00    0.00    0.00    0.00    0.00    0.00    0.00    0.00  100.00
12:11:10      29    0.00    0.00    0.00    0.00    0.00    0.00    0.00    0.00  100.00
12:11:10      30    0.00    0.00    0.00    0.00    0.00    0.00    0.00    0.00  100.00
12:11:10      31    0.00    0.00    0.00    0.00    0.00    0.00    0.00    0.00  100.00

12:11:10     CPU    %usr   %nice    %sys %iowait    %irq   %soft  %steal  %guest   %idle
12:11:12     all    3.13    0.00    0.06    0.00    0.00    0.00    0.00    0.00   96.81
12:11:12       0    0.00    0.00    1.03    0.00    0.00    0.00    0.00    0.00   98.97
12:11:12       1    0.00    0.00    0.00    0.00    0.00    0.00    0.00    0.00  100.00
12:11:12       2    0.00    0.00    0.00    0.00    0.00    0.00    0.00    0.00  100.00
12:11:12       3    0.00    0.00    0.00    0.00    0.00    0.00    0.00    0.00  100.00
12:11:12       4    0.00    0.00    0.00    0.00    0.00    0.00    0.00    0.00  100.00
12:11:12       5    0.00    0.00    0.00    0.00    0.00    0.00    0.00    0.00  100.00
12:11:12       6    0.00    0.00    0.00    0.00    0.00    0.00    0.00    0.00  100.00
12:11:12       7    0.00    0.00    0.00    0.00    0.00    0.00    0.00    0.00  100.00
12:11:12       8  100.00    0.00    0.00    0.00    0.00    0.00    0.00    0.00    0.00
12:11:12       9    0.00    0.00    0.00    0.00    0.00    0.00    0.00    0.00  100.00
12:11:12      10    0.00    0.00    0.00    0.00    0.00    0.00    0.00    0.00  100.00
12:11:12      11    0.00    0.00    1.49    0.00    0.00    0.00    0.00    0.00   98.51
12:11:12      12    0.00    0.00    0.00    0.00    0.00    0.00    0.00    0.00  100.00
12:11:12      13    0.00    0.00    0.00    0.00    0.00    0.00    0.00    0.00  100.00
12:11:12      14    0.00    0.00    0.00    0.00    0.00    0.00    0.00    0.00  100.00
12:11:12      15    0.00    0.00    0.00    0.00    0.00    0.00    0.00    0.00  100.00
12:11:12      16    0.00    0.00    0.00    0.00    0.00    0.00    0.00    0.00  100.00
12:11:12      17    0.00    0.00    0.00    0.00    0.00    0.00    0.00    0.00  100.00
12:11:12      18    0.00    0.00    0.00    0.00    0.00    0.00    0.00    0.00  100.00
12:11:12      19    0.00    0.00    0.00    0.00    0.00    0.00    0.00    0.00  100.00
12:11:12      20    0.00    0.00    0.00    0.00    0.00    0.00    0.00    0.00  100.00
12:11:12      21    0.00    0.00    0.00    0.00    0.00    0.00    0.00    0.00  100.00
12:11:12      22    0.00    0.00    0.00    0.00    0.00    0.00    0.00    0.00  100.00
12:11:12      23    0.00    0.00    0.00    0.00    0.00    0.00    0.00    0.00  100.00
12:11:12      24    0.00    0.00    0.00    0.00    0.00    0.00    0.00    0.00  100.00
12:11:12      25    0.00    0.00    0.00    0.00    0.00    0.00    0.00    0.00  100.00
12:11:12      26    0.00    0.00    0.50    0.00    0.00    0.00    0.00    0.00   99.50
12:11:12      27    0.00    0.00    0.00    0.00    0.00    0.00    0.00    0.00  100.00
12:11:12      28    0.00    0.00    0.00    0.00    0.00    0.00    0.00    0.00  100.00
12:11:12      29    0.00    0.00    0.00    0.00    0.00    0.00    0.00    0.00  100.00
12:11:12      30    0.00    0.00    0.00    0.00    0.00    0.00    0.00    0.00  100.00
12:11:12      31    0.00    0.00    0.00    0.00    0.00    0.00    0.00    0.00  100.00

12:11:12     CPU    %usr   %nice    %sys %iowait    %irq   %soft  %steal  %guest   %idle
12:11:14     all    3.14    0.00    0.13    0.31    0.00    0.00    0.00    0.00   96.42
12:11:14       0    0.51    0.00    2.05    0.00    0.00    0.00    0.00    0.00   97.44
12:11:14       1    0.00    0.00    0.00    0.00    0.00    0.00    0.00    0.00  100.00
12:11:14       2    0.00    0.00    0.00    0.00    0.00    0.00    0.00    0.00  100.00
12:11:14       3    0.00    0.00    0.00    0.00    0.00    0.00    0.00    0.00  100.00
12:11:14       4    0.00    0.00    0.00    0.00    0.00    0.00    0.00    0.00  100.00
12:11:14       5    0.00    0.00    0.00    0.00    0.00    0.00    0.00    0.00  100.00
12:11:14       6    0.00    0.00    0.00    0.00    0.00    0.00    0.00    0.00  100.00
12:11:14       7    0.00    0.00    0.00    0.00    0.00    0.00    0.00    0.00  100.00
12:11:14       8  100.00    0.00    0.00    0.00    0.00    0.00    0.00    0.00    0.00
12:11:14       9    0.00    0.00    0.00    0.00    0.00    0.00    0.00    0.00  100.00
12:11:14      10    0.00    0.00    0.00    0.00    0.00    0.00    0.00    0.00  100.00
12:11:14      11    0.00    0.00    1.00    0.00    0.00    0.00    0.00    0.00   99.00
12:11:14      12    0.00    0.00    0.00   10.00    0.00    0.00    0.00    0.00   90.00
12:11:14      13    0.00    0.00    0.00    0.00    0.00    0.00    0.00    0.00  100.00
12:11:14      14    0.00    0.00    0.00    0.00    0.00    0.00    0.00    0.00  100.00
12:11:14      15    0.00    0.00    0.00    0.00    0.00    0.00    0.00    0.00  100.00
12:11:14      16    0.00    0.00    0.00    0.00    0.00    0.00    0.00    0.00  100.00
12:11:14      17    0.00    0.00    0.50    0.00    0.00    0.00    0.00    0.00   99.50
12:11:14      18    0.00    0.00    0.00    0.00    0.00    0.00    0.00    0.00  100.00
12:11:14      19    0.00    0.00    0.00    0.00    0.00    0.00    0.00    0.00  100.00
12:11:14      20    0.00    0.00    0.00    0.00    0.00    0.00    0.00    0.00  100.00
12:11:14      21    0.00    0.00    0.00    0.00    0.00    0.00    0.00    0.00  100.00
12:11:14      22    0.00    0.00    0.00    0.00    0.00    0.00    0.00    0.00  100.00
12:11:14      23    0.00    0.00    0.00    0.00    0.00    0.00    0.00    0.00  100.00
12:11:14      24    0.00    0.00    0.00    0.00    0.00    0.00    0.00    0.00  100.00
12:11:14      25    0.00    0.00    0.00    0.00    0.00    0.00    0.00    0.00  100.00
12:11:14      26    0.00    0.00    0.00    0.00    0.00    0.00    0.00    0.00  100.00
12:11:14      27    0.00    0.00    0.00    0.00    0.00    0.00    0.00    0.00  100.00
12:11:14      28    0.00    0.00    0.00    0.00    0.00    0.00    0.00    0.00  100.00
12:11:14      29    0.00    0.00    0.00    0.00    0.00    0.00    0.00    0.00  100.00
12:11:14      30    0.00    0.00    0.00    0.00    0.00    0.00    0.00    0.00  100.00
12:11:14      31    0.00    0.00    0.00    0.00    0.00    0.00    0.00    0.00  100.00

12:11:14     CPU    %usr   %nice    %sys %iowait    %irq   %soft  %steal  %guest   %idle
12:11:16     all    3.14    0.00    0.06    0.00    0.00    0.00    0.00    0.00   96.79
12:11:16       0    0.00    0.00    0.00    0.00    0.00    0.00    0.00    0.00  100.00
12:11:16       1    0.00    0.00    0.00    0.00    0.00    0.00    0.00    0.00  100.00
12:11:16       2    0.00    0.00    0.00    0.00    0.00    0.00    0.00    0.00  100.00
12:11:16       3    0.00    0.00    0.00    0.00    0.00    0.00    0.00    0.00  100.00
12:11:16       4    0.00    0.00    0.00    0.00    0.00    0.00    0.00    0.00  100.00
12:11:16       5    0.00    0.00    0.00    0.00    0.00    0.00    0.00    0.00  100.00
12:11:16       6    0.00    0.00    0.00    0.00    0.00    0.00    0.00    0.00  100.00
12:11:16       7    0.00    0.00    0.00    0.00    0.00    0.00    0.00    0.00  100.00
12:11:16       8  100.00    0.00    0.00    0.00    0.00    0.00    0.00    0.00    0.00
12:11:16       9    0.00    0.00    0.00    0.00    0.00    0.00    0.00    0.00  100.00
12:11:16      10    0.00    0.00    0.00    0.00    0.00    0.00    0.00    0.00  100.00
12:11:16      11    0.00    0.00    1.00    0.00    0.00    0.00    0.00    0.00   99.00
12:11:16      12    0.00    0.00    0.00    0.00    0.00    0.00    0.00    0.00  100.00
12:11:16      13    0.00    0.00    0.00    0.00    0.00    0.00    0.00    0.00  100.00
12:11:16      14    0.00    0.00    0.00    0.00    0.00    0.00    0.00    0.00  100.00
12:11:16      15    0.00    0.00    0.00    0.00    0.00    0.00    0.00    0.00  100.00
12:11:16      16    0.00    0.00    1.52    0.00    0.00    0.00    0.00    0.00   98.48
12:11:16      17    0.00    0.00    0.00    0.00    0.00    0.00    0.00    0.00  100.00
12:11:16      18    0.00    0.00    0.00    0.00    0.00    0.00    0.00    0.00  100.00
12:11:16      19    0.00    0.00    0.00    0.00    0.00    0.00    0.00    0.00  100.00
12:11:16      20    0.00    0.00    0.00    0.00    0.00    0.00    0.00    0.00  100.00
12:11:16      21    0.00    0.00    0.00    0.00    0.00    0.00    0.00    0.00  100.00
12:11:16      22    0.00    0.00    0.00    0.00    0.00    0.00    0.00    0.00  100.00
12:11:16      23    0.00    0.00    0.00    0.00    0.00    0.00    0.00    0.00  100.00
12:11:16      24    0.00    0.00    0.00    0.00    0.00    0.00    0.00    0.00  100.00
12:11:16      25    0.00    0.00    0.00    0.00    0.00    0.00    0.00    0.00  100.00
12:11:16      26    0.00    0.00    0.00    0.00    0.00    0.00    0.00    0.00  100.00
12:11:16      27    0.00    0.00    0.00    0.00    0.00    0.00    0.00    0.00  100.00
12:11:16      28    0.00    0.00    0.00    0.00    0.00    0.00    0.00    0.00  100.00
12:11:16      29    0.00    0.00    0.00    0.00    0.00    0.00    0.00    0.00  100.00
12:11:16      30    0.00    0.00    0.00    0.00    0.00    0.00    0.00    0.00  100.00
12:11:16      31    0.00    0.00    0.00    0.00    0.00    0.00    0.00    0.00  100.00

12:11:16     CPU    %usr   %nice    %sys %iowait    %irq   %soft  %steal  %guest   %idle
12:11:18     all    3.13    0.00    0.09    0.00    0.00    0.00    0.00    0.00   96.78
12:11:18       0    0.00    0.00    0.00    0.00    0.00    0.00    0.00    0.00  100.00
12:11:18       1    0.00    0.00    0.00    0.00    0.00    0.00    0.00    0.00  100.00
12:11:18       2    0.00    0.00    0.00    0.00    0.00    0.00    0.00    0.00  100.00
12:11:18       3    0.00    0.00    0.00    0.00    0.00    0.00    0.00    0.00  100.00
12:11:18       4    0.00    0.00    0.00    0.00    0.00    0.00    0.00    0.00  100.00
12:11:18       5    0.00    0.00    0.00    0.00    0.00    0.00    0.00    0.00  100.00
12:11:18       6    0.00    0.00    0.00    0.00    0.00    0.00    0.00    0.00  100.00
12:11:18       7    0.00    0.00    0.00    0.00    0.00    0.00    0.00    0.00  100.00
12:11:18       8  100.00    0.00    0.00    0.00    0.00    0.00    0.00    0.00    0.00
12:11:18       9    0.00    0.00    0.00    0.00    0.00    0.00    0.00    0.00  100.00
12:11:18      10    0.00    0.00    0.00    0.00    0.00    0.00    0.00    0.00  100.00
12:11:18      11    0.00    0.00    1.01    0.00    0.00    0.00    0.00    0.00   98.99
12:11:18      12    0.00    0.00    0.00    0.00    0.00    0.00    0.00    0.00  100.00
12:11:18      13    0.00    0.00    0.00    0.00    0.00    0.00    0.00    0.00  100.00
12:11:18      14    0.00    0.00    0.00    0.00    0.00    0.00    0.00    0.00  100.00
12:11:18      15    0.00    0.00    0.00    0.00    0.00    0.00    0.00    0.00  100.00
12:11:18      16    0.00    0.00    1.52    0.00    0.00    0.00    0.00    0.00   98.48
12:11:18      17    0.00    0.00    0.00    0.00    0.00    0.00    0.00    0.00  100.00
12:11:18      18    0.00    0.00    0.00    0.00    0.00    0.00    0.00    0.00  100.00
12:11:18      19    0.00    0.00    0.00    0.00    0.00    0.00    0.00    0.00  100.00
12:11:18      20    0.00    0.00    0.00    0.00    0.00    0.00    0.00    0.00  100.00
12:11:18      21    0.00    0.00    0.00    0.00    0.00    0.00    0.00    0.00  100.00
12:11:18      22    0.00    0.00    0.00    0.00    0.00    0.00    0.00    0.00  100.00
12:11:18      23    0.00    0.00    0.00    0.00    0.00    0.00    0.00    0.00  100.00
12:11:18      24    0.00    0.00    0.00    0.00    0.00    0.00    0.00    0.00  100.00
12:11:18      25    0.00    0.00    0.00    0.00    0.00    0.00    0.00    0.00  100.00
12:11:18      26    0.00    0.00    0.00    0.00    0.00    0.00    0.00    0.00  100.00
12:11:18      27    0.00    0.00    0.00    0.00    0.00    0.00    0.00    0.00  100.00
12:11:18      28    0.00    0.00    0.00    0.00    0.00    0.00    0.00    0.00  100.00
12:11:18      29    0.00    0.00    0.00    0.00    0.00    0.00    0.00    0.00  100.00
12:11:18      30    0.00    0.00    0.00    0.00    0.00    0.00    0.00    0.00  100.00
12:11:18      31    0.00    0.00    0.00    0.00    0.00    0.00    0.00    0.00  100.00

12:11:18     CPU    %usr   %nice    %sys %iowait    %irq   %soft  %steal  %guest   %idle
12:11:20     all    3.13    0.00    0.06    0.03    0.00    0.00    0.00    0.00   96.78
12:11:20       0    0.00    0.00    0.51    0.00    0.00    0.00    0.00    0.00   99.49
12:11:20       1    0.00    0.00    0.00    0.00    0.00    0.00    0.00    0.00  100.00
12:11:20       2    0.00    0.00    0.00    0.00    0.00    0.00    0.00    0.00  100.00
12:11:20       3    0.00    0.00    0.00    0.00    0.00    0.00    0.00    0.00  100.00
12:11:20       4    0.00    0.00    0.00    0.00    0.00    0.00    0.00    0.00  100.00
12:11:20       5    0.00    0.00    0.00    0.00    0.00    0.00    0.00    0.00  100.00
12:11:20       6    0.00    0.00    0.00    0.00    0.00    0.00    0.00    0.00  100.00
12:11:20       7    0.00    0.00    0.00    0.00    0.00    0.00    0.00    0.00  100.00
12:11:20       8  100.00    0.00    0.00    0.00    0.00    0.00    0.00    0.00    0.00
12:11:20       9    0.00    0.00    0.00    0.00    0.00    0.00    0.00    0.00  100.00
12:11:20      10    0.00    0.00    0.00    0.00    0.00    0.00    0.00    0.00  100.00
12:11:20      11    0.00    0.00    1.00    0.00    0.00    0.00    0.00    0.00   99.00
12:11:20      12    0.00    0.00    0.00    1.49    0.00    0.00    0.00    0.00   98.51
12:11:20      13    0.00    0.00    0.00    0.00    0.00    0.00    0.00    0.00  100.00
12:11:20      14    0.00    0.00    0.00    0.00    0.00    0.00    0.00    0.00  100.00
12:11:20      15    0.00    0.00    0.00    0.00    0.00    0.00    0.00    0.00  100.00
12:11:20      16    0.00    0.00    1.02    0.00    0.00    0.00    0.00    0.00   98.98
12:11:20      17    0.00    0.00    0.00    0.00    0.00    0.00    0.00    0.00  100.00
12:11:20      18    0.00    0.00    0.00    0.00    0.00    0.00    0.00    0.00  100.00
12:11:20      19    0.00    0.00    0.00    0.00    0.00    0.00    0.00    0.00  100.00
12:11:20      20    0.00    0.00    0.00    0.00    0.00    0.00    0.00    0.00  100.00
12:11:20      21    0.00    0.00    0.00    0.00    0.00    0.00    0.00    0.00  100.00
12:11:20      22    0.00    0.00    0.00    0.00    0.00    0.00    0.00    0.00  100.00
12:11:20      23    0.00    0.00    0.00    0.00    0.00    0.00    0.00    0.00  100.00
12:11:20      24    0.00    0.00    0.00    0.00    0.00    0.00    0.00    0.00  100.00
12:11:20      25    0.00    0.00    0.00    0.00    0.00    0.00    0.00    0.00  100.00
12:11:20      26    0.00    0.00    0.00    0.00    0.00    0.00    0.00    0.00  100.00
12:11:20      27    0.00    0.00    0.00    0.00    0.00    0.00    0.00    0.00  100.00
12:11:20      28    0.00    0.00    0.00    0.00    0.00    0.00    0.00    0.00  100.00
12:11:20      29    0.00    0.00    0.00    0.00    0.00    0.00    0.00    0.00  100.00
12:11:20      30    0.00    0.00    0.00    0.00    0.00    0.00    0.00    0.00  100.00
12:11:20      31    0.00    0.00    0.00    0.00    0.00    0.00    0.00    0.00  100.00
