procs -----------memory---------- ---swap-- -----io---- --system-- -----cpu-----
 r  b   swpd   free   buff  cache   si   so    bi    bo   in   cs us sy id wa st
 3  1   5616 64609116 236940 347064    0    0     0     2    0    0 46  2 51  0  0	
 1  0   5616 63817412 236940 347080    0    0     0     0 3227 2705  3  0 97  0  0	
 2  0   5616 63817552 236940 347080    0    0     0     0 3039 2429  3  0 97  0  0	
 1  1   5616 63817924 236940 347084    0    0     0    10 3117 2572  3  0 96  0  0	
 1  0   5616 63818004 236940 347088    0    0     0     0 3202 2712  3  0 97  0  0	
 2  0   5616 63818004 236940 347092    0    0     0     0 3201 2728  3  0 97  0  0	
 2  0   5616 63818224 236940 347096    0    0     0     0 3128 2571  3  0 97  0  0	
 1  0   5616 63818248 236940 347100    0    0     0     2 3057 2474  3  0 97  0  0	
 2  0   5616 63818248 236940 347100    0    0     0     0 3042 2424  3  0 97  0  0	
 1  0   5616 63818372 236940 347100    0    0     0     0 3086 2516  3  0 97  0  0	
 2  0   5616 63818504 236940 347104    0    0     0     0 3052 2429  3  0 97  0  0	
 1  0   5616 63818504 236940 347108    0    0     0     0 3108 2553  3  0 97  0  0	
 2  0   5616 63818512 236940 347112    0    0     0     0 3054 2459  3  0 97  0  0	
 1  0   5616 63818636 236940 347116    0    0     0     8 3036 2425  3  0 97  0  0	
 2  0   5616 63818636 236940 347116    0    0     0     2 3144 2618  3  0 97  0  0	
 1  0   5616 63818656 236940 347120    0    0     0     0 3048 2452  3  0 97  0  0	
 1  0   5616 63818772 236940 347124    0    0     0     0 3118 2564  3  0 97  0  0	
 1  0   5616 63818764 236940 347124    0    0     0    10 3051 2494  3  0 97  0  0	
 1  0   5616 63818756 236940 347128    0    0     0     0 3038 2457  3  0 97  0  0	
 1  0   5616 63818764 236940 347136    0    0     0     0 3159 2689  3  0 97  0  0	
 1  0   5616 63818772 236940 347136    0    0     0     0 3083 2548  3  0 97  0  0	
procs -----------memory---------- ---swap-- -----io---- --system-- -----cpu-----
 r  b   swpd   free   buff  cache   si   so    bi    bo   in   cs us sy id wa st
 1  1   5616 63818772 236940 347140    0    0     0     8 3072 2483  3  0 96  0  0	
 1  0   5616 63818780 236940 347140    0    0     0     0 3013 2407  3  0 97  0  0	
 1  0   5616 63818780 236940 347144    0    0     0     0 3014 2407  3  0 97  0  0	
 1  0   5616 63818904 236940 347148    0    0     0     0 3029 2439  3  0 97  0  0	
 1  0   5616 63818904 236940 347148    0    0     0     0 3009 2400  3  0 97  0  0	
 1  1   5616 63818904 236940 347156    0    0     0     8 3024 2413  3  0 97  0  0	
 1  0   5616 63818896 236940 347156    0    0     0     0 3029 2412  3  0 97  0  0	
 1  0   5616 63818896 236940 347160    0    0     0     0 3005 2394  3  0 97  0  0	
 1  0   5616 63818896 236940 347164    0    0     0    14 3023 2416  3  0 96  0  0	
 1  0   5616 63818892 236940 347168    0    0     0     0 3042 2447  3  0 97  0  0	
 2  0   5616 63818884 236940 347172    0    0     0     0 3027 2413  3  0 97  0  0	
 1  0   5616 63818644 236940 347172    0    0     0     6 3009 2405  3  0 96  0  0	
 2  0   5616 63818644 236940 347180    0    0     0     0 3027 2413  3  0 97  0  0	
 1  0   5616 63818636 236940 347180    0    0     0     0 3019 2411  3  0 97  0  0	
 2  0   5616 63818652 236940 347184    0    0     0     0 3019 2404  3  0 97  0  0	
 1  0   5616 63818776 236940 347184    0    0     0     0 3041 2443  3  0 97  0  0	
 2  0   5616 63818768 236940 347188    0    0     0     8 3011 2409  3  0 96  0  0	
 1  0   5616 63818644 236940 347192    0    0     0     0 3026 2411  3  0 97  0  0	
 1  0   5616 63818644 236940 347196    0    0     0     0 3016 2406  3  0 97  0  0	
 1  0   5616 63818644 236940 347200    0    0     0     0 3018 2402  3  0 97  0  0	
 1  0   5616 63818652 236940 347200    0    0     0     0 3019 2407  3  0 97  0  0	
procs -----------memory---------- ---swap-- -----io---- --system-- -----cpu-----
 r  b   swpd   free   buff  cache   si   so    bi    bo   in   cs us sy id wa st
 1  0   5616 63818660 236940 347204    0    0     0     0 3027 2441  3  0 97  0  0	
 1  0   5616 63818660 236940 347212    0    0     0     6 3022 2408  3  0 96  0  0	
 1  0   5616 63818660 236940 347212    0    0     0     0 3014 2409  3  0 97  0  0	
 1  0   5616 63818660 236940 347216    0    0     0     0 3007 2398  3  0 97  0  0	
 1  0   5616 63818652 236940 347220    0    0     0     8 3094 2557  3  0 96  0  0	
 1  0   5616 63818644 236940 347224    0    0     0     6 3037 2462  3  0 97  0  0	
 1  0   5616 63818644 236940 347228    0    0     0     0 3173 2710  3  0 97  0  0	
 1  0   5616 63818644 236940 347228    0    0     0     0 3032 2422  3  0 97  0  0	
 1  0   5616 63818644 236940 347232    0    0     0     0 3079 2540  3  0 97  0  0	
 1  0   5616 63818644 236940 347232    0    0     0     0 3252 2847  3  0 97  0  0	
 1  0   5616 63818784 236940 347236    0    0     0     2 3009 2404  3  0 97  0  0	
 1  0   5616 63818788 236940 347244    0    0     0     0 3011 2407  3  0 97  0  0	
 2  0   5616 63818788 236940 347244    0    0     0     6 3145 2667  3  0 96  0  0	
 1  0   5616 63818664 236940 347248    0    0     0     0 3124 2626  3  0 97  0  0	
 2  0   5616 63818664 236940 347248    0    0     0     0 3154 2667  3  0 97  0  0	
 1  0   5616 63818656 236940 347256    0    0     0     0 3081 2552  3  0 97  0  0	
 2  0   5616 63818656 236940 347260    0    0     0     0 3008 2400  3  0 97  0  0	
 1  0   5616 63818656 236940 347260    0    0     0    12 3070 2515  3  0 97  0  0	
 2  0   5616 63818648 236940 347268    0    0     0     0 3098 2580  3  0 97  0  0	
 1  0   5616 63818664 236940 347268    0    0     0     0 3085 2533  3  0 97  0  0	
 2  0   5616 63818648 236940 347272    0    0     0     0 3015 2418  3  0 97  0  0	
procs -----------memory---------- ---swap-- -----io---- --system-- -----cpu-----
 r  b   swpd   free   buff  cache   si   so    bi    bo   in   cs us sy id wa st
 1  0   5616 63818648 236940 347272    0    0     0     0 3027 2427  3  0 97  0  0	
 2  0   5616 63818656 236940 347276    0    0     0     0 3028 2442  3  0 97  0  0	
 1  0   5616 63818664 236940 347280    0    0     0     0 3099 2566  3  0 97  0  0	
 1  0   5616 63818664 236940 347284    0    0     0     0 3261 2871  3  0 97  0  0	
 1  0   5616 63818656 236940 347288    0    0     0     0 3056 2500  3  0 97  0  0	
 1  0   5616 63818524 236940 347292    0    0     0     0 3019 2402  3  0 97  0  0	
 1  0   5616 63818524 236940 347292    0    0     0     2 3046 2472  3  0 97  0  0	
 1  0   5616 63818524 236940 347296    0    0     0     8 3093 2547  3  0 97  0  0	
 1  0   5616 63818532 236940 347296    0    0     0     0 3099 2565  3  0 97  0  0	
 1  0   5616 63818540 236940 347300    0    0     0     0 3163 2686  3  0 97  0  0	
 1  0   5616 63818540 236940 347304    0    0     0     6 3205 2791  3  0 97  0  0	
 1  0   5616 63818540 236940 347308    0    0     0     0 3149 2658  3  0 97  0  0	
 2  0   5616 63818540 236940 347312    0    0     0     0 3034 2460  3  0 97  0  0	
 1  0   5616 63818408 236940 347312    0    0     0     0 3095 2560  3  0 97  0  0	
 1  0   5616 63818524 236940 347316    0    0     0     0 3050 2487  3  0 97  0  0	
 1  0   5616 63818524 236940 347316    0    0     0     8 3101 2579  3  0 96  0  0	
 1  0   5616 63818524 236940 347320    0    0     0     0 3279 2935  3  0 97  0  0	
 2  0   5616 63818524 236940 347324    0    0     0     0 3062 2506  3  0 97  0  0	
 1  0   5616 63818424 236940 347328    0    0     0     0 3131 2627  3  0 97  0  0	
 1  0   5616 63818408 236940 347332    0    0     0     0 3064 2512  3  0 97  0  0	
 1  0   5616 63818416 236940 347332    0    0     0     0 3034 2457  3  0 97  0  0	
procs -----------memory---------- ---swap-- -----io---- --system-- -----cpu-----
 r  b   swpd   free   buff  cache   si   so    bi    bo   in   cs us sy id wa st
 1  0   5616 63818416 236940 347336    0    0     0     0 3386 3147  3  0 97  0  0	
 1  0   5616 63818416 236940 347340    0    0     0     0 3041 2472  3  0 97  0  0	
 1  0   5616 63818540 236940 347344    0    0     0     8 3105 2586  3  0 96  0  0	
 1  0   5616 63818408 236940 347352    0    0     0     4 3083 2554  3  0 97  0  0	
 2  0   5616 63818408 236940 347360    0    0     0     0 3128 2628  3  0 97  0  0	
 1  0   5616 63818532 236940 347360    0    0     0     0 3232 2841  3  0 97  0  0	
 1  0   5616 63818524 236940 347360    0    0     0     0 3167 2715  3  0 97  0  0	
 2  0   5616 63818540 236940 347364    0    0     0     0 3043 2453  3  0 97  0  0	
 1  0   5616 63818524 236940 347368    0    0     0     0 3171 2722  3  0 97  0  0	
 1  0   5616 63818524 236940 347372    0    0     0     0 3129 2622  3  0 97  0  0	
 1  0   5616 63818524 236940 347376    0    0     0     0 3058 2465  3  0 97  0  0	
 1  0   5616 63818532 236940 347380    0    0     0     8 3012 2405  3  0 97  0  0	
 1  0   5616 63818532 236940 347380    0    0     0     0 3045 2439  3  0 97  0  0	
 1  0   5616 63818408 236940 347380    0    0     0     0 3012 2401  3  0 97  0  0	
 1  0   5616 63818392 236940 347384    0    0     0     0 3016 2402  3  0 97  0  0	
 1  0   5616 63818392 236940 347388    0    0     0     0 3012 2399  3  0 97  0  0	
 1  0   5616 63818400 236940 347392    0    0     0     0 3012 2400  3  0 97  0  0	
 1  0   5616 63818424 236940 347396    0    0     0     0 3024 2408  3  0 97  0  0	
 1  0   5616 63818408 236940 347400    0    0     0     0 3024 2432  3  0 97  0  0	
 1  0   5616 63818416 236940 347400    0    0     0    10 3016 2409  3  0 97  0  0	
 2  0   5616 63818416 236940 347404    0    0     0     0 3016 2403  3  0 97  0  0	
procs -----------memory---------- ---swap-- -----io---- --system-- -----cpu-----
 r  b   swpd   free   buff  cache   si   so    bi    bo   in   cs us sy id wa st
 1  0   5616 63818416 236940 347404    0    0     0     0 3006 2396  3  0 97  0  0	
 1  0   5616 63818408 236940 347408    0    0     0     0 3020 2404  3  0 97  0  0	
 2  0   5616 63818400 236940 347412    0    0     0     0 3009 2400  3  0 97  0  0	
 1  0   5616 63818400 236940 347416    0    0     0     0 3036 2443  3  0 97  0  0	
 1  0   5616 63818400 236940 347420    0    0     0     2 3187 2749  3  0 97  0  0	
 1  0   5616 63818400 236940 347420    0    0     0     0 3040 2464  3  0 97  0  0	
 1  0   5616 63818424 236940 347424    0    0     0     6 3100 2557  3  0 96  0  0	
 1  0   5616 63818408 236940 347428    0    0     0     4 3021 2437  3  0 97  0  0	
 1  0   5616 63818416 236940 347428    0    0     0     0 3229 2852  3  0 97  0  0	
 1  0   5616 63818416 236940 347436    0    0     0     0 3090 2568  3  0 97  0  0	
 2  0   5616 63818416 236940 347444    0    0     0     0 3055 2504  3  0 97  0  0	
 1  0   5616 63818416 236940 347444    0    0     0     0 3086 2518  3  0 97  0  0	
 1  0   5616 63818408 236940 347444    0    0     0     0 3026 2444  3  0 97  0  0	
 1  0   5616 63818408 236940 347448    0    0     0     0 3098 2568  3  0 97  0  0	
 1  0   5616 63818408 236940 347452    0    0     0     8 3220 2824  3  0 96  0  0	
 1  0   5616 63818408 236940 347452    0    0     0     0 3085 2532  3  0 97  0  0	
 1  0   5616 63818416 236940 347456    0    0     0     0 3145 2679  3  0 97  0  0	
 1  0   5616 63818400 236940 347464    0    0     0     0 3097 2581  3  0 97  0  0	
 2  0   5616 63818400 236940 347464    0    0     0     0 3096 2562  3  0 97  0  0	
 1  0   5616 63818408 236940 347468    0    0     0     0 3105 2587  3  0 97  0  0	
 1  0   5616 63818408 236940 347468    0    0     0     0 3145 2667  3  0 97  0  0	
procs -----------memory---------- ---swap-- -----io---- --system-- -----cpu-----
 r  b   swpd   free   buff  cache   si   so    bi    bo   in   cs us sy id wa st
 1  0   5616 63818284 236940 347472    0    0     0     0 3061 2492  3  0 97  0  0	
 1  0   5616 63818276 236940 347476    0    0     0     8 3066 2522  3  0 96  0  0	
 1  0   5616 63818268 236940 347476    0    0     0     0 3036 2448  3  0 97  0  0	
 1  0   5616 63818276 236940 347484    0    0     0     0 3012 2401  3  0 97  0  0	
 1  0   5616 63818284 236940 347484    0    0     0     0 3028 2439  3  0 97  0  0	
 2  0   5616 63818300 236940 347488    0    0     0     0 3040 2443  3  0 97  0  0	
 1  0   5616 63818292 236940 347488    0    0     0     0 3112 2617  3  0 97  0  0	
 1  0   5616 63818292 236940 347496    0    0     0    10 3203 2768  3  0 96  0  0	
 1  0   5616 63818292 236940 347500    0    0     0     0 3181 2717  3  0 97  0  0	
 2  0   5616 63818292 236940 347504    0    0     0     0 3012 2407  3  0 97  0  0	
 1  0   5616 63818276 236940 347508    0    0     0     0 3036 2433  3  0 97  0  0	
 1  0   5616 63818276 236940 347508    0    0     0     4 3076 2538  3  0 97  0  0	
 1  0   5616 63818276 236940 347512    0    0     0     0 3041 2455  3  0 97  0  0	
 2  0   5616 63818276 236940 347516    0    0     0     0 3027 2409  3  0 97  0  0	
 1  0   5616 63818276 236940 347516    0    0     0     0 3010 2400  3  0 97  0  0	
 1  0   5616 63818408 236940 347520    0    0     0     0 3046 2441  3  0 97  0  0	
 1  0   5616 63818152 236940 347524    0    0     0     0 3174 2720  3  0 97  0  0	
 1  0   5616 63818164 236940 347532    0    0     0     0 3009 2404  3  0 97  0  0	
 2  0   5616 63818164 236940 347532    0    0     0     8 3031 2443  3  0 97  0  0	
 1  0   5616 63818040 236940 347536    0    0     0     0 3007 2398  3  0 97  0  0	
 1  0   5616 63818164 236940 347540    0    0     0     0 3020 2411  3  0 97  0  0	
procs -----------memory---------- ---swap-- -----io---- --system-- -----cpu-----
 r  b   swpd   free   buff  cache   si   so    bi    bo   in   cs us sy id wa st
 1  0   5616 63818164 236940 347540    0    0     0     0 3006 2403  3  0 97  0  0	
 1  0   5616 63818164 236940 347544    0    0     0     0 3009 2406  3  0 97  0  0	
 1  0   5616 63818164 236940 347552    0    0     0     2 3020 2405  3  0 97  0  0	
 1  0   5616 63818032 236940 347552    0    0     0     0 3024 2432  3  0 97  0  0	
 1  0   5616 63818024 236940 347556    0    0     0     0 3022 2412  3  0 97  0  0	
 2  0   5616 63818032 236940 347556    0    0     0     6 3009 2407  3  0 97  0  0	
 1  0   5616 63818032 236940 347560    0    0     0     0 3038 2441  3  0 97  0  0	
 1  0   5616 63818040 236940 347564    0    0     0     0 3078 2535  3  0 97  0  0	
 1  0   5616 63818048 236940 347564    0    0     0     0 3039 2458  3  0 97  0  0	
 1  0   5616 63818048 236940 347572    0    0     0     0 3141 2650  3  0 97  0  0	
 1  0   5616 63818040 236940 347572    0    0     0     0 3256 2897  3  0 97  0  0	
 1  0   5616 63818032 236940 347576    0    0     0     0 3016 2401  3  0 97  0  0	
 1  0   5616 63818032 236940 347576    0    0     0     0 3011 2409  3  0 97  0  0	
 2  0   5616 63818040 236940 347580    0    0     0     8 3013 2412  3  0 97  0  0	
 1  0   5616 63818056 236940 347584    0    0     0     0 3045 2466  3  0 97  0  0	
 1  0   5616 63818048 236940 347588    0    0     0     0 3061 2475  3  0 97  0  0	
 1  0   5616 63818048 236940 347592    0    0     0     6 3012 2408  3  0 97  0  0	
 1  0   5616 63818048 236940 347592    0    0     0     0 3062 2485  3  0 97  0  0	
 1  0   5616 63818052 236940 347596    0    0     0     0 3014 2417  3  0 97  0  0	
