procs -----------memory---------- ---swap-- -----io---- --system-- -----cpu-----
 r  b   swpd   free   buff  cache   si   so    bi    bo   in   cs us sy id wa st
 3  0   5616 64604012 236940 346920    0    0     0     2    0    0 46  2 51  0  0	
 4  0   5616 64555956 236940 346892    0    0     0     0 3571 3483  3  0 97  0  0	
 1  0   5616 64556692 236940 346892    0    0     0     0 2981 2401  3  0 97  0  0	
 2  0   5616 64556584 236940 346896    0    0     0    52 3112 2614  3  0 97  0  0	
 1  0   5616 64556984 236940 346900    0    0     0     0 3651 3703  3  0 97  0  0	
 1  0   5616 64557620 236940 346900    0    0     0     0 2947 2368  3  0 97  0  0	
 1  0   5616 64557744 236940 346904    0    0     0    10 2982 2414  3  0 96  0  0	
 1  0   5616 64557956 236940 346908    0    0     0     0 3047 2419  3  0 97  0  0	
 1  0   5616 64558328 236940 346912    0    0     0    20 3036 2411  3  0 97  0  0	
 2  0   5616 64558328 236940 346912    0    0     0     8 3027 2419  3  0 97  0  0	
