procs -----------memory---------- ---swap-- -----io---- --system-- -----cpu-----
 r  b   swpd   free   buff  cache   si   so    bi    bo   in   cs us sy id wa st
 2  0  12848 63638132 231632 793620    0    0     0     2    0    0 39  2 59  0  0	
 1  0  12848 63591596 231632 793248    0    0     0     0 3091 2427  3  0 97  0  0	
 1  0  12848 63591712 231632 793256    0    0     0     0 3030 2384  3  0 97  0  0	
 3  0  12848 63591340 231632 792940    0    0     0     0 3030 2407  3  0 97  0  0	
 1  0  12848 63591520 231632 792944    0    0     0     0 3018 2398  3  0 97  0  0	
 1  0  12848 63591540 231632 792944    0    0     0    24 3044 2434  3  0 96  1  0	
 2  0  12848 63591664 231632 792952    0    0     0    52 3021 2410  3  0 97  0  0	
 1  0  12848 63591912 231632 792952    0    0     0     0 3041 2421  3  0 97  0  0	
 1  0  12848 63592220 231632 792956    0    0     0     0 2989 2375  3  0 97  0  0	
 1  0  12848 63592528 231632 792956    0    0     0     0 3030 2413  3  0 97  0  0	
 3  1  12848 63592652 231632 792960    0    0     0    16 3029 2386  3  0 97  0  0	
 1  0  12848 63592776 231632 792960    0    0     0     4 3024 2420  3  0 96  0  0	
 1  0  12848 63593016 231632 792968    0    0     0     0 3057 2448  3  0 97  0  0	
 3  0  12848 63593156 231632 792968    0    0     0     0 3024 2400  3  0 97  0  0	
 1  0  12848 63593360 231632 792972    0    0     0     0 3015 2384  3  0 97  0  0	
 1  0  12848 63593484 231632 792972    0    0     0     0 3023 2407  3  0 97  0  0	
 2  0  12848 63593608 231632 792980    0    0     0     0 3019 2392  3  0 97  0  0	
 1  0  12848 63593608 231632 792980    0    0     0    16 3511 3455  3  0 96  1  0	
 1  0  12848 63593856 231632 792988    0    0     0     4 3018 2398  3  0 97  0  0	
