procs -----------memory---------- ---swap-- -----io---- --system-- -----cpu-----
 r  b   swpd   free   buff  cache   si   so    bi    bo   in   cs us sy id wa st
 5  0  12848 63643412 231632 793256    0    0     0     2    0    0 39  2 59  0  0	
 1  0  12848 63026748 231632 793268    0    0     0     0 3246 2678  3  1 97  0  0	
 1  0  12848 62852056 231632 793276    0    0     0    20 3391 3258  3  0 96  1  0	
 1  0  12848 62852056 231632 793276    0    0     0     0 3258 2942  3  0 97  0  0	
 2  0  12848 62852056 231632 793284    0    0     0     0 3033 2417  3  0 97  0  0	
 2  0  12848 62852072 231632 793284    0    0     0     0 3099 2551  3  0 97  0  0	
 2  0  12848 62852072 231632 793288    0    0     0     0 3036 2459  3  0 97  0  0	
 2  0  12848 62852256 231632 793288    0    0     0     0 3070 2437  3  0 97  0  0	
 3  0  12848 62852380 231632 793292    0    0     0    16 3056 2466  3  0 96  1  0	
 1  0  12848 62852504 231632 793296    0    0     0     0 3046 2458  3  0 97  0  0	
 1  0  12848 62852644 231632 793296    0    0     0     0 3034 2405  3  0 97  0  0	
 1  0  12848 62852660 231632 793304    0    0     0     0 3017 2383  3  0 97  0  0	
 1  0  12848 62852652 231632 793304    0    0     0     0 3016 2391  3  0 97  0  0	
 1  0  12848 62852788 231632 793312    0    0     0     0 3008 2379  3  0 97  0  0	
 4  0  12848 62852788 231632 793312    0    0     0     0 3040 2420  3  0 97  0  0	
 1  0  12848 62852840 231632 793320    0    0     0     0 3017 2383  3  0 97  0  0	
 1  0  12848 62852840 231632 793320    0    0     0     0 3236 2800  3  0 97  0  0	
 2  0  12848 62852840 231632 793324    0    0     0     0 3071 2499  3  0 97  0  0	
 1  0  12848 62852848 231632 793324    0    0     0     0 3126 2613  3  0 97  0  0	
 2  0  12848 62852848 231632 793336    0    0     0     0 3040 2430  3  0 97  0  0	
 2  0  12848 62852848 231632 793336    0    0     0     0 3427 3333  3  0 97  0  0	
procs -----------memory---------- ---swap-- -----io---- --system-- -----cpu-----
 r  b   swpd   free   buff  cache   si   so    bi    bo   in   cs us sy id wa st
 1  0  12848 62852964 231632 793340    0    0     0     0 3090 2597  3  0 97  0  0	
 1  0  12848 62852964 231632 793340    0    0     0    20 2974 2397  3  0 96  1  0	
 2  0  12848 62852964 231632 793352    0    0     0     0 2959 2388  3  0 97  0  0	
 2  0  12848 62852964 231632 793352    0    0     0     0 3075 2517  3  0 97  0  0	
 2  0  12848 62852964 231632 793356    0    0     0     0 3088 2507  3  0 97  0  0	
 2  0  12848 62852980 231632 793356    0    0     0     0 3090 2510  3  0 97  0  0	
 1  0  12848 62852980 231632 793360    0    0     0     0 3711 3878  3  0 97  0  0	
 1  0  12848 62852980 231632 793360    0    0     0     0 3762 3968  3  0 97  0  0	
 2  0  12848 62852980 231632 793368    0    0     0     0 3174 2727  3  0 97  0  0	
 1  0  12848 62852988 231632 793368    0    0     0     0 3015 2421  3  0 97  0  0	
 1  0  12848 62852980 231632 793372    0    0     0     0 3026 2395  3  0 97  0  0	
 1  0  12848 62852980 231632 793372    0    0     0     0 3034 2449  3  0 97  0  0	
 1  0  12848 62852980 231632 793376    0    0     0     0 3028 2407  3  0 97  0  0	
 2  0  12848 62852980 231632 793376    0    0     0     0 3052 2455  3  0 97  0  0	
 1  0  12848 62852972 231632 793384    0    0     0     0 3054 2419  3  0 97  0  0	
 1  0  12848 62852980 231632 793384    0    0     0     0 3044 2458  3  0 97  0  0	
 2  0  12848 62852980 231632 793396    0    0     0    16 2994 2432  3  0 96  1  0	
 1  0  12848 62852980 231632 793396    0    0     0     0 3551 3507  3  0 97  0  0	
 1  0  12848 62852980 231632 793404    0    0     0     0 3305 2983  3  0 97  0  0	
 2  0  12848 62852980 231632 793404    0    0     0     0 3042 2467  3  0 97  0  0	
 1  0  12848 62852980 231632 793412    0    0     0     0 3339 3093  3  0 97  0  0	
procs -----------memory---------- ---swap-- -----io---- --system-- -----cpu-----
 r  b   swpd   free   buff  cache   si   so    bi    bo   in   cs us sy id wa st
 2  0  12848 62852972 231632 793412    0    0     0     0 3067 2471  3  0 97  0  0	
 2  0  12848 62852980 231632 793420    0    0     0    12 3071 2501  3  0 96  1  0	
 1  0  12848 62852980 231632 793420    0    0     0     0 3110 2588  3  0 97  0  0	
 2  0  12848 62852980 231632 793424    0    0     0     0 2965 2369  3  0 97  0  0	
 1  0  12848 62852980 231632 793424    0    0     0     0 3075 2523  3  0 97  0  0	
 1  0  12848 62852980 231632 793432    0    0     0     0 3057 2490  3  0 97  0  0	
 2  0  12848 62852980 231632 793432    0    0     0     0 3042 2443  3  0 97  0  0	
 1  0  12848 62852980 231632 793440    0    0     0     0 3018 2518  3  0 97  0  0	
 1  0  12848 62852988 231632 793440    0    0     0     0 3091 2580  3  0 97  0  0	
 2  0  12848 62852980 231632 793444    0    0     0     0 3211 2773  3  0 97  0  0	
 1  0  12848 62852856 231632 793444    0    0     0    16 3158 2695  3  0 96  1  0	
 2  0  12848 62852856 231632 793448    0    0     0     0 3143 2615  3  0 97  0  0	
 1  0  12848 62852732 231632 793448    0    0     0     0 3038 2422  3  0 97  0  0	
 1  0  12848 62852732 231632 793456    0    0     0     0 3013 2388  3  0 97  0  0	
 2  0  12848 62852732 231632 793456    0    0     0     0 3013 2394  3  0 97  0  0	
 1  0  12848 62852732 231632 793472    0    0     0     0 2998 2369  3  0 97  0  0	
 2  0  12848 62852864 231632 793472    0    0     0     0 3026 2414  3  0 97  0  0	
 2  0  12848 62852864 231632 793476    0    0     0     0 3008 2398  3  0 97  0  0	
 1  0  12848 62852864 231632 793476    0    0     0     0 3047 2469  3  0 97  0  0	
 2  0  12848 62852856 231632 793484    0    0     0     0 3359 3100  3  0 97  0  0	
 1  0  12848 62852980 231632 793484    0    0     0     4 3177 2734  3  0 97  0  0	
procs -----------memory---------- ---swap-- -----io---- --system-- -----cpu-----
 r  b   swpd   free   buff  cache   si   so    bi    bo   in   cs us sy id wa st
 2  0  12848 62852980 231632 793484    0    0     0     0 3041 2418  3  0 97  0  0	
 2  0  12848 62852980 231632 793484    0    0     0     0 3034 2423  3  0 97  0  0	
 1  0  12848 62852972 231632 793492    0    0     0     0 3080 2509  3  0 97  0  0	
 1  0  12848 62852964 231632 793492    0    0     0    12 3038 2456  3  0 96  1  0	
 2  0  12848 62852972 231632 793500    0    0     0     8 3029 2386  3  0 97  0  0	
 1  0  12848 62852980 231632 793500    0    0     0     0 3034 2427  3  0 97  0  0	
 2  0  12848 62852972 231632 793504    0    0     0     0 3003 2378  3  0 97  0  0	
 1  0  12848 62852972 231632 793504    0    0     0     0 3037 2422  3  0 97  0  0	
 2  0  12848 62852964 231632 793516    0    0     0     0 3017 2382  3  0 97  0  0	
 2  0  12848 62852964 231632 793516    0    0     0     0 3032 2413  3  0 97  0  0	
 1  0  12848 62852964 231632 793520    0    0     0     0 3016 2390  3  0 97  0  0	
 2  0  12848 62852964 231632 793520    0    0     0     0 3052 2433  3  0 97  0  0	
 2  0  12848 62852964 231632 793524    0    0     0     0 3010 2401  3  0 97  0  0	
 1  0  12848 62852964 231632 793524    0    0     0     0 3042 2420  3  0 97  0  0	
 2  0  12848 62852964 231632 793536    0    0     0     0 3053 2472  3  0 97  0  0	
 1  0  12848 62852972 231632 793536    0    0     0     0 3017 2420  3  0 97  0  0	
 1  0  12848 62852980 231632 793544    0    0     0     0 3036 2394  3  0 97  0  0	
 2  0  12848 62852980 231632 793544    0    0     0     0 2981 2400  3  0 97  0  0	
 1  0  12848 62852972 231632 793548    0    0     0    16 3138 2623  3  0 96  1  0	
 1  0  12848 62852972 231632 793548    0    0     0     0 3158 2681  3  0 97  0  0	
 2  0  12848 62852972 231632 793552    0    0     0     0 3075 2533  3  0 97  0  0	
procs -----------memory---------- ---swap-- -----io---- --system-- -----cpu-----
 r  b   swpd   free   buff  cache   si   so    bi    bo   in   cs us sy id wa st
 1  0  12848 62852972 231632 793552    0    0     0     0 3046 2465  3  0 97  0  0	
 2  0  12848 62852972 231632 793560    0    0     0     0 3137 2681  3  0 97  0  0	
 2  0  12848 62852972 231632 793560    0    0     0     0 3193 2822  3  0 97  0  0	
 1  0  12848 62852972 231632 793568    0    0     0     0 3599 3661  3  0 97  0  0	
 1  0  12848 62852972 231632 793572    0    0     0     0 3841 4065  3  0 97  0  0	
 1  0  12848 62852972 231632 793580    0    0     0     0 3060 2508  3  0 97  0  0	
 2  0  12848 62852988 231632 793580    0    0     0     0 3025 2422  3  0 97  0  0	
 2  0  12848 62852988 231632 793584    0    0     0     0 3107 2558  3  0 97  0  0	
 1  0  12848 62852980 231632 793584    0    0     0     0 3351 3115  3  0 97  0  0	
 1  0  12848 62852856 231632 793592    0    0     0     0 3476 3410  3  0 97  0  0	
 2  0  12848 62852856 231632 793592    0    0     0     0 3094 2554  3  0 97  0  0	
 2  0  12848 62852848 231632 793604    0    0     0     0 3035 2423  3  0 97  0  0	
 1  0  12848 62852848 231632 793604    0    0     0    16 3031 2442  3  0 96  1  0	
 1  0  12848 62852848 231632 793608    0    0     0     0 3021 2407  3  0 97  0  0	
 1  0  12848 62852856 231632 793608    0    0     0     0 3044 2432  3  0 97  0  0	
 2  0  12848 62852856 231632 793612    0    0     0     0 3050 2410  3  0 97  0  0	
 1  0  12848 62852856 231632 793612    0    0     0     0 3040 2420  3  0 97  0  0	
 1  0  12848 62852848 231632 793616    0    0     0     0 3061 2474  3  0 97  0  0	
 2  0  12848 62852848 231632 793616    0    0     0     0 3015 2415  3  0 97  0  0	
 1  0  12848 62852848 231632 793624    0    0     0     0 3022 2385  3  0 97  0  0	
 2  0  12848 62852848 231632 793624    0    0     0    12 3021 2422  3  0 96  1  0	
procs -----------memory---------- ---swap-- -----io---- --system-- -----cpu-----
 r  b   swpd   free   buff  cache   si   so    bi    bo   in   cs us sy id wa st
 1  0  12848 62852848 231632 793632    0    0     0     0 3008 2405  3  0 97  0  0	
 1  0  12848 62852848 231632 793632    0    0     0     0 3026 2402  3  0 97  0  0	
 3  0  12848 62852848 231632 793640    0    0     0     4 3008 2382  3  0 97  0  0	
 1  0  12848 62852848 231632 793640    0    0     0     0 3036 2404  3  0 97  0  0	
 1  0  12848 62852848 231632 793644    0    0     0     0 3010 2394  3  0 97  0  0	
 2  0  12848 62852980 231632 793644    0    0     0     0 3018 2421  3  0 97  0  0	
 1  0  12848 62852980 231632 793652    0    0     0    12 3020 2399  3  0 96  1  0	
 4  0  12848 62852980 231632 793652    0    0     0     8 3015 2412  3  0 97  0  0	
 2  0  12848 62852980 231632 793660    0    0     0     0 3050 2465  3  0 97  0  0	
 1  0  12848 62852980 231632 793660    0    0     0     0 3018 2423  3  0 97  0  0	
 2  0  12848 62852980 231632 793672    0    0     0     0 3011 2384  3  0 97  0  0	
 1  0  12848 62852988 231632 793672    0    0     0     0 3024 2415  3  0 97  0  0	
 2  0  12848 62852988 231632 793676    0    0     0     0 3015 2392  3  0 97  0  0	
 2  0  12848 62852996 231632 793676    0    0     0     0 3030 2427  3  0 97  0  0	
 1  0  12848 62852996 231632 793680    0    0     0     0 3018 2410  3  0 97  0  0	
 2  0  12848 62852996 231632 793680    0    0     0     0 3044 2431  3  0 97  0  0	
 1  0  12848 62852864 231632 793688    0    0     0     0 3038 2409  3  0 97  0  0	
 1  0  12848 62852864 231632 793688    0    0     0     0 3028 2419  3  0 97  0  0	
 3  0  12848 62852864 231632 793692    0    0     0     0 3034 2410  3  0 97  0  0	
 2  0  12848 62852864 231632 793692    0    0     0     0 3044 2431  3  0 97  0  0	
 3  0  12848 62852856 231632 793700    0    0     0     0 3076 2494  3  0 97  0  0	
procs -----------memory---------- ---swap-- -----io---- --system-- -----cpu-----
 r  b   swpd   free   buff  cache   si   so    bi    bo   in   cs us sy id wa st
 1  0  12848 62852856 231632 793700    0    0     0    16 3038 2461  3  0 96  1  0	
 1  0  12848 62852856 231632 793708    0    0     0     0 2977 2368  3  0 97  0  0	
 3  0  12848 62852856 231632 793708    0    0     0     0 3368 3177  3  0 97  0  0	
 1  0  12848 62852980 231632 793712    0    0     0     0 3539 3524  3  0 97  0  0	
 1  0  12848 62852980 231632 793712    0    0     0     0 3040 2479  3  0 97  0  0	
 2  0  12848 62852972 231632 793720    0    0     0     0 3282 2936  3  0 97  0  0	
 1  0  12848 62852972 231632 793720    0    0     0     0 3223 2802  3  0 97  0  0	
 2  0  12848 62852972 231632 793732    0    0     0     0 2986 2413  3  0 97  0  0	
 1  0  12848 62852972 231632 793732    0    0     0     0 3262 2889  3  0 97  0  0	
 2  0  12848 62852980 231632 793736    0    0     0     0 3629 3684  3  0 97  0  0	
 2  0  12848 62852980 231632 793740    0    0     0     0 3484 3378  3  0 97  0  0	
 1  0  12848 62852980 231632 793744    0    0     0     0 3176 2814  3  0 97  0  0	
 2  0  12848 62852988 231632 793744    0    0     0     0 3066 2574  3  0 97  0  0	
 2  0  12848 62852988 231632 793752    0    0     0     0 3561 3560  3  0 97  0  0	
 1  0  12848 62852988 231632 793752    0    0     0     0 3772 3984  3  0 97  0  0	
 2  0  12848 62852992 231632 793760    0    0     0    16 3837 4070  3  0 96  1  0	
 1  0  12848 62852992 231632 793760    0    0     0     0 3228 2894  3  0 97  0  0	
 1  0  12848 62852992 231632 793768    0    0     0     0 2972 2371  3  0 97  0  0	
 2  0  12848 62852992 231632 793768    0    0     0     0 2992 2403  3  0 97  0  0	
 1  0  12848 62852992 231632 793772    0    0     0     0 2953 2369  3  0 97  0  0	
 2  0  12848 62852992 231632 793772    0    0     0     0 2969 2393  3  0 97  0  0	
procs -----------memory---------- ---swap-- -----io---- --system-- -----cpu-----
 r  b   swpd   free   buff  cache   si   so    bi    bo   in   cs us sy id wa st
 1  0  12848 62852992 231632 793776    0    0     0     0 3004 2385  3  0 97  0  0	
 1  0  12848 62853000 231632 793776    0    0     0     0 3039 2420  3  0 97  0  0	
 1  0  12848 62852992 231632 793784    0    0     0     0 3051 2476  3  0 97  0  0	
 1  0  12848 62853008 231632 793784    0    0     0     0 3025 2440  3  0 97  0  0	
 1  0  12848 62852880 231632 793792    0    0     0     0 3046 2419  3  0 97  0  0	
 1  0  12848 62852880 231632 793792    0    0     0     4 3034 2421  3  0 97  0  0	
 1  0  12848 62852756 231632 793800    0    0     0     0 3029 2408  3  0 97  0  0	
 1  0  12848 62852756 231632 793800    0    0     0     0 3042 2437  3  0 97  0  0	
 3  0  12848 62852748 231632 793804    0    0     0     0 2956 2368  3  0 97  0  0	
 2  0  12848 62852748 231632 793804    0    0     0    12 3038 2431  3  0 96  1  0	
 2  0  12848 62852748 231632 793812    0    0     0     4 3016 2404  3  0 97  0  0	
 1  0  12848 62852756 231632 793812    0    0     0     0 3046 2431  3  0 97  0  0	
 3  0  12848 62852756 231632 793820    0    0     0     0 3012 2385  3  0 97  0  0	
 1  0  12848 62852756 231632 793824    0    0     0     0 3038 2412  3  0 97  0  0	
 1  0  12848 62852748 231632 793832    0    0     0     0 3058 2449  3  0 97  0  0	
 2  0  12848 62852748 231632 793832    0    0     0     0 3010 2403  3  0 97  0  0	
 1  0  12848 62852748 231632 793836    0    0     0     0 2949 2362  3  0 97  0  0	
 1  0  12848 62852748 231632 793836    0    0     0    12 2975 2390  3  0 96  1  0	
 2  0  12848 62852748 231632 793840    0    0     0     0 2949 2361  3  0 97  0  0	
 2  0  12848 62852748 231632 793840    0    0     0     0 2968 2379  3  0 97  0  0	
 1  0  12848 62852748 231632 793844    0    0     0     0 2956 2361  3  0 97  0  0	
procs -----------memory---------- ---swap-- -----io---- --system-- -----cpu-----
 r  b   swpd   free   buff  cache   si   so    bi    bo   in   cs us sy id wa st
 1  0  12848 62852748 231632 793844    0    0     0     0 2967 2377  3  0 97  0  0	
 1  0  12848 62852748 231632 793852    0    0     0     0 3027 2392  3  0 97  0  0	
 1  0  12848 62852880 231632 793852    0    0     0    16 3024 2424  3  0 96  1  0	
 1  0  12848 62852888 231632 793860    0    0     0     0 3027 2391  3  0 97  0  0	
 1  0  12848 62852880 231632 793860    0    0     0     0 3028 2421  3  0 97  0  0	
 1  0  12848 62852880 231632 793868    0    0     0     0 3060 2483  3  0 97  0  0	
 1  0  12848 62852880 231632 793868    0    0     0     0 3015 2412  3  0 97  0  0	
 1  0  12848 62852880 231632 793872    0    0     0     0 3013 2378  3  0 97  0  0	
 4  0  12848 62852880 231632 793872    0    0     0     0 3024 2416  3  0 97  0  0	
 1  0  12848 62852880 231632 793880    0    0     0     0 3011 2383  3  0 97  0  0	
 1  0  12848 62853012 231632 793884    0    0     0     0 3024 2407  3  0 97  0  0	
 2  0  12848 62853012 231632 793896    0    0     0     0 2998 2363  3  0 97  0  0	
 1  0  12848 62853012 231632 793896    0    0     0     0 3044 2438  3  0 97  0  0	
 1  0  12848 62853012 231632 793900    0    0     0     0 3051 2408  3  0 97  0  0	
 2  0  12848 62853004 231632 793900    0    0     0     0 3062 2450  3  0 97  0  0	
 1  0  12848 62853004 231632 793904    0    0     0     0 2943 2360  3  0 97  0  0	
 2  0  12848 62852236 231632 793912    0    0     0    52 3241 2762  3  0 96  1  0	
 2  0  12848 62851864 231632 793916    0    0     0     0 3553 3565  3  0 97  0  0	
 3  0  12848 62852244 231632 793916    0    0     0     0 3574 3619  3  0 97  0  0	
 3  0  12848 62852244 231632 793928    0    0     0     0 3561 3570  3  0 97  0  0	
 2  0  12848 62852244 231632 793928    0    0     0     0 3830 4089  3  0 97  0  0	
procs -----------memory---------- ---swap-- -----io---- --system-- -----cpu-----
 r  b   swpd   free   buff  cache   si   so    bi    bo   in   cs us sy id wa st
 1  0  12848 62852244 231632 793932    0    0     0     0 3738 3942  3  0 97  0  0	
 2  0  12848 62852252 231632 793932    0    0     0     0 3238 2865  3  0 97  0  0	
 1  0  12848 62852492 231632 793940    0    0     0     0 3027 2392  3  0 97  0  0	
 1  0  12848 62852492 231632 793940    0    0     0     0 3157 2668  3  0 97  0  0	
 2  0  12848 62852492 231632 793944    0    0     0     0 2995 2441  3  0 97  0  0	
 2  0  12848 62852492 231632 793944    0    0     0     0 2994 2423  3  0 97  0  0	
 1  0  12848 62852560 231632 793952    0    0     0     0 3483 3433  3  0 97  0  0	
 2  0  12848 62852576 231632 793952    0    0     0     0 3061 2462  3  0 97  0  0	
 2  0  12848 62852596 231632 793964    0    0     0    28 3157 2669  3  0 97  0  0	
 1  0  12848 62852596 231632 793964    0    0     0     0 3028 2414  3  0 97  0  0	
 3  0  12848 62852596 231632 793972    0    0     0     0 3010 2383  3  0 97  0  0	
 1  0  12848 62852596 231632 793972    0    0     0    12 3034 2444  3  0 96  1  0	
 1  0  12848 62852464 231632 793972    0    0     0     0 3021 2393  3  0 97  0  0	
 2  0  12848 62852464 231632 793972    0    0     0     0 3017 2408  3  0 97  0  0	
 1  0  12848 62852464 231632 793980    0    0     0     0 2948 2364  3  0 97  0  0	
 3  0  12848 62852464 231632 793980    0    0     0     0 2948 2374  3  0 97  0  0	
 1  0  12848 62852464 231632 793988    0    0     0     0 3009 2397  3  0 97  0  0	
 1  0  12848 62852464 231632 793988    0    0     0     0 2941 2374  3  0 97  0  0	
 2  0  12848 62852464 231632 793992    0    0     0     0 3008 2392  3  0 97  0  0	
 2  0  12848 62852464 231632 793992    0    0     0     0 2956 2378  3  0 97  0  0	
 1  0  12848 62852464 231632 794000    0    0     0     0 3045 2454  3  0 97  0  0	
procs -----------memory---------- ---swap-- -----io---- --system-- -----cpu-----
 r  b   swpd   free   buff  cache   si   so    bi    bo   in   cs us sy id wa st
 2  0  12848 62852604 231632 794000    0    0     0     0 3029 2441  3  0 97  0  0	
 2  0  12848 62852596 231632 794004    0    0     0     0 3040 2410  3  0 97  0  0	
 2  0  12848 62852596 231632 794004    0    0     0     0 3041 2433  3  0 97  0  0	
 1  0  12848 62852596 231632 794016    0    0     0     0 2946 2363  3  0 97  0  0	
 1  0  12848 62852596 231632 794020    0    0     0    24 3045 2451  3  0 96  1  0	
 2  0  12848 62852588 231632 794024    0    0     0     0 3061 2436  3  0 97  0  0	
 1  0  12848 62852588 231632 794024    0    0     0     0 2960 2394  3  0 97  0  0	
 1  0  12848 62852596 231632 794032    0    0     0     0 3016 2395  3  0 97  0  0	
 3  0  12848 62852596 231632 794032    0    0     0     0 2964 2395  3  0 97  0  0	
 2  0  12848 62852596 231632 794036    0    0     0     0 3020 2401  3  0 97  0  0	
 1  0  12848 62852596 231632 794036    0    0     0     0 3038 2415  3  0 97  0  0	
 2  0  12848 62852588 231632 794040    0    0     0     0 3079 2504  3  0 97  0  0	
 1  0  12848 62852588 231632 794040    0    0     0     0 3469 3343  3  0 97  0  0	
 1  0  12848 62852588 231632 794052    0    0     0     0 3700 3847  3  0 97  0  0	
 2  0  12848 62852588 231632 794052    0    0     0    12 3346 3171  3  0 96  1  0	
 1  0  12848 62852712 231632 794060    0    0     0     0 3425 3326  3  0 97  0  0	
 2  0  12848 62852712 231632 794060    0    0     0     0 2954 2388  3  0 97  0  0	
 1  0  12848 62852712 231632 794064    0    0     0     0 3084 2547  3  0 97  0  0	
 1  0  12848 62852596 231632 794064    0    0     0     0 3716 3806  3  0 97  0  0	
 3  0  12848 62852588 231632 794068    0    0     0     0 3773 3979  3  0 97  0  0	
 1  0  12848 62852596 231632 794068    0    0     0    16 3761 3979  3  0 96  1  0	
procs -----------memory---------- ---swap-- -----io---- --system-- -----cpu-----
 r  b   swpd   free   buff  cache   si   so    bi    bo   in   cs us sy id wa st
 1  0  12848 62852596 231632 794080    0    0     0     0 3293 2952  3  0 97  0  0	
 1  0  12848 62852596 231632 794080    0    0     0    12 3264 2800  3  0 97  0  0	
 1  0  12848 62852596 231632 794088    0    0     0     0 3267 2850  3  0 97  0  0	
 1  0  12848 62852596 231632 794088    0    0     0     0 3215 2734  3  0 97  0  0	
 1  0  12848 62852596 231632 794096    0    0     0     0 3257 2801  3  0 97  0  0	
 1  0  12848 62852596 231632 794096    0    0     0     0 3059 2451  3  0 97  0  0	
 1  0  12848 62852596 231632 794104    0    0     0     0 3180 2701  3  0 97  0  0	
 1  0  12848 62852604 231632 794104    0    0     0    12 3253 2822  3  0 96  1  0	
 1  0  12848 62852604 231632 794104    0    0     0     0 3073 2473  3  0 97  0  0	
 2  0  12848 62852604 231632 794104    0    0     0     0 3109 2558  3  0 97  0  0	
 1  0  12848 62852596 231632 794112    0    0     0     0 3151 2607  3  0 97  0  0	
 2  0  12848 62852596 231632 794112    0    0     0     4 3077 2487  3  0 97  0  0	
 1  0  12848 62852472 231632 794120    0    0     0     0 3445 3220  3  0 97  0  0	
 1  0  12848 62852472 231632 794120    0    0     0     0 3223 2793  3  0 97  0  0	
 1  0  12848 62852456 231632 794128    0    0     0    12 3400 3109  3  0 96  1  0	
 1  0  12848 62852456 231632 794128    0    0     0     0 3174 2679  3  0 97  0  0	
 1  0  12848 62852464 231632 794132    0    0     0     0 3328 2951  3  0 97  0  0	
 1  0  12848 62852464 231632 794132    0    0     0     0 3041 2400  3  0 97  0  0	
 1  0  12848 62852340 231632 794140    0    0     0     0 3016 2374  3  0 97  0  0	
 2  0  12848 62852340 231632 794140    0    0     0     0 3056 2417  3  0 97  0  0	
 2  0  12848 62852340 231632 794152    0    0     0     0 3033 2391  3  0 97  0  0	
procs -----------memory---------- ---swap-- -----io---- --system-- -----cpu-----
 r  b   swpd   free   buff  cache   si   so    bi    bo   in   cs us sy id wa st
 1  0  12848 62852324 231632 794152    0    0     0     0 3043 2394  3  0 97  0  0	
 1  0  12848 62852332 231632 794156    0    0     0     0 3033 2385  3  0 97  0  0	
 1  0  12848 62852332 231632 794156    0    0     0     0 3052 2412  3  0 97  0  0	
 2  0  12848 62852332 231632 794164    0    0     0     0 3034 2387  3  0 97  0  0	
 1  0  12848 62852332 231632 794164    0    0     0     0 3032 2391  3  0 97  0  0	
 1  0  12848 62852332 231632 794168    0    0     0     0 3053 2442  3  0 97  0  0	
 1  0  12848 62852340 231632 794168    0    0     0     0 3028 2394  3  0 97  0  0	
 2  0  12848 62852348 231632 794172    0    0     0     0 3123 2581  3  0 97  0  0	
 1  0  12848 62852348 231632 794172    0    0     0    16 3123 2556  3  0 96  1  0	
 2  0  12848 62852216 231632 794180    0    0     0     0 3024 2374  3  0 97  0  0	
 1  0  12848 62852216 231632 794180    0    0     0     0 3033 2400  3  0 97  0  0	
 1  0  12848 62852216 231632 794188    0    0     0     0 3031 2386  3  0 97  0  0	
 1  0  12848 62852216 231632 794188    0    0     0     0 3035 2403  3  0 97  0  0	
 1  0  12848 62852216 231632 794192    0    0     0     0 3021 2381  3  0 97  0  0	
 1  0  12848 62852216 231632 794192    0    0     0     0 3031 2399  3  0 97  0  0	
 1  0  12848 62852216 231632 794200    0    0     0     0 3015 2363  3  0 97  0  0	
 1  0  12848 62852216 231632 794204    0    0     0     0 3041 2401  3  0 97  0  0	
 1  0  12848 62852216 231632 794216    0    0     0     0 3107 2543  3  0 97  0  0	
 2  0  12848 62852356 231632 794216    0    0     0     0 3050 2444  3  0 97  0  0	
 1  0  12848 62852348 231632 794224    0    0     0     0 3138 2580  3  0 97  0  0	
 1  0  12848 62852348 231632 794224    0    0     0     4 3225 2793  3  0 97  0  0	
procs -----------memory---------- ---swap-- -----io---- --system-- -----cpu-----
 r  b   swpd   free   buff  cache   si   so    bi    bo   in   cs us sy id wa st
 1  0  12848 62852348 231632 794228    0    0     0     0 3450 3209  3  0 97  0  0	
 2  0  12848 62852348 231632 794228    0    0     0    16 3130 2601  3  0 97  0  0	
 1  0  12848 62852340 231632 794232    0    0     0     0 3210 2748  3  0 97  0  0	
 2  0  12848 62852348 231632 794232    0    0     0     0 3249 2840  3  0 97  0  0	
 1  0  12848 62852348 231632 794236    0    0     0     0 3394 3120  3  0 97  0  0	
 1  0  12848 62852348 231632 794236    0    0     0     0 3049 2422  3  0 97  0  0	
 1  0  12848 62852348 231632 794248    0    0     0     0 3021 2374  3  0 97  0  0	
 1  0  12848 62852348 231632 794248    0    0     0     0 3111 2467  3  0 97  0  0	
 1  0  12848 62852340 231632 794252    0    0     0     0 3139 2613  3  0 97  0  0	
 1  0  12848 62852340 231632 794252    0    0     0     0 3036 2407  3  0 97  0  0	
 1  1  12848 62852340 231632 794256    0    0     0    16 3033 2377  3  0 97  0  0	
 1  0  12848 62852344 231632 794256    0    0     0     4 3036 2413  3  0 96  1  0	
 1  0  12848 62852220 231632 794264    0    0     0     0 3025 2398  3  0 97  0  0	
 1  0  12848 62852220 231632 794264    0    0     0     0 3043 2404  3  0 97  0  0	
 1  0  12848 62852220 231632 794276    0    0     0     0 3016 2378  3  0 97  0  0	
 1  0  12848 62852220 231632 794276    0    0     0     0 3050 2421  3  0 97  0  0	
 1  0  12848 62852220 231632 794284    0    0     0     0 3014 2372  3  0 97  0  0	
 1  0  12848 62852228 231632 794284    0    0     0     0 3029 2404  3  0 97  0  0	
 1  0  12848 62852220 231632 794292    0    0     0     0 3032 2383  3  0 97  0  0	
 2  0  12848 62852220 231632 794292    0    0     0     0 3033 2407  3  0 97  0  0	
 1  0  12848 62852228 231632 794296    0    0     0     0 3068 2450  3  0 97  0  0	
procs -----------memory---------- ---swap-- -----io---- --system-- -----cpu-----
 r  b   swpd   free   buff  cache   si   so    bi    bo   in   cs us sy id wa st
 1  0  12848 62852352 231632 794296    0    0     0     0 3021 2399  3  0 97  0  0	
 1  0  12848 62852352 231632 794304    0    0     0     0 3033 2394  3  0 97  0  0	
 1  0  12848 62852352 231632 794304    0    0     0     0 3027 2389  3  0 97  0  0	
 1  0  12848 62852352 231632 794308    0    0     0     0 3012 2372  3  0 97  0  0	
 1  0  12848 62852360 231632 794308    0    0     0     0 3033 2396  3  0 97  0  0	
