Linux 2.6.32-279.14.1.el6.x86_64 (compute-641-19.local) 	04/20/20 	_x86_64_	(32 CPU)

18:52:16     CPU    %usr   %nice    %sys %iowait    %irq   %soft  %steal  %guest   %idle
18:52:17     all    3.10    0.00    0.09    0.00    0.00    0.00    0.00    0.00   96.81
18:52:17       0    0.00    0.00    1.03    0.00    0.00    0.00    0.00    0.00   98.97
18:52:17       1    0.00    0.00    0.99    0.00    0.00    0.00    0.00    0.00   99.01
18:52:17       2    0.00    0.00    0.00    0.00    0.00    0.00    0.00    0.00  100.00
18:52:17       3    0.00    0.00    0.00    0.00    0.00    0.00    0.00    0.00  100.00
18:52:17       4    0.00    0.00    0.00    0.00    0.00    0.00    0.00    0.00  100.00
18:52:17       5    0.00    0.00    0.00    0.00    0.00    0.00    0.00    0.00  100.00
18:52:17       6    0.00    0.00    0.00    0.00    0.00    0.00    0.00    0.00  100.00
18:52:17       7    0.00    0.00    0.00    0.00    0.00    0.00    0.00    0.00  100.00
18:52:17       8    0.00    0.00    0.00    0.00    0.00    0.00    0.00    0.00  100.00
18:52:17       9    0.00    0.00    0.00    0.00    0.00    0.00    0.00    0.00  100.00
18:52:17      10    0.00    0.00    0.00    0.00    0.00    0.00    0.00    0.00  100.00
18:52:17      11    0.00    0.00    0.00    0.00    0.00    0.00    0.00    0.00  100.00
18:52:17      12    0.00    0.00    0.00    0.00    0.00    0.00    0.00    0.00  100.00
18:52:17      13    0.00    0.00    0.00    0.00    0.00    0.00    0.00    0.00  100.00
18:52:17      14    0.00    0.00    0.00    0.00    0.00    0.00    0.00    0.00  100.00
18:52:17      15    0.00    0.00    0.00    0.00    0.00    0.00    0.00    0.00  100.00
18:52:17      16    0.00    0.00    0.00    0.00    0.00    0.00    0.00    0.00  100.00
18:52:17      17    0.00    0.00    0.00    0.00    0.00    0.00    0.00    0.00  100.00
18:52:17      18    0.00    0.00    0.00    0.00    0.00    0.00    0.00    0.00  100.00
18:52:17      19    0.00    0.00    0.00    0.00    0.00    0.00    0.00    0.00  100.00
18:52:17      20    0.00    0.00    0.00    0.00    0.00    0.00    0.00    0.00  100.00
18:52:17      21    0.00    0.00    0.00    0.00    0.00    0.00    0.00    0.00  100.00
18:52:17      22    0.00    0.00    0.00    0.00    0.00    0.00    0.00    0.00  100.00
18:52:17      23    0.00    0.00    0.00    0.00    0.00    0.00    0.00    0.00  100.00
18:52:17      24    0.00    0.00    0.00    0.00    0.00    0.00    0.00    0.00  100.00
18:52:17      25    0.00    0.00    0.00    0.00    0.00    0.00    0.00    0.00  100.00
18:52:17      26   98.02    0.00    1.98    0.00    0.00    0.00    0.00    0.00    0.00
18:52:17      27    0.00    0.00    0.00    0.00    0.00    0.00    0.00    0.00  100.00
18:52:17      28    0.00    0.00    0.00    0.00    0.00    0.00    0.00    0.00  100.00
18:52:17      29    0.00    0.00    0.00    0.00    0.00    0.00    0.00    0.00  100.00
18:52:17      30    0.00    0.00    0.00    0.00    0.00    0.00    0.00    0.00  100.00
18:52:17      31    0.00    0.00    0.00    0.00    0.00    0.00    0.00    0.00  100.00

18:52:17     CPU    %usr   %nice    %sys %iowait    %irq   %soft  %steal  %guest   %idle
18:52:18     all    3.13    0.00    0.06    0.00    0.00    0.00    0.00    0.00   96.81
18:52:18       0    0.00    0.00    1.02    0.00    0.00    0.00    0.00    0.00   98.98
18:52:18       1    0.00    0.00    0.00    0.00    0.00    0.00    0.00    0.00  100.00
18:52:18       2    0.00    0.00    0.00    0.00    0.00    0.00    0.00    0.00  100.00
18:52:18       3    0.00    0.00    0.00    0.00    0.00    0.00    0.00    0.00  100.00
18:52:18       4    0.00    0.00    0.00    0.00    0.00    0.00    0.00    0.00  100.00
18:52:18       5    0.00    0.00    0.00    0.00    0.00    0.00    0.00    0.00  100.00
18:52:18       6    0.00    0.00    0.00    0.00    0.00    0.00    0.00    0.00  100.00
18:52:18       7    0.00    0.00    0.00    0.00    0.00    0.00    0.00    0.00  100.00
18:52:18       8    0.00    0.00    0.00    0.00    0.00    0.00    0.00    0.00  100.00
18:52:18       9    0.00    0.00    0.00    0.00    0.00    0.00    0.00    0.00  100.00
18:52:18      10    0.00    0.00    0.00    0.00    0.00    0.00    0.00    0.00  100.00
18:52:18      11    0.00    0.00    0.00    0.00    0.00    0.00    0.00    0.00  100.00
18:52:18      12    0.00    0.00    0.00    0.00    0.00    0.00    0.00    0.00  100.00
18:52:18      13    0.00    0.00    0.00    0.00    0.00    0.00    0.00    0.00  100.00
18:52:18      14    0.00    0.00    0.00    0.00    0.00    0.00    0.00    0.00  100.00
18:52:18      15    0.00    0.00    0.00    0.00    0.00    0.00    0.00    0.00  100.00
18:52:18      16    1.02    0.00    1.02    0.00    0.00    0.00    0.00    0.00   97.96
18:52:18      17    0.00    0.00    0.00    0.00    0.00    0.00    0.00    0.00  100.00
18:52:18      18    0.00    0.00    0.00    0.00    0.00    0.00    0.00    0.00  100.00
18:52:18      19    0.00    0.00    0.00    0.00    0.00    0.00    0.00    0.00  100.00
18:52:18      20    0.00    0.00    0.00    0.00    0.00    0.00    0.00    0.00  100.00
18:52:18      21    0.00    0.00    0.00    0.00    0.00    0.00    0.00    0.00  100.00
18:52:18      22    0.00    0.00    0.00    0.00    0.00    0.00    0.00    0.00  100.00
18:52:18      23    0.00    0.00    0.00    0.00    0.00    0.00    0.00    0.00  100.00
18:52:18      24    0.00    0.00    0.00    0.00    0.00    0.00    0.00    0.00  100.00
18:52:18      25    0.00    0.00    0.00    0.00    0.00    0.00    0.00    0.00  100.00
18:52:18      26  100.00    0.00    0.00    0.00    0.00    0.00    0.00    0.00    0.00
18:52:18      27    0.00    0.00    0.00    0.00    0.00    0.00    0.00    0.00  100.00
18:52:18      28    0.00    0.00    0.00    0.00    0.00    0.00    0.00    0.00  100.00
18:52:18      29    0.00    0.00    0.00    0.00    0.00    0.00    0.00    0.00  100.00
18:52:18      30    0.00    0.00    0.00    0.00    0.00    0.00    0.00    0.00  100.00
18:52:18      31    0.00    0.00    0.00    0.00    0.00    0.00    0.00    0.00  100.00

18:52:18     CPU    %usr   %nice    %sys %iowait    %irq   %soft  %steal  %guest   %idle
18:52:19     all    3.13    0.00    0.06    0.00    0.00    0.00    0.00    0.00   96.81
18:52:19       0    0.00    0.00    0.00    0.00    0.00    0.00    0.00    0.00  100.00
18:52:19       1    0.00    0.00    1.00    0.00    0.00    0.00    0.00    0.00   99.00
18:52:19       2    0.00    0.00    0.00    0.00    0.00    0.00    0.00    0.00  100.00
18:52:19       3    0.00    0.00    0.00    0.00    0.00    0.00    0.00    0.00  100.00
18:52:19       4    0.00    0.00    0.00    0.00    0.00    0.00    0.00    0.00  100.00
18:52:19       5    0.00    0.00    0.00    0.00    0.00    0.00    0.00    0.00  100.00
18:52:19       6    0.00    0.00    0.00    0.00    0.00    0.00    0.00    0.00  100.00
18:52:19       7    0.00    0.00    1.00    0.00    0.00    0.00    0.00    0.00   99.00
18:52:19       8    0.00    0.00    0.00    0.00    0.00    0.00    0.00    0.00  100.00
18:52:19       9    0.00    0.00    0.00    0.00    0.00    0.00    0.00    0.00  100.00
18:52:19      10    0.00    0.00    0.00    0.00    0.00    0.00    0.00    0.00  100.00
18:52:19      11    0.00    0.00    0.00    0.00    0.00    0.00    0.00    0.00  100.00
18:52:19      12    0.00    0.00    0.00    0.00    0.00    0.00    0.00    0.00  100.00
18:52:19      13    0.00    0.00    0.00    0.00    0.00    0.00    0.00    0.00  100.00
18:52:19      14    0.00    0.00    0.00    0.00    0.00    0.00    0.00    0.00  100.00
18:52:19      15    0.00    0.00    0.00    0.00    0.00    0.00    0.00    0.00  100.00
18:52:19      16    0.00    0.00    0.00    0.00    0.00    0.00    0.00    0.00  100.00
18:52:19      17    0.99    0.00    0.00    0.00    0.00    0.00    0.00    0.00   99.01
18:52:19      18    0.00    0.00    0.00    0.00    0.00    0.00    0.00    0.00  100.00
18:52:19      19    0.00    0.00    0.00    0.00    0.00    0.00    0.00    0.00  100.00
18:52:19      20    0.00    0.00    0.00    0.00    0.00    0.00    0.00    0.00  100.00
18:52:19      21    0.00    0.00    0.00    0.00    0.00    0.00    0.00    0.00  100.00
18:52:19      22    0.00    0.00    0.00    0.00    0.00    0.00    0.00    0.00  100.00
18:52:19      23    0.00    0.00    0.00    0.00    0.00    0.00    0.00    0.00  100.00
18:52:19      24    0.00    0.00    0.00    0.00    0.00    0.00    0.00    0.00  100.00
18:52:19      25    0.00    0.00    0.00    0.00    0.00    0.00    0.00    0.00  100.00
18:52:19      26  100.00    0.00    0.00    0.00    0.00    0.00    0.00    0.00    0.00
18:52:19      27    0.00    0.00    0.00    0.00    0.00    0.00    0.00    0.00  100.00
18:52:19      28    0.00    0.00    0.00    0.00    0.00    0.00    0.00    0.00  100.00
18:52:19      29    0.00    0.00    0.00    0.00    0.00    0.00    0.00    0.00  100.00
18:52:19      30    0.00    0.00    0.00    0.00    0.00    0.00    0.00    0.00  100.00
18:52:19      31    0.00    0.00    0.00    0.00    0.00    0.00    0.00    0.00  100.00

18:52:19     CPU    %usr   %nice    %sys %iowait    %irq   %soft  %steal  %guest   %idle
18:52:20     all    3.13    0.00    0.09    0.00    0.00    0.00    0.00    0.00   96.78
18:52:20       0    0.00    0.00    0.00    0.00    0.00    0.00    0.00    0.00  100.00
18:52:20       1    0.00    0.00    1.00    0.00    0.00    0.00    0.00    0.00   99.00
18:52:20       2    0.00    0.00    0.00    0.00    0.00    0.00    0.00    0.00  100.00
18:52:20       3    0.00    0.00    0.00    0.00    0.00    0.00    0.00    0.00  100.00
18:52:20       4    0.00    0.00    0.00    0.00    0.00    0.00    0.00    0.00  100.00
18:52:20       5    0.00    0.00    0.00    0.00    0.00    0.00    0.00    0.00  100.00
18:52:20       6    0.00    0.00    0.00    0.00    0.00    0.00    0.00    0.00  100.00
18:52:20       7    0.00    0.00    0.00    0.00    0.00    0.00    0.00    0.00  100.00
18:52:20       8    0.00    0.00    0.00    0.00    0.00    0.00    0.00    0.00  100.00
18:52:20       9    0.00    0.00    0.00    0.00    0.00    0.00    0.00    0.00  100.00
18:52:20      10    0.00    0.00    0.00    0.00    0.00    0.00    0.00    0.00  100.00
18:52:20      11    0.00    0.00    0.00    0.00    0.00    0.00    0.00    0.00  100.00
18:52:20      12    0.00    0.00    0.00    0.00    0.00    0.00    0.00    0.00  100.00
18:52:20      13    0.00    0.00    0.00    0.00    0.00    0.00    0.00    0.00  100.00
18:52:20      14    0.00    0.00    0.00    0.00    0.00    0.00    0.00    0.00  100.00
18:52:20      15    0.00    0.00    0.00    0.00    0.00    0.00    0.00    0.00  100.00
18:52:20      16    0.00    0.00    2.00    0.00    0.00    0.00    0.00    0.00   98.00
18:52:20      17    0.00    0.00    0.00    0.00    0.00    0.00    0.00    0.00  100.00
18:52:20      18    0.00    0.00    0.00    0.00    0.00    0.00    0.00    0.00  100.00
18:52:20      19    0.00    0.00    0.00    0.00    0.00    0.00    0.00    0.00  100.00
18:52:20      20    0.00    0.00    0.00    0.00    0.00    0.00    0.00    0.00  100.00
18:52:20      21    0.00    0.00    0.00    0.00    0.00    0.00    0.00    0.00  100.00
18:52:20      22    0.00    0.00    0.00    0.00    0.00    0.00    0.00    0.00  100.00
18:52:20      23    0.00    0.00    0.00    0.00    0.00    0.00    0.00    0.00  100.00
18:52:20      24    0.00    0.00    0.00    0.00    0.00    0.00    0.00    0.00  100.00
18:52:20      25    0.00    0.00    0.00    0.00    0.00    0.00    0.00    0.00  100.00
18:52:20      26  100.00    0.00    0.00    0.00    0.00    0.00    0.00    0.00    0.00
18:52:20      27    0.00    0.00    0.00    0.00    0.00    0.00    0.00    0.00  100.00
18:52:20      28    0.00    0.00    0.00    0.00    0.00    0.00    0.00    0.00  100.00
18:52:20      29    0.00    0.00    0.00    0.00    0.00    0.00    0.00    0.00  100.00
18:52:20      30    0.00    0.00    0.00    0.00    0.00    0.00    0.00    0.00  100.00
18:52:20      31    0.00    0.00    0.00    0.00    0.00    0.00    0.00    0.00  100.00

18:52:20     CPU    %usr   %nice    %sys %iowait    %irq   %soft  %steal  %guest   %idle
18:52:21     all    3.16    0.00    0.09    0.00    0.00    0.00    0.00    0.00   96.75
18:52:21       0    0.00    0.00    0.00    0.00    0.00    0.00    0.00    0.00  100.00
18:52:21       1    0.00    0.00    1.00    0.00    0.00    0.00    0.00    0.00   99.00
18:52:21       2    0.00    0.00    0.00    0.00    0.00    0.00    0.00    0.00  100.00
18:52:21       3    0.00    0.00    0.00    0.00    0.00    0.00    0.00    0.00  100.00
18:52:21       4    0.00    0.00    0.00    0.00    0.00    0.00    0.00    0.00  100.00
18:52:21       5    0.00    0.00    0.00    0.00    0.00    0.00    0.00    0.00  100.00
18:52:21       6    0.00    0.00    0.00    0.00    0.00    0.00    0.00    0.00  100.00
18:52:21       7    0.00    0.00    0.00    0.00    0.00    0.00    0.00    0.00  100.00
18:52:21       8    0.00    0.00    0.00    0.00    0.00    0.00    0.00    0.00  100.00
18:52:21       9    0.00    0.00    0.00    0.00    0.00    0.00    0.00    0.00  100.00
18:52:21      10    0.00    0.00    0.00    0.00    0.00    0.00    0.00    0.00  100.00
18:52:21      11    0.00    0.00    0.00    0.00    0.00    0.00    0.00    0.00  100.00
18:52:21      12    0.00    0.00    0.00    0.00    0.00    0.00    0.00    0.00  100.00
18:52:21      13    0.00    0.00    0.00    0.00    0.00    0.00    0.00    0.00  100.00
18:52:21      14    0.00    0.00    0.00    0.00    0.00    0.00    0.00    0.00  100.00
18:52:21      15    0.00    0.00    0.00    0.00    0.00    0.00    0.00    0.00  100.00
18:52:21      16    0.00    0.00    2.02    0.00    0.00    0.00    0.00    0.00   97.98
18:52:21      17    0.00    0.00    0.00    0.00    0.00    0.00    0.00    0.00  100.00
18:52:21      18    0.00    0.00    0.00    0.00    0.00    0.00    0.00    0.00  100.00
18:52:21      19    0.00    0.00    0.00    0.00    0.00    0.00    0.00    0.00  100.00
18:52:21      20    0.00    0.00    0.00    0.00    0.00    0.00    0.00    0.00  100.00
18:52:21      21    0.00    0.00    0.00    0.00    0.00    0.00    0.00    0.00  100.00
18:52:21      22    0.00    0.00    0.00    0.00    0.00    0.00    0.00    0.00  100.00
18:52:21      23    0.00    0.00    0.00    0.00    0.00    0.00    0.00    0.00  100.00
18:52:21      24    0.00    0.00    0.00    0.00    0.00    0.00    0.00    0.00  100.00
18:52:21      25    0.00    0.00    0.00    0.00    0.00    0.00    0.00    0.00  100.00
18:52:21      26  100.00    0.00    0.00    0.00    0.00    0.00    0.00    0.00    0.00
18:52:21      27    0.00    0.00    0.00    0.00    0.00    0.00    0.00    0.00  100.00
18:52:21      28    0.00    0.00    0.00    0.00    0.00    0.00    0.00    0.00  100.00
18:52:21      29    0.00    0.00    0.00    0.00    0.00    0.00    0.00    0.00  100.00
18:52:21      30    0.00    0.00    0.00    0.00    0.00    0.00    0.00    0.00  100.00
18:52:21      31    0.00    0.00    0.00    0.00    0.00    0.00    0.00    0.00  100.00

18:52:21     CPU    %usr   %nice    %sys %iowait    %irq   %soft  %steal  %guest   %idle
18:52:22     all    3.13    0.00    0.06    0.84    0.00    0.03    0.00    0.00   95.93
18:52:22       0    0.00    0.00    0.00    0.00    0.00    0.00    0.00    0.00  100.00
18:52:22       1    0.00    0.00    1.00    0.00    0.00    0.00    0.00    0.00   99.00
18:52:22       2    0.00    0.00    0.00    0.00    0.00    0.00    0.00    0.00  100.00
18:52:22       3    0.00    0.00    0.00    0.00    0.00    0.00    0.00    0.00  100.00
18:52:22       4    0.00    0.00    0.00    0.00    0.00    0.00    0.00    0.00  100.00
18:52:22       5    0.00    0.00    0.00    0.00    0.00    0.00    0.00    0.00  100.00
18:52:22       6    0.00    0.00    0.00    0.00    0.00    0.00    0.00    0.00  100.00
18:52:22       7    0.00    0.00    0.00    0.00    0.00    0.00    0.00    0.00  100.00
18:52:22       8    0.00    0.00    0.00    6.00    0.00    0.00    0.00    0.00   94.00
18:52:22       9    0.00    0.00    0.00    0.00    0.00    0.00    0.00    0.00  100.00
18:52:22      10    0.00    0.00    0.00    0.00    0.00    0.00    0.00    0.00  100.00
18:52:22      11    0.00    0.00    0.00    0.00    0.00    0.00    0.00    0.00  100.00
18:52:22      12    0.00    0.00    0.00   21.00    0.00    0.00    0.00    0.00   79.00
18:52:22      13    0.00    0.00    0.00    0.00    0.00    0.00    0.00    0.00  100.00
18:52:22      14    0.00    0.00    0.00    0.00    0.00    0.00    0.00    0.00  100.00
18:52:22      15    0.00    0.00    0.00    0.00    0.00    0.00    0.00    0.00  100.00
18:52:22      16    0.00    0.00    0.00    0.00    0.00    0.00    0.00    0.00  100.00
18:52:22      17    0.00    0.00    0.00    0.00    0.00    0.00    0.00    0.00  100.00
18:52:22      18    0.00    0.00    0.99    0.00    0.00    0.00    0.00    0.00   99.01
18:52:22      19    0.00    0.00    0.00    0.00    0.00    0.00    0.00    0.00  100.00
18:52:22      20    0.00    0.00    0.00    0.00    0.00    0.00    0.00    0.00  100.00
18:52:22      21    0.00    0.00    0.00    0.00    0.00    0.00    0.00    0.00  100.00
18:52:22      22    0.00    0.00    0.00    0.00    0.00    0.00    0.00    0.00  100.00
18:52:22      23    0.00    0.00    0.00    0.00    0.00    0.00    0.00    0.00  100.00
18:52:22      24    0.00    0.00    0.00    0.00    0.00    0.00    0.00    0.00  100.00
18:52:22      25    0.00    0.00    0.00    0.00    0.00    0.00    0.00    0.00  100.00
18:52:22      26  100.00    0.00    0.00    0.00    0.00    0.00    0.00    0.00    0.00
18:52:22      27    0.00    0.00    0.00    0.00    0.00    0.00    0.00    0.00  100.00
18:52:22      28    0.00    0.00    0.00    0.00    0.00    0.00    0.00    0.00  100.00
18:52:22      29    0.00    0.00    0.00    0.00    0.00    0.00    0.00    0.00  100.00
18:52:22      30    0.00    0.00    0.00    0.00    0.00    0.00    0.00    0.00  100.00
18:52:22      31    0.00    0.00    0.00    0.00    0.00    0.00    0.00    0.00  100.00

18:52:22     CPU    %usr   %nice    %sys %iowait    %irq   %soft  %steal  %guest   %idle
18:52:23     all    3.13    0.00    0.09    0.00    0.00    0.00    0.00    0.00   96.78
18:52:23       0    0.00    0.00    0.00    0.00    0.00    0.00    0.00    0.00  100.00
18:52:23       1    0.00    0.00    1.00    0.00    0.00    0.00    0.00    0.00   99.00
18:52:23       2    0.00    0.00    0.00    0.00    0.00    0.00    0.00    0.00  100.00
18:52:23       3    0.00    0.00    0.00    0.00    0.00    0.00    0.00    0.00  100.00
18:52:23       4    0.00    0.00    0.00    0.00    0.00    0.00    0.00    0.00  100.00
18:52:23       5    0.00    0.00    0.00    0.00    0.00    0.00    0.00    0.00  100.00
18:52:23       6    0.00    0.00    0.00    0.00    0.00    0.00    0.00    0.00  100.00
18:52:23       7    0.00    0.00    0.00    0.00    0.00    0.00    0.00    0.00  100.00
18:52:23       8    0.00    0.00    0.00    0.00    0.00    0.00    0.00    0.00  100.00
18:52:23       9    0.00    0.00    0.00    0.00    0.00    0.00    0.00    0.00  100.00
18:52:23      10    0.00    0.00    0.00    0.00    0.00    0.00    0.00    0.00  100.00
18:52:23      11    0.00    0.00    0.00    0.00    0.00    0.00    0.00    0.00  100.00
18:52:23      12    0.00    0.00    0.00    0.00    0.00    0.00    0.00    0.00  100.00
18:52:23      13    0.00    0.00    0.00    0.00    0.00    0.00    0.00    0.00  100.00
18:52:23      14    0.00    0.00    0.00    0.00    0.00    0.00    0.00    0.00  100.00
18:52:23      15    0.00    0.00    0.00    0.00    0.00    0.00    0.00    0.00  100.00
18:52:23      16    0.00    0.00    2.02    0.00    0.00    0.00    0.00    0.00   97.98
18:52:23      17    0.00    0.00    0.00    0.00    0.00    0.00    0.00    0.00  100.00
18:52:23      18    0.00    0.00    0.00    0.00    0.00    0.00    0.00    0.00  100.00
18:52:23      19    0.00    0.00    0.00    0.00    0.00    0.00    0.00    0.00  100.00
18:52:23      20    0.00    0.00    0.00    0.00    0.00    0.00    0.00    0.00  100.00
18:52:23      21    0.00    0.00    0.00    0.00    0.00    0.00    0.00    0.00  100.00
18:52:23      22    0.00    0.00    0.00    0.00    0.00    0.00    0.00    0.00  100.00
18:52:23      23    0.00    0.00    0.00    0.00    0.00    0.00    0.00    0.00  100.00
18:52:23      24    0.00    0.00    0.00    0.00    0.00    0.00    0.00    0.00  100.00
18:52:23      25    0.00    0.00    0.00    0.00    0.00    0.00    0.00    0.00  100.00
18:52:23      26  100.00    0.00    0.00    0.00    0.00    0.00    0.00    0.00    0.00
18:52:23      27    0.00    0.00    0.99    0.00    0.00    0.00    0.00    0.00   99.01
18:52:23      28    0.00    0.00    0.00    0.00    0.00    0.00    0.00    0.00  100.00
18:52:23      29    0.00    0.00    0.00    0.00    0.00    0.00    0.00    0.00  100.00
18:52:23      30    0.00    0.00    0.00    0.00    0.00    0.00    0.00    0.00  100.00
18:52:23      31    0.00    0.00    0.00    0.00    0.00    0.00    0.00    0.00  100.00

18:52:23     CPU    %usr   %nice    %sys %iowait    %irq   %soft  %steal  %guest   %idle
18:52:24     all    3.13    0.00    0.03    0.00    0.00    0.00    0.00    0.00   96.84
18:52:24       0    0.00    0.00    1.03    0.00    0.00    0.00    0.00    0.00   98.97
18:52:24       1    0.00    0.00    1.00    0.00    0.00    0.00    0.00    0.00   99.00
18:52:24       2    0.00    0.00    0.00    0.00    0.00    0.00    0.00    0.00  100.00
18:52:24       3    0.00    0.00    0.00    0.00    0.00    0.00    0.00    0.00  100.00
18:52:24       4    0.00    0.00    0.00    0.00    0.00    0.00    0.00    0.00  100.00
18:52:24       5    0.00    0.00    0.00    0.00    0.00    0.00    0.00    0.00  100.00
18:52:24       6    0.00    0.00    0.00    0.00    0.00    0.00    0.00    0.00  100.00
18:52:24       7    0.00    0.00    0.00    0.00    0.00    0.00    0.00    0.00  100.00
18:52:24       8    0.00    0.00    0.00    0.00    0.00    0.00    0.00    0.00  100.00
18:52:24       9    0.00    0.00    0.00    0.00    0.00    0.00    0.00    0.00  100.00
18:52:24      10    0.00    0.00    0.00    0.00    0.00    0.00    0.00    0.00  100.00
18:52:24      11    0.00    0.00    0.00    0.00    0.00    0.00    0.00    0.00  100.00
18:52:24      12    0.00    0.00    0.00    0.00    0.00    0.00    0.00    0.00  100.00
18:52:24      13    0.00    0.00    0.00    0.00    0.00    0.00    0.00    0.00  100.00
18:52:24      14    0.00    0.00    0.00    0.00    0.00    0.00    0.00    0.00  100.00
18:52:24      15    0.00    0.00    0.00    0.00    0.00    0.00    0.00    0.00  100.00
18:52:24      16    0.00    0.00    0.00    0.00    0.00    0.00    0.00    0.00  100.00
18:52:24      17    0.00    0.00    0.00    0.00    0.00    0.00    0.00    0.00  100.00
18:52:24      18    0.00    0.00    0.00    0.00    0.00    0.00    0.00    0.00  100.00
18:52:24      19    0.00    0.00    0.00    0.00    0.00    0.00    0.00    0.00  100.00
18:52:24      20    0.00    0.00    0.00    0.00    0.00    0.00    0.00    0.00  100.00
18:52:24      21    0.00    0.00    0.00    0.00    0.00    0.00    0.00    0.00  100.00
18:52:24      22    0.00    0.00    0.00    0.00    0.00    0.00    0.00    0.00  100.00
18:52:24      23    0.00    0.00    0.00    0.00    0.00    0.00    0.00    0.00  100.00
18:52:24      24    0.00    0.00    0.00    0.00    0.00    0.00    0.00    0.00  100.00
18:52:24      25    0.00    0.00    0.00    0.00    0.00    0.00    0.00    0.00  100.00
18:52:24      26  100.00    0.00    0.00    0.00    0.00    0.00    0.00    0.00    0.00
18:52:24      27    0.00    0.00    0.00    0.00    0.00    0.00    0.00    0.00  100.00
18:52:24      28    0.00    0.00    0.00    0.00    0.00    0.00    0.00    0.00  100.00
18:52:24      29    0.00    0.00    0.00    0.00    0.00    0.00    0.00    0.00  100.00
18:52:24      30    0.00    0.00    0.00    0.00    0.00    0.00    0.00    0.00  100.00
18:52:24      31    0.00    0.00    0.00    0.00    0.00    0.00    0.00    0.00  100.00

18:52:24     CPU    %usr   %nice    %sys %iowait    %irq   %soft  %steal  %guest   %idle
18:52:25     all    3.13    0.00    0.06    0.00    0.00    0.00    0.00    0.00   96.81
18:52:25       0    0.00    0.00    0.00    0.00    0.00    0.00    0.00    0.00  100.00
18:52:25       1    0.00    0.00    1.00    0.00    0.00    0.00    0.00    0.00   99.00
18:52:25       2    0.00    0.00    0.00    0.00    0.00    0.00    0.00    0.00  100.00
18:52:25       3    0.00    0.00    0.00    0.00    0.00    0.00    0.00    0.00  100.00
18:52:25       4    0.00    0.00    0.00    0.00    0.00    0.00    0.00    0.00  100.00
18:52:25       5    0.00    0.00    0.00    0.00    0.00    0.00    0.00    0.00  100.00
18:52:25       6    0.00    0.00    0.00    0.00    0.00    0.00    0.00    0.00  100.00
18:52:25       7    0.00    0.00    0.00    0.00    0.00    0.00    0.00    0.00  100.00
18:52:25       8    0.00    0.00    0.00    0.00    0.00    0.00    0.00    0.00  100.00
18:52:25       9    0.00    0.00    0.00    0.00    0.00    0.00    0.00    0.00  100.00
18:52:25      10    0.00    0.00    0.00    0.00    0.00    0.00    0.00    0.00  100.00
18:52:25      11    0.00    0.00    0.00    0.00    0.00    0.00    0.00    0.00  100.00
18:52:25      12    0.00    0.00    0.00    0.00    0.00    0.00    0.00    0.00  100.00
18:52:25      13    0.00    0.00    0.00    0.00    0.00    0.00    0.00    0.00  100.00
18:52:25      14    0.00    0.00    0.00    0.00    0.00    0.00    0.00    0.00  100.00
18:52:25      15    0.00    0.00    0.00    0.00    0.00    0.00    0.00    0.00  100.00
18:52:25      16    0.00    0.00    0.00    0.00    0.00    0.00    0.00    0.00  100.00
18:52:25      17    0.00    0.00    0.00    0.00    0.00    0.00    0.00    0.00  100.00
18:52:25      18    0.00    0.00    0.00    0.00    0.00    0.00    0.00    0.00  100.00
18:52:25      19    0.00    0.00    0.00    0.00    0.00    0.00    0.00    0.00  100.00
18:52:25      20    0.00    0.00    0.00    0.00    0.00    0.00    0.00    0.00  100.00
18:52:25      21    0.00    0.00    0.00    0.00    0.00    0.00    0.00    0.00  100.00
18:52:25      22    0.00    0.00    0.00    0.00    0.00    0.00    0.00    0.00  100.00
18:52:25      23    0.00    0.00    0.00    0.00    0.00    0.00    0.00    0.00  100.00
18:52:25      24    0.00    0.00    0.00    0.00    0.00    0.00    0.00    0.00  100.00
18:52:25      25    0.00    0.00    0.00    0.00    0.00    0.00    0.00    0.00  100.00
18:52:25      26  100.00    0.00    0.00    0.00    0.00    0.00    0.00    0.00    0.00
18:52:25      27    0.00    0.00    0.00    0.00    0.00    0.00    0.00    0.00  100.00
18:52:25      28    0.00    0.00    0.00    0.00    0.00    0.00    0.00    0.00  100.00
18:52:25      29    0.00    0.00    0.00    0.00    0.00    0.00    0.00    0.00  100.00
18:52:25      30    0.00    0.00    0.00    0.00    0.00    0.00    0.00    0.00  100.00
18:52:25      31    0.00    0.00    0.00    0.00    0.00    0.00    0.00    0.00  100.00

18:52:25     CPU    %usr   %nice    %sys %iowait    %irq   %soft  %steal  %guest   %idle
18:52:26     all    3.13    0.00    0.06    0.00    0.00    0.00    0.00    0.00   96.81
18:52:26       0    0.00    0.00    1.03    0.00    0.00    0.00    0.00    0.00   98.97
18:52:26       1    0.00    0.00    0.00    0.00    0.00    0.00    0.00    0.00  100.00
18:52:26       2    0.00    0.00    0.00    0.00    0.00    0.00    0.00    0.00  100.00
18:52:26       3    0.00    0.00    0.00    0.00    0.00    0.00    0.00    0.00  100.00
18:52:26       4    0.00    0.00    0.00    0.00    0.00    0.00    0.00    0.00  100.00
18:52:26       5    0.00    0.00    0.00    0.00    0.00    0.00    0.00    0.00  100.00
18:52:26       6    0.00    0.00    0.00    0.00    0.00    0.00    0.00    0.00  100.00
18:52:26       7    0.00    0.00    0.00    0.00    0.00    0.00    0.00    0.00  100.00
18:52:26       8    0.00    0.00    0.00    0.00    0.00    0.00    0.00    0.00  100.00
18:52:26       9    0.00    0.00    0.00    0.00    0.00    0.00    0.00    0.00  100.00
18:52:26      10    0.00    0.00    0.00    0.00    0.00    0.00    0.00    0.00  100.00
18:52:26      11    0.00    0.00    0.00    0.00    0.00    0.00    0.00    0.00  100.00
18:52:26      12    0.00    0.00    0.00    0.00    0.00    0.00    0.00    0.00  100.00
18:52:26      13    0.00    0.00    0.00    0.00    0.00    0.00    0.00    0.00  100.00
18:52:26      14    0.00    0.00    0.00    0.00    0.00    0.00    0.00    0.00  100.00
18:52:26      15    0.00    0.00    0.00    0.00    0.00    0.00    0.00    0.00  100.00
18:52:26      16    0.00    0.00    0.00    0.00    0.00    0.00    0.00    0.00  100.00
18:52:26      17    0.00    0.00    0.00    0.00    0.00    0.00    0.00    0.00  100.00
18:52:26      18    0.00    0.00    0.00    0.00    0.00    0.00    0.00    0.00  100.00
18:52:26      19    0.00    0.00    0.00    0.00    0.00    0.00    0.00    0.00  100.00
18:52:26      20    0.00    0.00    0.00    0.00    0.00    0.00    0.00    0.00  100.00
18:52:26      21    0.00    0.00    0.00    0.00    0.00    0.00    0.00    0.00  100.00
18:52:26      22    0.00    0.00    0.00    0.00    0.00    0.00    0.00    0.00  100.00
18:52:26      23    0.00    0.00    0.00    0.00    0.00    0.00    0.00    0.00  100.00
18:52:26      24    0.00    0.00    0.00    0.00    0.00    0.00    0.00    0.00  100.00
18:52:26      25    0.00    0.00    0.00    0.00    0.00    0.00    0.00    0.00  100.00
18:52:26      26  100.00    0.00    0.00    0.00    0.00    0.00    0.00    0.00    0.00
18:52:26      27    0.00    0.00    0.00    0.00    0.00    0.00    0.00    0.00  100.00
18:52:26      28    0.00    0.00    0.00    0.00    0.00    0.00    0.00    0.00  100.00
18:52:26      29    0.00    0.00    0.00    0.00    0.00    0.00    0.00    0.00  100.00
18:52:26      30    0.00    0.00    0.00    0.00    0.00    0.00    0.00    0.00  100.00
18:52:26      31    0.00    0.00    0.00    0.00    0.00    0.00    0.00    0.00  100.00

18:52:26     CPU    %usr   %nice    %sys %iowait    %irq   %soft  %steal  %guest   %idle
18:52:27     all    3.16    0.00    0.03    0.00    0.00    0.00    0.00    0.00   96.81
18:52:27       0    0.00    0.00    1.03    0.00    0.00    0.00    0.00    0.00   98.97
18:52:27       1    0.00    0.00    0.00    0.00    0.00    0.00    0.00    0.00  100.00
18:52:27       2    0.00    0.00    0.00    0.00    0.00    0.00    0.00    0.00  100.00
18:52:27       3    0.00    0.00    0.00    0.00    0.00    0.00    0.00    0.00  100.00
18:52:27       4    0.00    0.00    0.00    0.00    0.00    0.00    0.00    0.00  100.00
18:52:27       5    0.00    0.00    0.00    0.00    0.00    0.00    0.00    0.00  100.00
18:52:27       6    0.00    0.00    0.00    0.00    0.00    0.00    0.00    0.00  100.00
18:52:27       7    0.00    0.00    0.00    0.00    0.00    0.00    0.00    0.00  100.00
18:52:27       8    0.00    0.00    0.00    0.00    0.00    0.00    0.00    0.00  100.00
18:52:27       9    0.00    0.00    0.00    0.00    0.00    0.00    0.00    0.00  100.00
18:52:27      10    0.00    0.00    0.00    0.00    0.00    0.00    0.00    0.00  100.00
18:52:27      11    0.00    0.00    0.00    0.00    0.00    0.00    0.00    0.00  100.00
18:52:27      12    0.00    0.00    0.00    0.00    0.00    0.00    0.00    0.00  100.00
18:52:27      13    0.00    0.00    0.00    0.00    0.00    0.00    0.00    0.00  100.00
18:52:27      14    0.00    0.00    0.00    0.00    0.00    0.00    0.00    0.00  100.00
18:52:27      15    0.00    0.00    0.00    0.00    0.00    0.00    0.00    0.00  100.00
18:52:27      16    0.00    0.00    0.00    0.00    0.00    0.00    0.00    0.00  100.00
18:52:27      17    0.00    0.00    0.00    0.00    0.00    0.00    0.00    0.00  100.00
18:52:27      18    0.00    0.00    0.00    0.00    0.00    0.00    0.00    0.00  100.00
18:52:27      19    0.00    0.00    0.00    0.00    0.00    0.00    0.00    0.00  100.00
18:52:27      20    0.00    0.00    0.00    0.00    0.00    0.00    0.00    0.00  100.00
18:52:27      21    0.00    0.00    0.00    0.00    0.00    0.00    0.00    0.00  100.00
18:52:27      22    0.00    0.00    0.00    0.00    0.00    0.00    0.00    0.00  100.00
18:52:27      23    0.00    0.00    0.00    0.00    0.00    0.00    0.00    0.00  100.00
18:52:27      24    0.00    0.00    0.00    0.00    0.00    0.00    0.00    0.00  100.00
18:52:27      25    0.00    0.00    0.00    0.00    0.00    0.00    0.00    0.00  100.00
18:52:27      26  100.00    0.00    0.00    0.00    0.00    0.00    0.00    0.00    0.00
18:52:27      27    0.00    0.00    0.00    0.00    0.00    0.00    0.00    0.00  100.00
18:52:27      28    0.00    0.00    0.00    0.00    0.00    0.00    0.00    0.00  100.00
18:52:27      29    0.00    0.00    0.00    0.00    0.00    0.00    0.00    0.00  100.00
18:52:27      30    0.00    0.00    0.00    0.00    0.00    0.00    0.00    0.00  100.00
18:52:27      31    0.00    0.00    0.00    0.00    0.00    0.00    0.00    0.00  100.00

18:52:27     CPU    %usr   %nice    %sys %iowait    %irq   %soft  %steal  %guest   %idle
18:52:28     all    3.13    0.00    0.06    0.00    0.00    0.00    0.00    0.00   96.81
18:52:28       0    0.00    0.00    2.04    0.00    0.00    0.00    0.00    0.00   97.96
18:52:28       1    0.00    0.00    0.00    0.00    0.00    0.00    0.00    0.00  100.00
18:52:28       2    0.00    0.00    0.00    0.00    0.00    0.00    0.00    0.00  100.00
18:52:28       3    0.00    0.00    0.00    0.00    0.00    0.00    0.00    0.00  100.00
18:52:28       4    0.00    0.00    0.00    0.00    0.00    0.00    0.00    0.00  100.00
18:52:28       5    0.00    0.00    0.00    0.00    0.00    0.00    0.00    0.00  100.00
18:52:28       6    0.00    0.00    0.00    0.00    0.00    0.00    0.00    0.00  100.00
18:52:28       7    0.00    0.00    0.00    0.00    0.00    0.00    0.00    0.00  100.00
18:52:28       8    0.00    0.00    0.00    0.00    0.00    0.00    0.00    0.00  100.00
18:52:28       9    0.00    0.00    0.00    0.00    0.00    0.00    0.00    0.00  100.00
18:52:28      10    0.00    0.00    0.00    0.00    0.00    0.00    0.00    0.00  100.00
18:52:28      11    0.00    0.00    0.00    0.00    0.00    0.00    0.00    0.00  100.00
18:52:28      12    0.00    0.00    0.00    0.00    0.00    0.00    0.00    0.00  100.00
18:52:28      13    0.00    0.00    0.00    0.00    0.00    0.00    0.00    0.00  100.00
18:52:28      14    0.00    0.00    0.00    0.00    0.00    0.00    0.00    0.00  100.00
18:52:28      15    0.00    0.00    0.00    0.00    0.00    0.00    0.00    0.00  100.00
18:52:28      16    0.00    0.00    0.00    0.00    0.00    0.00    0.00    0.00  100.00
18:52:28      17    0.00    0.00    0.00    0.00    0.00    0.00    0.00    0.00  100.00
18:52:28      18    0.00    0.00    0.00    0.00    0.00    0.00    0.00    0.00  100.00
18:52:28      19    0.00    0.00    0.00    0.00    0.00    0.00    0.00    0.00  100.00
18:52:28      20    0.00    0.00    0.00    0.00    0.00    0.00    0.00    0.00  100.00
18:52:28      21    0.00    0.00    0.00    0.00    0.00    0.00    0.00    0.00  100.00
18:52:28      22    0.00    0.00    0.00    0.00    0.00    0.00    0.00    0.00  100.00
18:52:28      23    0.00    0.00    0.00    0.00    0.00    0.00    0.00    0.00  100.00
18:52:28      24    0.00    0.00    0.00    0.00    0.00    0.00    0.00    0.00  100.00
18:52:28      25    0.00    0.00    0.00    0.00    0.00    0.00    0.00    0.00  100.00
18:52:28      26  100.00    0.00    0.00    0.00    0.00    0.00    0.00    0.00    0.00
18:52:28      27    0.00    0.00    0.00    0.00    0.00    0.00    0.00    0.00  100.00
18:52:28      28    0.00    0.00    0.00    0.00    0.00    0.00    0.00    0.00  100.00
18:52:28      29    0.00    0.00    0.00    0.00    0.00    0.00    0.00    0.00  100.00
18:52:28      30    0.00    0.00    0.00    0.00    0.00    0.00    0.00    0.00  100.00
18:52:28      31    0.00    0.00    0.00    0.00    0.00    0.00    0.00    0.00  100.00

18:52:28     CPU    %usr   %nice    %sys %iowait    %irq   %soft  %steal  %guest   %idle
18:52:29     all    2.94    0.00    0.09    0.59    0.00    0.00    0.00    0.00   96.37
18:52:29       0    0.00    0.00    1.03    0.00    0.00    0.00    0.00    0.00   98.97
18:52:29       1    0.00    0.00    1.00    0.00    0.00    0.00    0.00    0.00   99.00
18:52:29       2    0.00    0.00    0.00    0.00    0.00    0.00    0.00    0.00  100.00
18:52:29       3    0.00    0.00    0.00    0.00    0.00    0.00    0.00    0.00  100.00
18:52:29       4    0.00    0.00    0.00    0.00    0.00    0.00    0.00    0.00  100.00
18:52:29       5    0.00    0.00    0.00    0.00    0.00    0.00    0.00    0.00  100.00
18:52:29       6    0.00    0.00    0.00    0.00    0.00    0.00    0.00    0.00  100.00
18:52:29       7    0.00    0.00    0.00    0.00    0.00    0.00    0.00    0.00  100.00
18:52:29       8    0.00    0.00    0.00    0.00    0.00    0.00    0.00    0.00  100.00
18:52:29       9    0.00    0.00    0.00    0.00    0.00    0.00    0.00    0.00  100.00
18:52:29      10    0.00    0.00    0.00    0.00    0.00    0.00    0.00    0.00  100.00
18:52:29      11    0.00    0.00    0.00    0.00    0.00    0.00    0.00    0.00  100.00
18:52:29      12    0.00    0.00    0.00   19.19    0.00    0.00    0.00    0.00   80.81
18:52:29      13    0.00    0.00    0.00    0.00    0.00    0.00    0.00    0.00  100.00
18:52:29      14    0.00    0.00    0.00    0.00    0.00    0.00    0.00    0.00  100.00
18:52:29      15    0.00    0.00    0.00    0.00    0.00    0.00    0.00    0.00  100.00
18:52:29      16    0.00    0.00    0.00    0.00    0.00    0.00    0.00    0.00  100.00
18:52:29      17    0.00    0.00    0.00    0.00    0.00    0.00    0.00    0.00  100.00
18:52:29      18    0.00    0.00    0.00    0.00    0.00    0.00    0.00    0.00  100.00
18:52:29      19    0.00    0.00    0.00    0.00    0.00    0.00    0.00    0.00  100.00
18:52:29      20    0.00    0.00    0.00    0.00    0.00    0.00    0.00    0.00  100.00
18:52:29      21    0.00    0.00    0.00    0.00    0.00    0.00    0.00    0.00  100.00
18:52:29      22    0.00    0.00    0.00    0.00    0.00    0.00    0.00    0.00  100.00
18:52:29      23    0.00    0.00    0.00    0.00    0.00    0.00    0.00    0.00  100.00
18:52:29      24    0.00    0.00    0.00    0.00    0.00    0.00    0.00    0.00  100.00
18:52:29      25    0.00    0.00    0.00    0.00    0.00    0.00    0.00    0.00  100.00
18:52:29      26   94.00    0.00    0.00    0.00    0.00    0.00    0.00    0.00    6.00
18:52:29      27    0.00    0.00    0.00    0.00    0.00    0.00    0.00    0.00  100.00
18:52:29      28    0.00    0.00    0.00    0.00    0.00    0.00    0.00    0.00  100.00
18:52:29      29    0.00    0.00    0.00    0.00    0.00    0.00    0.00    0.00  100.00
18:52:29      30    0.00    0.00    0.00    0.00    0.00    0.00    0.00    0.00  100.00
18:52:29      31    0.00    0.00    0.00    0.00    0.00    0.00    0.00    0.00  100.00

18:52:29     CPU    %usr   %nice    %sys %iowait    %irq   %soft  %steal  %guest   %idle
18:52:30     all    3.16    0.00    0.06    0.00    0.00    0.00    0.00    0.00   96.78
18:52:30       0    1.02    0.00    0.00    0.00    0.00    0.00    0.00    0.00   98.98
18:52:30       1    0.00    0.00    0.00    0.00    0.00    0.00    0.00    0.00  100.00
18:52:30       2    0.00    0.00    0.00    0.00    0.00    0.00    0.00    0.00  100.00
18:52:30       3    0.00    0.00    0.00    0.00    0.00    0.00    0.00    0.00  100.00
18:52:30       4    0.00    0.00    0.00    0.00    0.00    0.00    0.00    0.00  100.00
18:52:30       5    0.00    0.00    0.00    0.00    0.00    0.00    0.00    0.00  100.00
18:52:30       6    0.00    0.00    0.00    0.00    0.00    0.00    0.00    0.00  100.00
18:52:30       7    0.00    0.00    0.00    0.00    0.00    0.00    0.00    0.00  100.00
18:52:30       8    0.00    0.00    0.00    0.00    0.00    0.00    0.00    0.00  100.00
18:52:30       9    0.00    0.00    0.00    0.00    0.00    0.00    0.00    0.00  100.00
18:52:30      10    0.00    0.00    0.00    0.00    0.00    0.00    0.00    0.00  100.00
18:52:30      11    0.00    0.00    0.00    0.00    0.00    0.00    0.00    0.00  100.00
18:52:30      12    0.00    0.00    0.00    0.00    0.00    0.00    0.00    0.00  100.00
18:52:30      13    0.00    0.00    0.00    0.00    0.00    0.00    0.00    0.00  100.00
18:52:30      14    0.00    0.00    0.00    0.00    0.00    0.00    0.00    0.00  100.00
18:52:30      15    0.00    0.00    0.00    0.00    0.00    0.00    0.00    0.00  100.00
18:52:30      16    0.00    0.00    2.04    0.00    0.00    0.00    0.00    0.00   97.96
18:52:30      17    0.00    0.00    0.00    0.00    0.00    0.00    0.00    0.00  100.00
18:52:30      18    0.00    0.00    0.00    0.00    0.00    0.00    0.00    0.00  100.00
18:52:30      19    0.00    0.00    0.00    0.00    0.00    0.00    0.00    0.00  100.00
18:52:30      20    0.00    0.00    0.00    0.00    0.00    0.00    0.00    0.00  100.00
18:52:30      21    0.00    0.00    0.00    0.00    0.00    0.00    0.00    0.00  100.00
18:52:30      22    0.00    0.00    0.00    0.00    0.00    0.00    0.00    0.00  100.00
18:52:30      23    0.00    0.00    0.00    0.00    0.00    0.00    0.00    0.00  100.00
18:52:30      24    0.00    0.00    0.00    0.00    0.00    0.00    0.00    0.00  100.00
18:52:30      25    0.00    0.00    0.00    0.00    0.00    0.00    0.00    0.00  100.00
18:52:30      26  100.00    0.00    0.00    0.00    0.00    0.00    0.00    0.00    0.00
18:52:30      27    0.00    0.00    0.00    0.00    0.00    0.00    0.00    0.00  100.00
18:52:30      28    0.00    0.00    0.00    0.00    0.00    0.00    0.00    0.00  100.00
18:52:30      29    0.00    0.00    0.00    0.00    0.00    0.00    0.00    0.00  100.00
18:52:30      30    0.00    0.00    0.00    0.00    0.00    0.00    0.00    0.00  100.00
18:52:30      31    0.00    0.00    0.00    0.00    0.00    0.00    0.00    0.00  100.00

18:52:30     CPU    %usr   %nice    %sys %iowait    %irq   %soft  %steal  %guest   %idle
18:52:31     all    3.13    0.00    0.06    0.00    0.00    0.00    0.00    0.00   96.81
18:52:31       0    0.00    0.00    0.00    0.00    0.00    0.00    0.00    0.00  100.00
18:52:31       1    0.00    0.00    0.00    0.00    0.00    0.00    0.00    0.00  100.00
18:52:31       2    0.00    0.00    0.00    0.00    0.00    0.00    0.00    0.00  100.00
18:52:31       3    0.00    0.00    0.00    0.00    0.00    0.00    0.00    0.00  100.00
18:52:31       4    0.00    0.00    0.00    0.00    0.00    0.00    0.00    0.00  100.00
18:52:31       5    0.00    0.00    0.00    0.00    0.00    0.00    0.00    0.00  100.00
18:52:31       6    0.00    0.00    0.00    0.00    0.00    0.00    0.00    0.00  100.00
18:52:31       7    0.00    0.00    0.00    0.00    0.00    0.00    0.00    0.00  100.00
18:52:31       8    0.00    0.00    0.00    0.00    0.00    0.00    0.00    0.00  100.00
18:52:31       9    0.00    0.00    0.00    0.00    0.00    0.00    0.00    0.00  100.00
18:52:31      10    0.00    0.00    0.00    0.00    0.00    0.00    0.00    0.00  100.00
18:52:31      11    0.00    0.00    0.00    0.00    0.00    0.00    0.00    0.00  100.00
18:52:31      12    0.00    0.00    0.00    0.00    0.00    0.00    0.00    0.00  100.00
18:52:31      13    0.00    0.00    0.00    0.00    0.00    0.00    0.00    0.00  100.00
18:52:31      14    0.00    0.00    0.00    0.00    0.00    0.00    0.00    0.00  100.00
18:52:31      15    0.00    0.00    0.00    0.00    0.00    0.00    0.00    0.00  100.00
18:52:31      16    0.00    0.00    1.03    0.00    0.00    0.00    0.00    0.00   98.97
18:52:31      17    0.00    0.00    0.00    0.00    0.00    0.00    0.00    0.00  100.00
18:52:31      18    0.00    0.00    0.00    0.00    0.00    0.00    0.00    0.00  100.00
18:52:31      19    0.00    0.00    0.00    0.00    0.00    0.00    0.00    0.00  100.00
18:52:31      20    0.00    0.00    0.00    0.00    0.00    0.00    0.00    0.00  100.00
18:52:31      21    0.00    0.00    0.00    0.00    0.00    0.00    0.00    0.00  100.00
18:52:31      22    0.00    0.00    0.00    0.00    0.00    0.00    0.00    0.00  100.00
18:52:31      23    0.00    0.00    0.00    0.00    0.00    0.00    0.00    0.00  100.00
18:52:31      24    0.00    0.00    0.00    0.00    0.00    0.00    0.00    0.00  100.00
18:52:31      25    0.00    0.00    0.00    0.00    0.00    0.00    0.00    0.00  100.00
18:52:31      26  100.00    0.00    0.00    0.00    0.00    0.00    0.00    0.00    0.00
18:52:31      27    0.00    0.00    0.00    0.00    0.00    0.00    0.00    0.00  100.00
18:52:31      28    0.00    0.00    0.00    0.00    0.00    0.00    0.00    0.00  100.00
18:52:31      29    0.00    0.00    0.00    0.00    0.00    0.00    0.00    0.00  100.00
18:52:31      30    0.00    0.00    0.00    0.00    0.00    0.00    0.00    0.00  100.00
18:52:31      31    0.00    0.00    0.00    0.00    0.00    0.00    0.00    0.00  100.00

18:52:31     CPU    %usr   %nice    %sys %iowait    %irq   %soft  %steal  %guest   %idle
18:52:32     all    3.13    0.00    0.03    0.00    0.00    0.00    0.00    0.00   96.84
18:52:32       0    0.00    0.00    0.00    0.00    0.00    0.00    0.00    0.00  100.00
18:52:32       1    0.00    0.00    1.00    0.00    0.00    0.00    0.00    0.00   99.00
18:52:32       2    0.00    0.00    0.00    0.00    0.00    0.00    0.00    0.00  100.00
18:52:32       3    0.00    0.00    0.00    0.00    0.00    0.00    0.00    0.00  100.00
18:52:32       4    0.00    0.00    0.00    0.00    0.00    0.00    0.00    0.00  100.00
18:52:32       5    0.00    0.00    0.00    0.00    0.00    0.00    0.00    0.00  100.00
18:52:32       6    0.00    0.00    0.00    0.00    0.00    0.00    0.00    0.00  100.00
18:52:32       7    0.00    0.00    0.00    0.00    0.00    0.00    0.00    0.00  100.00
18:52:32       8    0.00    0.00    0.00    0.00    0.00    0.00    0.00    0.00  100.00
18:52:32       9    0.00    0.00    0.00    0.00    0.00    0.00    0.00    0.00  100.00
18:52:32      10    0.00    0.00    0.00    0.00    0.00    0.00    0.00    0.00  100.00
18:52:32      11    0.00    0.00    0.00    0.00    0.00    0.00    0.00    0.00  100.00
18:52:32      12    0.00    0.00    0.00    0.00    0.00    0.00    0.00    0.00  100.00
18:52:32      13    0.00    0.00    0.00    0.00    0.00    0.00    0.00    0.00  100.00
18:52:32      14    0.00    0.00    0.00    0.00    0.00    0.00    0.00    0.00  100.00
18:52:32      15    0.00    0.00    0.00    0.00    0.00    0.00    0.00    0.00  100.00
18:52:32      16    1.02    0.00    0.00    0.00    0.00    0.00    0.00    0.00   98.98
18:52:32      17    0.00    0.00    0.00    0.00    0.00    0.00    0.00    0.00  100.00
18:52:32      18    0.00    0.00    0.00    0.00    0.00    0.00    0.00    0.00  100.00
18:52:32      19    0.00    0.00    0.00    0.00    0.00    0.00    0.00    0.00  100.00
18:52:32      20    0.00    0.00    0.00    0.00    0.00    0.00    0.00    0.00  100.00
18:52:32      21    0.00    0.00    0.00    0.00    0.00    0.00    0.00    0.00  100.00
18:52:32      22    0.00    0.00    0.00    0.00    0.00    0.00    0.00    0.00  100.00
18:52:32      23    0.00    0.00    0.00    0.00    0.00    0.00    0.00    0.00  100.00
18:52:32      24    0.00    0.00    0.00    0.00    0.00    0.00    0.00    0.00  100.00
18:52:32      25    0.00    0.00    0.00    0.00    0.00    0.00    0.00    0.00  100.00
18:52:32      26  100.00    0.00    0.00    0.00    0.00    0.00    0.00    0.00    0.00
18:52:32      27    0.00    0.00    0.00    0.00    0.00    0.00    0.00    0.00  100.00
18:52:32      28    0.00    0.00    0.00    0.00    0.00    0.00    0.00    0.00  100.00
18:52:32      29    0.00    0.00    0.00    0.00    0.00    0.00    0.00    0.00  100.00
18:52:32      30    0.00    0.00    0.00    0.00    0.00    0.00    0.00    0.00  100.00
18:52:32      31    0.00    0.00    0.00    0.00    0.00    0.00    0.00    0.00  100.00

18:52:32     CPU    %usr   %nice    %sys %iowait    %irq   %soft  %steal  %guest   %idle
18:52:33     all    3.16    0.00    0.09    0.00    0.00    0.00    0.00    0.00   96.74
18:52:33       0    1.02    0.00    2.04    0.00    0.00    0.00    0.00    0.00   96.94
18:52:33       1    0.00    0.00    0.00    0.00    0.00    0.00    0.00    0.00  100.00
18:52:33       2    0.00    0.00    0.00    0.00    0.00    0.00    0.00    0.00  100.00
18:52:33       3    0.00    0.00    0.00    0.00    0.00    0.00    0.00    0.00  100.00
18:52:33       4    0.00    0.00    0.00    0.00    0.00    0.00    0.00    0.00  100.00
18:52:33       5    0.00    0.00    0.00    0.00    0.00    0.00    0.00    0.00  100.00
18:52:33       6    0.00    0.00    0.00    0.00    0.00    0.00    0.00    0.00  100.00
18:52:33       7    0.00    0.00    0.00    0.00    0.00    0.00    0.00    0.00  100.00
18:52:33       8    0.00    0.00    0.00    0.00    0.00    0.00    0.00    0.00  100.00
18:52:33       9    0.00    0.00    0.00    0.00    0.00    0.00    0.00    0.00  100.00
18:52:33      10    0.00    0.00    0.00    0.00    0.00    0.00    0.00    0.00  100.00
18:52:33      11    0.00    0.00    0.00    0.00    0.00    0.00    0.00    0.00  100.00
18:52:33      12    0.00    0.00    0.00    0.00    0.00    0.00    0.00    0.00  100.00
18:52:33      13    0.00    0.00    0.00    0.00    0.00    0.00    0.00    0.00  100.00
18:52:33      14    0.00    0.00    0.00    0.00    0.00    0.00    0.00    0.00  100.00
18:52:33      15    0.00    0.00    0.00    0.00    0.00    0.00    0.00    0.00  100.00
18:52:33      16    0.00    0.00    2.02    0.00    0.00    0.00    0.00    0.00   97.98
18:52:33      17    0.00    0.00    0.00    0.00    0.00    0.00    0.00    0.00  100.00
18:52:33      18    0.00    0.00    1.00    0.00    0.00    0.00    0.00    0.00   99.00
18:52:33      19    0.00    0.00    0.00    0.00    0.00    0.00    0.00    0.00  100.00
18:52:33      20    0.00    0.00    0.00    0.00    0.00    0.00    0.00    0.00  100.00
18:52:33      21    0.00    0.00    0.00    0.00    0.00    0.00    0.00    0.00  100.00
18:52:33      22    0.00    0.00    0.00    0.00    0.00    0.00    0.00    0.00  100.00
18:52:33      23    0.00    0.00    0.00    0.00    0.00    0.00    0.00    0.00  100.00
18:52:33      24    0.00    0.00    0.00    0.00    0.00    0.00    0.00    0.00  100.00
18:52:33      25    0.00    0.00    0.00    0.00    0.00    0.00    0.00    0.00  100.00
18:52:33      26  100.00    0.00    0.00    0.00    0.00    0.00    0.00    0.00    0.00
18:52:33      27    0.00    0.00    0.00    0.00    0.00    0.00    0.00    0.00  100.00
18:52:33      28    0.00    0.00    0.00    0.00    0.00    0.00    0.00    0.00  100.00
18:52:33      29    0.00    0.00    0.00    0.00    0.00    0.00    0.00    0.00  100.00
18:52:33      30    0.00    0.00    0.00    0.00    0.00    0.00    0.00    0.00  100.00
18:52:33      31    0.00    0.00    0.00    0.00    0.00    0.00    0.00    0.00  100.00

18:52:33     CPU    %usr   %nice    %sys %iowait    %irq   %soft  %steal  %guest   %idle
18:52:34     all    3.16    0.00    0.06    0.00    0.00    0.00    0.00    0.00   96.78
18:52:34       0    0.00    0.00    1.04    0.00    0.00    0.00    0.00    0.00   98.96
18:52:34       1    0.00    0.00    0.00    0.00    0.00    0.00    0.00    0.00  100.00
18:52:34       2    0.00    0.00    0.00    0.00    0.00    0.00    0.00    0.00  100.00
18:52:34       3    0.00    0.00    0.00    0.00    0.00    0.00    0.00    0.00  100.00
18:52:34       4    0.00    0.00    0.00    0.00    0.00    0.00    0.00    0.00  100.00
18:52:34       5    0.00    0.00    0.00    0.00    0.00    0.00    0.00    0.00  100.00
18:52:34       6    0.00    0.00    0.00    0.00    0.00    0.00    0.00    0.00  100.00
18:52:34       7    0.00    0.00    0.00    0.00    0.00    0.00    0.00    0.00  100.00
18:52:34       8    0.00    0.00    0.00    0.00    0.00    0.00    0.00    0.00  100.00
18:52:34       9    0.00    0.00    0.00    0.00    0.00    0.00    0.00    0.00  100.00
18:52:34      10    0.00    0.00    0.00    0.00    0.00    0.00    0.00    0.00  100.00
18:52:34      11    0.00    0.00    0.00    0.00    0.00    0.00    0.00    0.00  100.00
18:52:34      12    0.00    0.00    0.00    0.00    0.00    0.00    0.00    0.00  100.00
18:52:34      13    0.00    0.00    0.00    0.00    0.00    0.00    0.00    0.00  100.00
18:52:34      14    0.00    0.00    0.00    0.00    0.00    0.00    0.00    0.00  100.00
18:52:34      15    0.00    0.00    0.00    0.00    0.00    0.00    0.00    0.00  100.00
18:52:34      16    0.00    0.00    0.00    0.00    0.00    0.00    0.00    0.00  100.00
18:52:34      17    0.00    0.00    0.00    0.00    0.00    0.00    0.00    0.00  100.00
18:52:34      18    0.00    0.00    0.00    0.00    0.00    0.00    0.00    0.00  100.00
18:52:34      19    0.00    0.00    0.00    0.00    0.00    0.00    0.00    0.00  100.00
18:52:34      20    0.00    0.00    0.00    0.00    0.00    0.00    0.00    0.00  100.00
18:52:34      21    0.00    0.00    0.00    0.00    0.00    0.00    0.00    0.00  100.00
18:52:34      22    0.00    0.00    0.00    0.00    0.00    0.00    0.00    0.00  100.00
18:52:34      23    0.00    0.00    0.00    0.00    0.00    0.00    0.00    0.00  100.00
18:52:34      24    0.00    0.00    0.00    0.00    0.00    0.00    0.00    0.00  100.00
18:52:34      25    0.00    0.00    0.00    0.00    0.00    0.00    0.00    0.00  100.00
18:52:34      26  100.00    0.00    0.00    0.00    0.00    0.00    0.00    0.00    0.00
18:52:34      27    0.00    0.00    0.00    0.00    0.00    0.00    0.00    0.00  100.00
18:52:34      28    0.00    0.00    0.00    0.00    0.00    0.00    0.00    0.00  100.00
18:52:34      29    0.00    0.00    0.00    0.00    0.00    0.00    0.00    0.00  100.00
18:52:34      30    0.00    0.00    0.00    0.00    0.00    0.00    0.00    0.00  100.00
18:52:34      31    0.00    0.00    0.00    0.00    0.00    0.00    0.00    0.00  100.00

18:52:34     CPU    %usr   %nice    %sys %iowait    %irq   %soft  %steal  %guest   %idle
18:52:35     all    3.13    0.00    0.06    0.59    0.00    0.00    0.00    0.00   96.21
18:52:35       0    0.00    0.00    1.01    0.00    0.00    0.00    0.00    0.00   98.99
18:52:35       1    0.00    0.00    0.00    0.00    0.00    0.00    0.00    0.00  100.00
18:52:35       2    0.00    0.00    0.00    0.00    0.00    0.00    0.00    0.00  100.00
18:52:35       3    0.00    0.00    0.00    0.00    0.00    0.00    0.00    0.00  100.00
18:52:35       4    0.00    0.00    0.00    0.00    0.00    0.00    0.00    0.00  100.00
18:52:35       5    0.00    0.00    0.00    0.00    0.00    0.00    0.00    0.00  100.00
18:52:35       6    0.00    0.00    0.00    0.00    0.00    0.00    0.00    0.00  100.00
18:52:35       7    0.00    0.00    0.00    0.00    0.00    0.00    0.00    0.00  100.00
18:52:35       8    0.00    0.00    0.00    0.00    0.00    0.00    0.00    0.00  100.00
18:52:35       9    0.00    0.00    0.00    0.00    0.00    0.00    0.00    0.00  100.00
18:52:35      10    0.00    0.00    0.00    0.00    0.00    0.00    0.00    0.00  100.00
18:52:35      11    0.00    0.00    0.00    0.00    0.00    0.00    0.00    0.00  100.00
18:52:35      12    0.00    0.00    0.00   19.00    0.00    0.00    0.00    0.00   81.00
18:52:35      13    0.00    0.00    0.00    0.00    0.00    0.00    0.00    0.00  100.00
18:52:35      14    0.00    0.00    0.00    0.00    0.00    0.00    0.00    0.00  100.00
18:52:35      15    0.00    0.00    0.00    0.00    0.00    0.00    0.00    0.00  100.00
18:52:35      16    0.00    0.00    1.03    0.00    0.00    0.00    0.00    0.00   98.97
18:52:35      17    0.00    0.00    0.99    0.00    0.00    0.00    0.00    0.00   99.01
18:52:35      18    0.00    0.00    0.00    0.00    0.00    0.00    0.00    0.00  100.00
18:52:35      19    0.00    0.00    0.00    0.00    0.00    0.00    0.00    0.00  100.00
18:52:35      20    0.00    0.00    0.00    0.00    0.00    0.00    0.00    0.00  100.00
18:52:35      21    0.00    0.00    0.00    0.00    0.00    0.00    0.00    0.00  100.00
18:52:35      22    0.00    0.00    0.00    0.00    0.00    0.00    0.00    0.00  100.00
18:52:35      23    0.00    0.00    0.00    0.00    0.00    0.00    0.00    0.00  100.00
18:52:35      24    0.00    0.00    0.00    0.00    0.00    0.00    0.00    0.00  100.00
18:52:35      25    0.00    0.00    0.00    0.00    0.00    0.00    0.00    0.00  100.00
18:52:35      26  100.00    0.00    0.00    0.00    0.00    0.00    0.00    0.00    0.00
18:52:35      27    0.00    0.00    0.00    0.00    0.00    0.00    0.00    0.00  100.00
18:52:35      28    0.00    0.00    0.00    0.00    0.00    0.00    0.00    0.00  100.00
18:52:35      29    0.00    0.00    0.00    0.00    0.00    0.00    0.00    0.00  100.00
18:52:35      30    0.00    0.00    0.00    0.00    0.00    0.00    0.00    0.00  100.00
18:52:35      31    0.00    0.00    0.00    0.00    0.00    0.00    0.00    0.00  100.00

18:52:35     CPU    %usr   %nice    %sys %iowait    %irq   %soft  %steal  %guest   %idle
18:52:36     all    3.13    0.00    0.09    0.00    0.00    0.00    0.00    0.00   96.78
18:52:36       0    0.00    0.00    1.04    0.00    0.00    0.00    0.00    0.00   98.96
18:52:36       1    0.00    0.00    0.00    0.00    0.00    0.00    0.00    0.00  100.00
18:52:36       2    0.00    0.00    0.00    0.00    0.00    0.00    0.00    0.00  100.00
18:52:36       3    0.00    0.00    0.00    0.00    0.00    0.00    0.00    0.00  100.00
18:52:36       4    0.00    0.00    0.00    0.00    0.00    0.00    0.00    0.00  100.00
18:52:36       5    0.00    0.00    0.00    0.00    0.00    0.00    0.00    0.00  100.00
18:52:36       6    0.00    0.00    0.00    0.00    0.00    0.00    0.00    0.00  100.00
18:52:36       7    0.00    0.00    0.00    0.00    0.00    0.00    0.00    0.00  100.00
18:52:36       8    0.00    0.00    0.00    0.00    0.00    0.00    0.00    0.00  100.00
18:52:36       9    0.00    0.00    0.00    0.00    0.00    0.00    0.00    0.00  100.00
18:52:36      10    0.00    0.00    0.00    0.00    0.00    0.00    0.00    0.00  100.00
18:52:36      11    0.00    0.00    0.00    0.00    0.00    0.00    0.00    0.00  100.00
18:52:36      12    0.00    0.00    0.00    0.00    0.00    0.00    0.00    0.00  100.00
18:52:36      13    0.00    0.00    0.00    0.00    0.00    0.00    0.00    0.00  100.00
18:52:36      14    0.00    0.00    0.00    0.00    0.00    0.00    0.00    0.00  100.00
18:52:36      15    0.00    0.00    0.00    0.00    0.00    0.00    0.00    0.00  100.00
18:52:36      16    0.00    0.00    1.00    0.00    0.00    0.00    0.00    0.00   99.00
18:52:36      17    0.00    0.00    0.00    0.00    0.00    0.00    0.00    0.00  100.00
18:52:36      18    0.00    0.00    0.00    0.00    0.00    0.00    0.00    0.00  100.00
18:52:36      19    0.00    0.00    0.00    0.00    0.00    0.00    0.00    0.00  100.00
18:52:36      20    0.00    0.00    0.00    0.00    0.00    0.00    0.00    0.00  100.00
18:52:36      21    0.00    0.00    0.00    0.00    0.00    0.00    0.00    0.00  100.00
18:52:36      22    0.00    0.00    0.00    0.00    0.00    0.00    0.00    0.00  100.00
18:52:36      23    0.00    0.00    0.00    0.00    0.00    0.00    0.00    0.00  100.00
18:52:36      24    0.00    0.00    0.00    0.00    0.00    0.00    0.00    0.00  100.00
18:52:36      25    0.00    0.00    0.00    0.00    0.00    0.00    0.00    0.00  100.00
18:52:36      26  100.00    0.00    0.00    0.00    0.00    0.00    0.00    0.00    0.00
18:52:36      27    0.00    0.00    0.00    0.00    0.00    0.00    0.00    0.00  100.00
18:52:36      28    0.00    0.00    0.00    0.00    0.00    0.00    0.00    0.00  100.00
18:52:36      29    0.00    0.00    0.00    0.00    0.00    0.00    0.00    0.00  100.00
18:52:36      30    0.00    0.00    0.00    0.00    0.00    0.00    0.00    0.00  100.00
18:52:36      31    0.00    0.00    0.00    0.00    0.00    0.00    0.00    0.00  100.00

18:52:36     CPU    %usr   %nice    %sys %iowait    %irq   %soft  %steal  %guest   %idle
18:52:37     all    3.13    0.00    0.06    0.00    0.00    0.00    0.00    0.00   96.81
18:52:37       0    0.00    0.00    1.03    0.00    0.00    0.00    0.00    0.00   98.97
18:52:37       1    0.00    0.00    0.00    0.00    0.00    0.00    0.00    0.00  100.00
18:52:37       2    0.00    0.00    0.00    0.00    0.00    0.00    0.00    0.00  100.00
18:52:37       3    0.00    0.00    0.00    0.00    0.00    0.00    0.00    0.00  100.00
18:52:37       4    0.00    0.00    0.00    0.00    0.00    0.00    0.00    0.00  100.00
18:52:37       5    0.00    0.00    0.00    0.00    0.00    0.00    0.00    0.00  100.00
18:52:37       6    0.00    0.00    0.00    0.00    0.00    0.00    0.00    0.00  100.00
18:52:37       7    0.00    0.00    0.00    0.00    0.00    0.00    0.00    0.00  100.00
18:52:37       8    0.00    0.00    0.00    0.00    0.00    0.00    0.00    0.00  100.00
18:52:37       9    0.00    0.00    0.00    0.00    0.00    0.00    0.00    0.00  100.00
18:52:37      10    0.00    0.00    0.00    0.00    0.00    0.00    0.00    0.00  100.00
18:52:37      11    0.00    0.00    0.00    0.00    0.00    0.00    0.00    0.00  100.00
18:52:37      12    0.00    0.00    0.00    0.00    0.00    0.00    0.00    0.00  100.00
18:52:37      13    0.00    0.00    0.00    0.00    0.00    0.00    0.00    0.00  100.00
18:52:37      14    0.00    0.00    0.00    0.00    0.00    0.00    0.00    0.00  100.00
18:52:37      15    0.00    0.00    0.00    0.00    0.00    0.00    0.00    0.00  100.00
18:52:37      16    0.00    0.00    1.02    0.00    0.00    0.00    0.00    0.00   98.98
18:52:37      17    0.00    0.00    0.00    0.00    0.00    0.00    0.00    0.00  100.00
18:52:37      18    0.00    0.00    0.00    0.00    0.00    0.00    0.00    0.00  100.00
18:52:37      19    0.00    0.00    0.00    0.00    0.00    0.00    0.00    0.00  100.00
18:52:37      20    0.00    0.00    0.00    0.00    0.00    0.00    0.00    0.00  100.00
18:52:37      21    0.00    0.00    0.00    0.00    0.00    0.00    0.00    0.00  100.00
18:52:37      22    0.00    0.00    0.00    0.00    0.00    0.00    0.00    0.00  100.00
18:52:37      23    0.00    0.00    0.00    0.00    0.00    0.00    0.00    0.00  100.00
18:52:37      24    0.00    0.00    0.00    0.00    0.00    0.00    0.00    0.00  100.00
18:52:37      25    0.00    0.00    0.00    0.00    0.00    0.00    0.00    0.00  100.00
18:52:37      26  100.00    0.00    0.00    0.00    0.00    0.00    0.00    0.00    0.00
18:52:37      27    0.00    0.00    0.00    0.00    0.00    0.00    0.00    0.00  100.00
18:52:37      28    0.00    0.00    0.00    0.00    0.00    0.00    0.00    0.00  100.00
18:52:37      29    0.00    0.00    0.00    0.00    0.00    0.00    0.00    0.00  100.00
18:52:37      30    0.00    0.00    0.00    0.00    0.00    0.00    0.00    0.00  100.00
18:52:37      31    0.00    0.00    0.00    0.00    0.00    0.00    0.00    0.00  100.00

18:52:37     CPU    %usr   %nice    %sys %iowait    %irq   %soft  %steal  %guest   %idle
18:52:38     all    3.13    0.00    0.06    0.00    0.00    0.00    0.00    0.00   96.81
18:52:38       0    0.00    0.00    1.02    0.00    0.00    0.00    0.00    0.00   98.98
18:52:38       1    0.00    0.00    0.00    0.00    0.00    0.00    0.00    0.00  100.00
18:52:38       2    0.00    0.00    0.00    0.00    0.00    0.00    0.00    0.00  100.00
18:52:38       3    0.00    0.00    0.00    0.00    0.00    0.00    0.00    0.00  100.00
18:52:38       4    0.00    0.00    0.00    0.00    0.00    0.00    0.00    0.00  100.00
18:52:38       5    0.00    0.00    0.00    0.00    0.00    0.00    0.00    0.00  100.00
18:52:38       6    0.00    0.00    0.00    0.00    0.00    0.00    0.00    0.00  100.00
18:52:38       7    0.00    0.00    0.00    0.00    0.00    0.00    0.00    0.00  100.00
18:52:38       8    0.00    0.00    0.00    0.00    0.00    0.00    0.00    0.00  100.00
18:52:38       9    0.00    0.00    0.00    0.00    0.00    0.00    0.00    0.00  100.00
18:52:38      10    0.00    0.00    0.00    0.00    0.00    0.00    0.00    0.00  100.00
18:52:38      11    0.00    0.00    0.00    0.00    0.00    0.00    0.00    0.00  100.00
18:52:38      12    0.00    0.00    0.00    0.00    0.00    0.00    0.00    0.00  100.00
18:52:38      13    0.00    0.00    0.00    0.00    0.00    0.00    0.00    0.00  100.00
18:52:38      14    0.00    0.00    0.00    0.00    0.00    0.00    0.00    0.00  100.00
18:52:38      15    0.00    0.00    0.00    0.00    0.00    0.00    0.00    0.00  100.00
18:52:38      16    0.00    0.00    1.04    0.00    0.00    0.00    0.00    0.00   98.96
18:52:38      17    0.00    0.00    0.00    0.00    0.00    0.00    0.00    0.00  100.00
18:52:38      18    0.00    0.00    0.00    0.00    0.00    0.00    0.00    0.00  100.00
18:52:38      19    0.00    0.00    0.00    0.00    0.00    0.00    0.00    0.00  100.00
18:52:38      20    0.00    0.00    0.00    0.00    0.00    0.00    0.00    0.00  100.00
18:52:38      21    0.00    0.00    0.00    0.00    0.00    0.00    0.00    0.00  100.00
18:52:38      22    0.00    0.00    0.00    0.00    0.00    0.00    0.00    0.00  100.00
18:52:38      23    0.00    0.00    0.00    0.00    0.00    0.00    0.00    0.00  100.00
18:52:38      24    0.00    0.00    0.00    0.00    0.00    0.00    0.00    0.00  100.00
18:52:38      25    0.00    0.00    0.00    0.00    0.00    0.00    0.00    0.00  100.00
18:52:38      26  100.00    0.00    0.00    0.00    0.00    0.00    0.00    0.00    0.00
18:52:38      27    0.00    0.00    0.00    0.00    0.00    0.00    0.00    0.00  100.00
18:52:38      28    0.00    0.00    0.00    0.00    0.00    0.00    0.00    0.00  100.00
18:52:38      29    0.00    0.00    0.00    0.00    0.00    0.00    0.00    0.00  100.00
18:52:38      30    0.00    0.00    0.00    0.00    0.00    0.00    0.00    0.00  100.00
18:52:38      31    0.00    0.00    0.00    0.00    0.00    0.00    0.00    0.00  100.00

18:52:38     CPU    %usr   %nice    %sys %iowait    %irq   %soft  %steal  %guest   %idle
18:52:39     all    3.16    0.00    0.06    0.00    0.00    0.00    0.00    0.00   96.77
18:52:39       0    0.00    0.00    0.00    0.00    0.00    0.00    0.00    0.00  100.00
18:52:39       1    0.00    0.00    0.00    0.00    0.00    0.00    0.00    0.00  100.00
18:52:39       2    0.00    0.00    0.00    0.00    0.00    0.00    0.00    0.00  100.00
18:52:39       3    0.00    0.00    0.00    0.00    0.00    0.00    0.00    0.00  100.00
18:52:39       4    0.00    0.00    0.00    0.00    0.00    0.00    0.00    0.00  100.00
18:52:39       5    0.00    0.00    0.00    0.00    0.00    0.00    0.00    0.00  100.00
18:52:39       6    0.00    0.00    0.00    0.00    0.00    0.00    0.00    0.00  100.00
18:52:39       7    0.99    0.00    0.99    0.00    0.00    0.00    0.00    0.00   98.02
18:52:39       8    0.00    0.00    0.00    0.00    0.00    0.00    0.00    0.00  100.00
18:52:39       9    0.00    0.00    0.00    0.00    0.00    0.00    0.00    0.00  100.00
18:52:39      10    0.00    0.00    0.00    0.00    0.00    0.00    0.00    0.00  100.00
18:52:39      11    0.00    0.00    0.00    0.00    0.00    0.00    0.00    0.00  100.00
18:52:39      12    0.00    0.00    0.00    0.00    0.00    0.00    0.00    0.00  100.00
18:52:39      13    0.00    0.00    0.00    0.00    0.00    0.00    0.00    0.00  100.00
18:52:39      14    0.00    0.00    0.00    0.00    0.00    0.00    0.00    0.00  100.00
18:52:39      15    0.00    0.00    0.00    0.00    0.00    0.00    0.00    0.00  100.00
18:52:39      16    0.00    0.00    1.02    0.00    0.00    0.00    0.00    0.00   98.98
18:52:39      17    0.00    0.00    0.00    0.00    0.00    0.00    0.00    0.00  100.00
18:52:39      18    0.00    0.00    0.00    0.00    0.00    0.00    0.00    0.00  100.00
18:52:39      19    0.00    0.00    0.00    0.00    0.00    0.00    0.00    0.00  100.00
18:52:39      20    0.00    0.00    0.00    0.00    0.00    0.00    0.00    0.00  100.00
18:52:39      21    0.00    0.00    0.00    0.00    0.00    0.00    0.00    0.00  100.00
18:52:39      22    0.00    0.00    0.00    0.00    0.00    0.00    0.00    0.00  100.00
18:52:39      23    0.00    0.00    0.00    0.00    0.00    0.00    0.00    0.00  100.00
18:52:39      24    0.00    0.00    0.00    0.00    0.00    0.00    0.00    0.00  100.00
18:52:39      25    0.00    0.00    0.00    0.00    0.00    0.00    0.00    0.00  100.00
18:52:39      26  100.00    0.00    0.00    0.00    0.00    0.00    0.00    0.00    0.00
18:52:39      27    0.00    0.00    0.00    0.00    0.00    0.00    0.00    0.00  100.00
18:52:39      28    0.00    0.00    0.00    0.00    0.00    0.00    0.00    0.00  100.00
18:52:39      29    0.00    0.00    0.00    0.00    0.00    0.00    0.00    0.00  100.00
18:52:39      30    0.00    0.00    0.00    0.00    0.00    0.00    0.00    0.00  100.00
18:52:39      31    0.00    0.00    0.00    0.00    0.00    0.00    0.00    0.00  100.00

18:52:39     CPU    %usr   %nice    %sys %iowait    %irq   %soft  %steal  %guest   %idle
18:52:40     all    3.13    0.00    0.06    0.00    0.00    0.00    0.00    0.00   96.81
18:52:40       0    1.01    0.00    1.01    0.00    0.00    0.00    0.00    0.00   97.98
18:52:40       1    0.00    0.00    1.00    0.00    0.00    0.00    0.00    0.00   99.00
18:52:40       2    0.00    0.00    0.00    0.00    0.00    0.00    0.00    0.00  100.00
18:52:40       3    0.00    0.00    0.00    0.00    0.00    0.00    0.00    0.00  100.00
18:52:40       4    0.00    0.00    0.00    0.00    0.00    0.00    0.00    0.00  100.00
18:52:40       5    0.00    0.00    0.00    0.00    0.00    0.00    0.00    0.00  100.00
18:52:40       6    0.00    0.00    0.00    0.00    0.00    0.00    0.00    0.00  100.00
18:52:40       7    0.00    0.00    0.00    0.00    0.00    0.00    0.00    0.00  100.00
18:52:40       8    0.00    0.00    0.00    0.00    0.00    0.00    0.00    0.00  100.00
18:52:40       9    0.00    0.00    0.00    0.00    0.00    0.00    0.00    0.00  100.00
18:52:40      10    0.00    0.00    0.00    0.00    0.00    0.00    0.00    0.00  100.00
18:52:40      11    0.00    0.00    0.00    0.00    0.00    0.00    0.00    0.00  100.00
18:52:40      12    0.00    0.00    0.00    0.00    0.00    0.00    0.00    0.00  100.00
18:52:40      13    0.00    0.00    0.00    0.00    0.00    0.00    0.00    0.00  100.00
18:52:40      14    0.00    0.00    0.00    0.00    0.00    0.00    0.00    0.00  100.00
18:52:40      15    0.00    0.00    0.00    0.00    0.00    0.00    0.00    0.00  100.00
18:52:40      16    0.00    0.00    1.02    0.00    0.00    0.00    0.00    0.00   98.98
18:52:40      17    0.00    0.00    0.00    0.00    0.00    0.00    0.00    0.00  100.00
18:52:40      18    0.00    0.00    0.00    0.00    0.00    0.00    0.00    0.00  100.00
18:52:40      19    0.00    0.00    0.00    0.00    0.00    0.00    0.00    0.00  100.00
18:52:40      20    0.00    0.00    0.00    0.00    0.00    0.00    0.00    0.00  100.00
18:52:40      21    0.00    0.00    0.00    0.00    0.00    0.00    0.00    0.00  100.00
18:52:40      22    0.00    0.00    0.00    0.00    0.00    0.00    0.00    0.00  100.00
18:52:40      23    0.00    0.00    0.00    0.00    0.00    0.00    0.00    0.00  100.00
18:52:40      24    0.00    0.00    0.00    0.00    0.00    0.00    0.00    0.00  100.00
18:52:40      25    0.00    0.00    0.00    0.00    0.00    0.00    0.00    0.00  100.00
18:52:40      26  100.00    0.00    0.00    0.00    0.00    0.00    0.00    0.00    0.00
18:52:40      27    0.00    0.00    0.00    0.00    0.00    0.00    0.00    0.00  100.00
18:52:40      28    0.00    0.00    0.00    0.00    0.00    0.00    0.00    0.00  100.00
18:52:40      29    0.00    0.00    0.00    0.00    0.00    0.00    0.00    0.00  100.00
18:52:40      30    0.00    0.00    0.00    0.00    0.00    0.00    0.00    0.00  100.00
18:52:40      31    0.00    0.00    0.00    0.00    0.00    0.00    0.00    0.00  100.00

18:52:40     CPU    %usr   %nice    %sys %iowait    %irq   %soft  %steal  %guest   %idle
18:52:41     all    3.13    0.00    0.03    0.06    0.00    0.00    0.00    0.00   96.78
18:52:41       0    0.00    0.00    0.00    0.00    0.00    0.00    0.00    0.00  100.00
18:52:41       1    0.00    0.00    1.00    0.00    0.00    0.00    0.00    0.00   99.00
18:52:41       2    0.00    0.00    0.00    0.00    0.00    0.00    0.00    0.00  100.00
18:52:41       3    0.00    0.00    0.00    0.00    0.00    0.00    0.00    0.00  100.00
18:52:41       4    0.00    0.00    0.00    0.00    0.00    0.00    0.00    0.00  100.00
18:52:41       5    0.00    0.00    0.00    0.00    0.00    0.00    0.00    0.00  100.00
18:52:41       6    0.00    0.00    0.00    0.00    0.00    0.00    0.00    0.00  100.00
18:52:41       7    0.00    0.00    0.00    0.00    0.00    0.00    0.00    0.00  100.00
18:52:41       8    0.00    0.00    0.00    0.00    0.00    0.00    0.00    0.00  100.00
18:52:41       9    0.00    0.00    0.00    0.00    0.00    0.00    0.00    0.00  100.00
18:52:41      10    0.00    0.00    0.00    0.00    0.00    0.00    0.00    0.00  100.00
18:52:41      11    0.00    0.00    0.00    0.00    0.00    0.00    0.00    0.00  100.00
18:52:41      12    0.00    0.00    0.00    2.00    0.00    0.00    0.00    0.00   98.00
18:52:41      13    0.00    0.00    0.00    0.00    0.00    0.00    0.00    0.00  100.00
18:52:41      14    0.00    0.00    0.00    0.00    0.00    0.00    0.00    0.00  100.00
18:52:41      15    0.00    0.00    0.00    0.00    0.00    0.00    0.00    0.00  100.00
18:52:41      16    0.00    0.00    0.00    0.00    0.00    0.00    0.00    0.00  100.00
18:52:41      17    0.00    0.00    0.00    0.00    0.00    0.00    0.00    0.00  100.00
18:52:41      18    0.00    0.00    0.00    0.00    0.00    0.00    0.00    0.00  100.00
18:52:41      19    0.00    0.00    0.00    0.00    0.00    0.00    0.00    0.00  100.00
18:52:41      20    0.00    0.00    0.00    0.00    0.00    0.00    0.00    0.00  100.00
18:52:41      21    0.00    0.00    0.00    0.00    0.00    0.00    0.00    0.00  100.00
18:52:41      22    0.00    0.00    0.00    0.00    0.00    0.00    0.00    0.00  100.00
18:52:41      23    0.00    0.00    0.00    0.00    0.00    0.00    0.00    0.00  100.00
18:52:41      24    0.00    0.00    0.00    0.00    0.00    0.00    0.00    0.00  100.00
18:52:41      25    0.00    0.00    0.00    0.00    0.00    0.00    0.00    0.00  100.00
18:52:41      26  100.00    0.00    0.00    0.00    0.00    0.00    0.00    0.00    0.00
18:52:41      27    0.00    0.00    0.00    0.00    0.00    0.00    0.00    0.00  100.00
18:52:41      28    0.00    0.00    0.00    0.00    0.00    0.00    0.00    0.00  100.00
18:52:41      29    0.00    0.00    0.00    0.00    0.00    0.00    0.00    0.00  100.00
18:52:41      30    0.00    0.00    0.00    0.00    0.00    0.00    0.00    0.00  100.00
18:52:41      31    0.00    0.00    0.00    0.00    0.00    0.00    0.00    0.00  100.00
