procs -----------memory---------- ---swap-- -----io---- --system-- -----cpu-----
 r  b   swpd   free   buff  cache   si   so    bi    bo   in   cs us sy id wa st
 2  0  12844 63803668 231632 637740    0    0     0     2    0    0 39  2 59  0  0	
 1  0  12844 63273912 231632 637748    0    0     0    20 3751 3715  3  0 96  1  0	
 3  0  12844 63205600 231632 637752    0    0     0     0 3831 4144  3  0 97  0  0	
 2  0  12844 63205608 231632 637756    0    0     0     0 3828 4103  3  0 97  0  0	
 1  0  12844 63205604 231632 637756    0    0     0     0 3580 3599  3  0 97  0  0	
 1  0  12844 63205604 231632 637760    0    0     0     0 3778 4015  3  0 97  0  0	
 1  0  12844 63205736 231632 637760    0    0     0     0 3348 3119  3  0 97  0  0	
 3  0  12844 63205820 231632 637768    0    0     0     0 3475 3380  3  0 97  0  0	
 1  0  12844 63205936 231632 637768    0    0     0     0 3513 3496  3  0 97  0  0	
 2  0  12844 63206036 231632 637772    0    0     0     0 3425 3283  3  0 97  0  0	
 2  0  12844 63206192 231632 637772    0    0     0    20 3414 3292  3  0 96  1  0	
 1  0  12844 63206204 231632 637780    0    0     0     8 3521 3506  3  0 97  0  0	
 1  0  12844 63206312 231632 637784    0    0     0     0 3583 3642  3  0 97  0  0	
 1  0  12844 63206464 231632 637784    0    0     0     0 3375 3209  3  0 97  0  0	
 1  0  12844 63206464 231632 637788    0    0     0     0 3281 2886  3  0 97  0  0	
 3  0  12844 63206464 231632 637792    0    0     0     0 3199 2760  3  0 97  0  0	
 1  0  12844 63206472 231632 637796    0    0     0     0 3318 2983  3  0 97  0  0	
 2  0  12844 63206472 231632 637796    0    0     0     0 3293 2918  3  0 97  0  0	
 1  0  12844 63206472 231632 637800    0    0     0     0 3206 2767  3  0 97  0  0	
 1  0  12844 63206464 231632 637808    0    0     0     0 3215 2772  3  0 97  0  0	
 3  0  12844 63206464 231632 637812    0    0     0     0 3241 2825  3  0 97  0  0	
procs -----------memory---------- ---swap-- -----io---- --system-- -----cpu-----
 r  b   swpd   free   buff  cache   si   so    bi    bo   in   cs us sy id wa st
 1  0  12844 63206464 231632 637812    0    0     0     0 3311 2982  3  0 97  0  0	
 1  0  12844 63206464 231632 637816    0    0     0     0 3236 2827  3  0 97  0  0	
 1  0  12844 63206464 231632 637820    0    0     0     0 3219 2776  3  0 97  0  0	
 1  0  12844 63206464 231632 637824    0    0     0     0 3233 2804  3  0 97  0  0	
 1  0  12844 63206464 231632 637824    0    0     0     0 3314 2984  3  0 97  0  0	
 1  0  12844 63206472 231632 637828    0    0     0     0 3467 3278  3  0 97  0  0	
 1  0  12844 63206472 231632 637832    0    0     0     0 3245 2861  3  0 97  0  0	
 2  0  12844 63206464 231632 637832    0    0     0     0 3257 2859  3  0 97  0  0	
 1  0  12844 63206456 231632 637836    0    0     0     0 3286 2883  3  0 97  0  0	
 1  0  12844 63206588 231632 637840    0    0     0     0 3282 2891  3  0 97  0  0	
 1  0  12844 63206588 231632 637844    0    0     0     0 3350 3025  3  0 97  0  0	
 2  0  12844 63206588 231632 637844    0    0     0    16 3082 2528  3  0 96  1  0	
 1  0  12844 63206588 231632 637848    0    0     0     0 3064 2470  3  0 97  0  0	
 1  0  12844 63206580 231632 637852    0    0     0     0 3034 2441  3  0 97  0  0	
 1  0  12844 63206580 231632 637856    0    0     0     0 3014 2390  3  0 97  0  0	
 1  0  12844 63206580 231632 637856    0    0     0     0 3024 2414  3  0 97  0  0	
 1  0  12844 63206580 231632 637860    0    0     0     0 3013 2397  3  0 97  0  0	
 1  0  12844 63206588 231632 637864    0    0     0     0 3034 2423  3  0 97  0  0	
 1  0  12844 63206580 231632 637872    0    0     0     0 3036 2416  3  0 97  0  0	
 2  0  12844 63206572 231632 637872    0    0     0     0 3032 2436  3  0 97  0  0	
 1  0  12844 63206572 231632 637876    0    0     0     0 3014 2402  3  0 97  0  0	
procs -----------memory---------- ---swap-- -----io---- --system-- -----cpu-----
 r  b   swpd   free   buff  cache   si   so    bi    bo   in   cs us sy id wa st
 2  0  12844 63206572 231632 637880    0    0     0     0 3026 2423  3  0 97  0  0	
 1  0  12844 63206572 231632 637884    0    0     0     0 3009 2391  3  0 97  0  0	
 2  0  12844 63206572 231632 637888    0    0     0     0 3039 2435  3  0 97  0  0	
 1  0  12844 63206580 231632 637892    0    0     0     0 3033 2452  3  0 97  0  0	
 1  0  12844 63206588 231632 637896    0    0     0     0 3019 2424  3  0 97  0  0	
 1  0  12844 63206588 231632 637900    0    0     0     0 3015 2395  3  0 97  0  0	
 1  0  12844 63206712 231632 637900    0    0     0    16 3021 2435  3  0 96  1  0	
 2  0  12844 63206696 231632 637904    0    0     0     0 3034 2398  3  0 97  0  0	
 1  0  12844 63206712 231632 637908    0    0     0     0 3372 3078  3  0 97  0  0	
 1  0  12844 63206712 231632 637908    0    0     0     0 3335 3020  3  0 97  0  0	
 2  0  12844 63206712 231632 637912    0    0     0     0 3301 2895  3  0 97  0  0	
 2  0  12844 63206712 231632 637916    0    0     0     0 3370 3099  3  0 97  0  0	
 2  0  12844 63206712 231632 637920    0    0     0     0 3371 3054  3  0 97  0  0	
 1  0  12844 63206712 231632 637920    0    0     0     0 3197 2758  3  0 97  0  0	
 1  0  12844 63206712 231632 637924    0    0     0     0 3245 2841  3  0 97  0  0	
 2  0  12844 63206712 231632 637928    0    0     0     0 3257 2883  3  0 97  0  0	
 1  0  12844 63206720 231632 637932    0    0     0     0 3175 2736  3  0 97  0  0	
 1  0  12844 63206712 231632 637936    0    0     0     0 3047 2405  3  0 97  0  0	
 1  0  12844 63206712 231632 637940    0    0     0     0 3023 2409  3  0 97  0  0	
 1  0  12844 63206588 231632 637944    0    0     0     0 3006 2390  3  0 97  0  0	
 1  0  12844 63206588 231632 637948    0    0     0    16 3037 2434  3  0 96  1  0	
procs -----------memory---------- ---swap-- -----io---- --system-- -----cpu-----
 r  b   swpd   free   buff  cache   si   so    bi    bo   in   cs us sy id wa st
 3  0  12844 63206592 231632 637948    0    0     0     0 3009 2400  3  0 97  0  0	
 1  0  12844 63206588 231632 637952    0    0     0     0 3039 2439  3  0 97  0  0	
 1  0  12844 63206596 231632 637956    0    0     0     0 3005 2388  3  0 97  0  0	
 2  0  12844 63206596 231632 637960    0    0     0    12 3035 2433  3  0 97  0  0	
 1  0  12844 63206596 231632 637960    0    0     0     0 3004 2379  3  0 97  0  0	
 1  0  12844 63206596 231632 637964    0    0     0     0 3047 2439  3  0 97  0  0	
 2  0  12844 63206456 231632 637968    0    0     0     0 3079 2464  3  0 97  0  0	
 1  0  12844 63206464 231632 637972    0    0     0     0 3141 2649  3  0 97  0  0	
 1  0  12844 63206464 231632 637972    0    0     0     0 3280 2900  3  0 97  0  0	
 2  0  12844 63206464 231632 637976    0    0     0     0 3336 3012  3  0 97  0  0	
 2  0  12844 63206464 231632 637980    0    0     0     0 3232 2838  3  0 97  0  0	
 1  0  12844 63206464 231632 637980    0    0     0    12 3202 2717  3  0 96  1  0	
 2  0  12844 63206464 231632 637984    0    0     0     0 3249 2829  3  0 97  0  0	
 1  0  12844 63206464 231632 637988    0    0     0     0 3177 2713  3  0 97  0  0	
 1  0  12844 63206464 231632 637996    0    0     0     0 3198 2763  3  0 97  0  0	
 1  0  12844 63206472 231632 637996    0    0     0     0 3218 2803  3  0 97  0  0	
 1  0  12844 63206340 231632 638000    0    0     0     0 3378 3072  3  0 97  0  0	
 1  0  12844 63206340 231632 638004    0    0     0     0 3325 2970  3  0 97  0  0	
 1  0  12844 63206348 231632 638008    0    0     0     0 3343 3032  3  0 97  0  0	
 2  0  12844 63206348 231632 638008    0    0     0     0 3271 2913  3  0 97  0  0	
 1  0  12844 63206348 231632 638012    0    0     0     0 3227 2787  3  0 97  0  0	
procs -----------memory---------- ---swap-- -----io---- --system-- -----cpu-----
 r  b   swpd   free   buff  cache   si   so    bi    bo   in   cs us sy id wa st
 2  0  12844 63206348 231632 638016    0    0     0     0 3167 2694  3  0 97  0  0	
 1  0  12844 63206348 231632 638020    0    0     0    20 3020 2405  3  0 96  1  0	
 1  0  12844 63206356 231632 638020    0    0     0     0 3032 2419  3  0 97  0  0	
 1  0  12844 63206356 231632 638024    0    0     0     0 3011 2405  3  0 97  0  0	
 1  0  12844 63206356 231632 638032    0    0     0     0 3026 2419  3  0 97  0  0	
 2  0  12844 63206340 231632 638036    0    0     0     0 3035 2403  3  0 97  0  0	
 1  0  12844 63206348 231632 638036    0    0     0     0 3044 2446  3  0 97  0  0	
 1  0  12844 63206348 231632 638040    0    0     0     0 3021 2383  3  0 97  0  0	
 1  0  12844 63206348 231632 638044    0    0     0     0 3025 2429  3  0 97  0  0	
 1  0  12844 63206340 231632 638048    0    0     0     0 3063 2487  3  0 97  0  0	
 3  0  12844 63206208 231632 638048    0    0     0     0 3037 2423  3  0 97  0  0	
 1  0  12844 63206216 231632 638052    0    0     0     0 3009 2394  3  0 97  0  0	
 1  0  12844 63206224 231632 638056    0    0     0     0 3021 2415  3  0 97  0  0	
 1  0  12844 63206224 231632 638060    0    0     0     0 3031 2401  3  0 97  0  0	
 1  0  12844 63206224 231632 638064    0    0     0     0 3229 2745  3  0 97  0  0	
 4  0  12844 63206208 231632 638068    0    0     0     0 3280 2883  3  0 97  0  0	
 1  0  12844 63206208 231632 638072    0    0     0     0 3333 2991  3  0 97  0  0	
 1  0  12844 63206208 231632 638072    0    0     0     0 3158 2687  3  0 97  0  0	
 1  0  12844 63206208 231632 638076    0    0     0     0 3182 2718  3  0 97  0  0	
 1  0  12844 63206208 231632 638080    0    0     0     0 3221 2809  3  0 97  0  0	
 2  0  12844 63206208 231632 638084    0    0     0     0 3226 2772  3  0 97  0  0	
procs -----------memory---------- ---swap-- -----io---- --system-- -----cpu-----
 r  b   swpd   free   buff  cache   si   so    bi    bo   in   cs us sy id wa st
 2  0  12844 63206208 231632 638084    0    0     0     0 3269 2906  3  0 97  0  0	
 1  0  12844 63206340 231632 638088    0    0     0    12 3212 2784  3  0 97  0  0	
 1  0  12844 63206340 231632 638092    0    0     0     0 3239 2762  3  0 97  0  0	
 1  0  12844 63206340 231632 638096    0    0     0     0 3098 2546  3  0 97  0  0	
 3  0  12844 63206340 231632 638096    0    0     0     0 3021 2394  3  0 97  0  0	
 1  0  12844 63206348 231632 638100    0    0     0     0 3025 2419  3  0 97  0  0	
 1  0  12844 63206224 231632 638104    0    0     0     0 3006 2392  3  0 97  0  0	
 1  0  12844 63206224 231632 638108    0    0     0     0 3019 2421  3  0 97  0  0	
 1  0  12844 63206224 231632 638108    0    0     0     0 3129 2620  3  0 97  0  0	
 2  0  12844 63206224 231632 638112    0    0     0     0 3193 2734  3  0 97  0  0	
 2  0  12844 63206224 231632 638120    0    0     0     0 3261 2876  3  0 97  0  0	
 1  0  12844 63206224 231632 638124    0    0     0     0 3311 2970  3  0 97  0  0	
 1  0  12844 63206224 231632 638124    0    0     0     0 3291 2950  3  0 97  0  0	
 1  0  12844 63206356 231632 638128    0    0     0     0 3254 2864  3  0 97  0  0	
 2  0  12844 63206356 231632 638132    0    0     0     0 3053 2427  3  0 97  0  0	
 1  0  12844 63206348 231632 638132    0    0     0     0 3327 2946  3  0 97  0  0	
 1  0  12844 63206348 231632 638136    0    0     0     0 3220 2809  3  0 97  0  0	
 1  0  12844 63206348 231632 638140    0    0     0     0 3203 2776  3  0 97  0  0	
 1  0  12844 63206224 231632 638144    0    0     0     0 3382 3103  3  0 97  0  0	
 1  0  12844 63206216 231632 638144    0    0     0     0 3313 2971  3  0 97  0  0	
 2  0  12844 63206216 231632 638148    0    0     0     0 3206 2763  3  0 97  0  0	
procs -----------memory---------- ---swap-- -----io---- --system-- -----cpu-----
 r  b   swpd   free   buff  cache   si   so    bi    bo   in   cs us sy id wa st
 1  0  12844 63206224 231632 638152    0    0     0     0 3172 2717  3  0 97  0  0	
 1  0  12844 63206224 231632 638156    0    0     0     0 3311 2982  3  0 97  0  0	
 1  0  12844 63206224 231632 638156    0    0     0    16 3134 2617  3  0 96  1  0	
 1  0  12844 63206464 231632 638160    0    0     0     0 3099 2506  3  0 97  0  0	
 1  0  12844 63206472 231632 638164    0    0     0     0 3213 2791  3  0 97  0  0	
 1  0  12844 63206472 231632 638168    0    0     0     0 3141 2633  3  0 97  0  0	
 1  0  12844 63206472 231632 638168    0    0     0     0 3098 2562  3  0 97  0  0	
 3  0  12844 63206480 231632 638172    0    0     0     0 3097 2567  3  0 97  0  0	
 1  0  12844 63206480 231632 638180    0    0     0    12 3078 2482  3  0 96  1  0	
 1  0  12844 63206604 231632 638188    0    0     0     0 3007 2385  3  0 97  0  0	
 2  0  12844 63206596 231632 638188    0    0     0     0 3283 2908  3  0 97  0  0	
 1  0  12844 63206604 231632 638192    0    0     0     0 3171 2704  3  0 97  0  0	
 1  0  12844 63206628 231632 638196    0    0     0     0 3129 2630  3  0 97  0  0	
 1  0  12844 63206620 231632 638200    0    0     0     0 3201 2726  3  0 97  0  0	
 2  0  12844 63206620 231632 638200    0    0     0     0 3151 2657  3  0 97  0  0	
 1  0  12844 63206744 231632 638204    0    0     0     0 3217 2796  3  0 97  0  0	
 1  0  12844 63206744 231632 638208    0    0     0     0 3420 3198  3  0 97  0  0	
 1  0  12844 63206744 231632 638208    0    0     0     0 3257 2829  3  0 97  0  0	
 1  0  12844 63206752 231632 638212    0    0     0     0 3275 2884  3  0 97  0  0	
 1  0  12844 63206876 231632 638216    0    0     0     0 3259 2871  3  0 97  0  0	
 2  0  12844 63206876 231632 638220    0    0     0     0 3198 2736  3  0 97  0  0	
procs -----------memory---------- ---swap-- -----io---- --system-- -----cpu-----
 r  b   swpd   free   buff  cache   si   so    bi    bo   in   cs us sy id wa st
 1  0  12844 63207000 231632 638220    0    0     0     0 3178 2717  3  0 97  0  0	
 1  0  12844 63207000 231632 638224    0    0     0     0 3232 2822  3  0 97  0  0	
 1  0  12844 63206984 231632 638228    0    0     0     0 3109 2550  3  0 97  0  0	
 2  0  12844 63206992 231632 638232    0    0     0     0 3023 2395  3  0 97  0  0	
 1  0  12844 63206992 231632 638232    0    0     0     0 3199 2757  3  0 97  0  0	
 2  0  12844 63206992 231632 638236    0    0     0     0 3219 2776  3  0 97  0  0	
 1  0  12844 63206992 231632 638240    0    0     0     0 3295 2911  3  0 97  0  0	
 1  0  12844 63206984 231632 638244    0    0     0     0 3289 2938  3  0 97  0  0	
 1  0  12844 63206988 231632 638248    0    0     0     0 3149 2642  3  0 97  0  0	
 1  0  12844 63206988 231632 638252    0    0     0     0 3114 2609  3  0 97  0  0	
 4  0  12844 63206988 231632 638256    0    0     0     0 3142 2639  3  0 97  0  0	
 1  0  12844 63207120 231632 638260    0    0     0     0 3230 2779  3  0 97  0  0	
 1  0  12844 63207236 231632 638260    0    0     0     0 3258 2832  3  0 97  0  0	
 1  0  12844 63207228 231632 638264    0    0     0     0 3214 2785  3  0 97  0  0	
 1  0  12844 63207228 231632 638268    0    0     0     8 3096 2565  3  0 97  0  0	
 2  0  12844 63207104 231632 638272    0    0     0     0 3203 2758  3  0 97  0  0	
 1  0  12844 63207104 231632 638272    0    0     0     0 3185 2736  3  0 97  0  0	
 1  0  12844 63207104 231632 638276    0    0     0     0 3112 2557  3  0 97  0  0	
 2  0  12844 63207216 231632 638280    0    0     0     0 3277 2943  3  0 97  0  0	
 1  0  12844 63207224 231632 638280    0    0     0     0 3142 2633  3  0 97  0  0	
 2  0  12844 63207224 231632 638284    0    0     0     0 3257 2859  3  0 97  0  0	
procs -----------memory---------- ---swap-- -----io---- --system-- -----cpu-----
 r  b   swpd   free   buff  cache   si   so    bi    bo   in   cs us sy id wa st
 2  0  12844 63207224 231632 638288    0    0     0     0 3242 2856  3  0 97  0  0	
 3  0  12844 63207224 231632 638292    0    0     0    16 3241 2797  3  0 96  1  0	
 1  0  12844 63207232 231632 638292    0    0     0     0 3151 2668  3  0 97  0  0	
 1  0  12844 63207232 231632 638296    0    0     0     0 3166 2683  3  0 97  0  0	
 1  0  12844 63207232 231632 638300    0    0     0     0 3204 2792  3  0 97  0  0	
 1  0  12844 63207108 231632 638308    0    0     0     0 3213 2789  3  0 97  0  0	
 1  0  12844 63207232 231632 638308    0    0     0     0 3114 2583  3  0 97  0  0	
 1  0  12844 63207232 231632 638312    0    0     0     0 3159 2683  3  0 97  0  0	
 2  0  12844 63207240 231632 638316    0    0     0     0 3167 2693  3  0 97  0  0	
 2  0  12844 63207240 231632 638320    0    0     0     0 3151 2670  3  0 97  0  0	
 2  0  12844 63207240 231632 638324    0    0     0     0 3142 2661  3  0 97  0  0	
 1  0  12844 63207232 231632 638328    0    0     0     0 3248 2789  3  0 97  0  0	
 1  0  12844 63207232 231632 638332    0    0     0     0 3216 2768  3  0 97  0  0	
 1  0  12844 63207232 231632 638336    0    0     0     0 3337 3035  3  0 97  0  0	
 1  0  12844 63207232 231632 638336    0    0     0     0 3268 2886  3  0 97  0  0	
 4  0  12844 63207232 231632 638340    0    0     0     0 3194 2747  3  0 97  0  0	
 1  0  12844 63207224 231632 638344    0    0     0     0 3259 2843  3  0 97  0  0	
 1  0  12844 63207224 231632 638344    0    0     0     0 3152 2669  3  0 97  0  0	
 1  0  12844 63207232 231632 638348    0    0     0     0 3028 2428  3  0 97  0  0	
 1  0  12844 63207232 231632 638352    0    0     0     0 3002 2385  3  0 97  0  0	
 3  0  12844 63207224 231632 638356    0    0     0     0 3082 2449  3  0 97  0  0	
procs -----------memory---------- ---swap-- -----io---- --system-- -----cpu-----
 r  b   swpd   free   buff  cache   si   so    bi    bo   in   cs us sy id wa st
 1  0  12844 63206472 231632 638356    0    0     0     0 3093 2491  3  0 97  0  0	
 2  0  12844 63206224 231632 638360    0    0     0     0 3062 2447  3  0 97  0  0	
 1  0  12844 63206232 231632 638364    0    0     0     0 3007 2390  3  0 97  0  0	
 1  0  12844 63206232 231632 638368    0    0     0     0 3019 2418  3  0 97  0  0	
 1  0  12844 63206108 231632 638372    0    0     0     0 3005 2391  3  0 97  0  0	
 1  0  12844 63206108 231632 638376    0    0     0    12 3046 2437  3  0 96  1  0	
 3  0  12844 63205984 231632 638380    0    0     0     0 2995 2360  3  0 97  0  0	
 1  0  12844 63205984 231632 638384    0    0     0     0 3019 2411  3  0 97  0  0	
 3  0  12844 63205984 231632 638384    0    0     0     0 3008 2398  3  0 97  0  0	
 2  0  12844 63205992 231632 638388    0    0     0     0 3034 2427  3  0 97  0  0	
 1  0  12844 63205992 231632 638392    0    0     0     0 3027 2394  3  0 97  0  0	
 1  0  12844 63205984 231632 638396    0    0     0     8 3198 2739  3  0 97  0  0	
 1  0  12844 63205984 231632 638396    0    0     0     0 3239 2847  3  0 97  0  0	
 2  0  12844 63205984 231632 638400    0    0     0     0 3264 2895  3  0 97  0  0	
 1  0  12844 63205984 231632 638404    0    0     0     0 3218 2796  3  0 97  0  0	
 2  0  12844 63205976 231632 638408    0    0     0     0 3165 2695  3  0 97  0  0	
 1  0  12844 63205976 231632 638408    0    0     0     0 3245 2840  3  0 97  0  0	
 1  0  12844 63206116 231632 638412    0    0     0     0 3181 2717  3  0 97  0  0	
 1  0  12844 63206116 231632 638416    0    0     0     0 3009 2397  3  0 97  0  0	
 1  0  12844 63206116 231632 638416    0    0     0     0 3268 2877  3  0 97  0  0	
 3  0  12844 63206108 231632 638420    0    0     0    16 3211 2716  3  0 96  1  0	
procs -----------memory---------- ---swap-- -----io---- --system-- -----cpu-----
 r  b   swpd   free   buff  cache   si   so    bi    bo   in   cs us sy id wa st
 1  0  12844 63206108 231632 638424    0    0     0     0 3611 3671  3  0 97  0  0	
 4  0  12844 63206108 231632 638428    0    0     0     0 3388 3118  3  0 97  0  0	
 1  0  12844 63206108 231632 638428    0    0     0     0 3153 2666  3  0 97  0  0	
 1  0  12844 63206100 231632 638436    0    0     0     0 3367 3136  3  0 97  0  0	
 1  0  12844 63206092 231632 638440    0    0     0     0 3373 3176  3  0 97  0  0	
 1  0  12844 63206100 231632 638444    0    0     0     0 3438 3316  3  0 97  0  0	
 1  0  12844 63206100 231632 638444    0    0     0     0 3499 3438  3  0 97  0  0	
 1  0  12844 63206100 231632 638448    0    0     0     0 3610 3672  3  0 97  0  0	
 2  0  12844 63205984 231632 638452    0    0     0     0 3556 3528  3  0 97  0  0	
 2  0  12844 63205968 231632 638456    0    0     0     0 3631 3697  3  0 97  0  0	
 1  0  12844 63205968 231632 638456    0    0     0     0 3549 3549  3  0 97  0  0	
 1  0  12844 63205968 231632 638460    0    0     0     0 3430 3304  3  0 97  0  0	
 1  0  12844 63205968 231632 638464    0    0     0     0 3514 3451  3  0 97  0  0	
 4  0  12844 63205968 231632 638468    0    0     0     0 2935 2360  3  0 97  0  0	
 1  0  12844 63205976 231632 638472    0    0     0     0 3190 2720  3  0 97  0  0	
 1  0  12844 63205976 231632 638476    0    0     0     0 3247 2922  3  0 97  0  0	
 1  0  12844 63205860 231632 638480    0    0     0     0 3009 2414  3  0 97  0  0	
 1  0  12844 63205868 231632 638484    0    0     0     0 2995 2358  3  0 97  0  0	
 1  0  12844 63205868 231632 638484    0    0     0     0 3010 2398  3  0 97  0  0	
 1  0  12844 63205860 231632 638488    0    0     0     0 3014 2378  3  0 97  0  0	
 3  0  12844 63205864 231632 638492    0    0     0     0 3014 2405  3  0 97  0  0	
procs -----------memory---------- ---swap-- -----io---- --system-- -----cpu-----
 r  b   swpd   free   buff  cache   si   so    bi    bo   in   cs us sy id wa st
 1  0  12844 63205864 231632 638496    0    0     0     0 2990 2366  3  0 97  0  0	
 2  0  12844 63205864 231632 638500    0    0     0     0 3012 2400  3  0 97  0  0	
 1  0  12844 63205864 231632 638504    0    0     0     0 3022 2378  3  0 97  0  0	
 1  0  12844 63205864 231632 638508    0    0     0     0 3018 2407  3  0 97  0  0	
 1  0  12844 63205864 231632 638508    0    0     0     0 2996 2371  3  0 97  0  0	
 1  0  12844 63205864 231632 638512    0    0     0     0 3005 2400  3  0 97  0  0	
 1  0  12844 63205864 231632 638516    0    0     0     0 3022 2433  3  0 97  0  0	
 2  0  12844 63205872 231632 638520    0    0     0     0 3457 3387  3  0 97  0  0	
 3  0  12844 63205864 231632 638520    0    0     0     0 3751 3912  3  0 97  0  0	
 2  0  12844 63205864 231632 638524    0    0     0     4 3782 4006  3  0 97  0  0	
 1  0  12844 63205864 231632 638528    0    0     0     0 3747 3935  3  0 97  0  0	
 1  0  12844 63205864 231632 638532    0    0     0     0 3160 2670  3  0 97  0  0	
 1  0  12844 63205864 231632 638532    0    0     0     0 3489 3397  3  0 97  0  0	
 2  0  12844 63205848 231632 638536    0    0     0     0 3325 3045  3  0 97  0  0	
 1  0  12844 63205848 231632 638540    0    0     0     0 3574 3606  3  0 97  0  0	
 2  0  12844 63205864 231632 638544    0    0     0     0 3696 3839  3  0 97  0  0	
 1  0  12844 63205868 231632 638544    0    0     0     0 3422 3273  3  0 97  0  0	
 1  0  12844 63205868 231632 638548    0    0     0     0 3534 3491  3  0 97  0  0	
 1  0  12844 63205860 231632 638552    0    0     0    16 3264 2814  3  0 96  1  0	
 2  0  12844 63205860 231632 638556    0    0     0     0 3357 3207  3  0 97  0  0	
 2  0  12844 63205860 231632 638560    0    0     0     0 3486 3411  3  0 97  0  0	
procs -----------memory---------- ---swap-- -----io---- --system-- -----cpu-----
 r  b   swpd   free   buff  cache   si   so    bi    bo   in   cs us sy id wa st
 1  0  12844 63205860 231632 638564    0    0     0     0 3645 3735  3  0 97  0  0	
 4  0  12844 63205860 231632 638568    0    0     0     0 3698 3848  3  0 97  0  0	
 1  0  12844 63205860 231632 638568    0    0     0     0 3634 3679  3  0 97  0  0	
 4  0  12844 63205860 231632 638572    0    0     0    12 3404 3288  3  0 96  1  0	
 1  0  12844 63205868 231632 638576    0    0     0     0 3555 3565  3  0 97  0  0	
 1  0  12844 63205868 231632 638580    0    0     0     0 3001 2381  3  0 97  0  0	
 1  0  12844 63205868 231632 638580    0    0     0     0 3139 2637  3  0 97  0  0	
 1  0  12844 63205868 231632 638584    0    0     0     0 3032 2414  3  0 97  0  0	
 2  0  12844 63205744 231632 638588    0    0     0     0 3157 2672  3  0 97  0  0	
 2  0  12844 63205744 231632 638592    0    0     0     0 3179 2721  3  0 97  0  0	
 1  0  12844 63205744 231632 638592    0    0     0     0 3150 2676  3  0 97  0  0	
 1  0  12844 63205744 231632 638596    0    0     0     0 3014 2401  3  0 97  0  0	
 1  0  12844 63205744 231632 638600    0    0     0     0 3024 2409  3  0 97  0  0	
 1  0  12844 63205736 231632 638604    0    0     0     0 2998 2371  3  0 97  0  0	
 1  0  12844 63206000 231632 638604    0    0     0     0 3012 2401  3  0 97  0  0	
 1  0  12844 63206000 231632 638608    0    0     0     0 3001 2373  3  0 97  0  0	
 1  0  12844 63206000 231632 638616    0    0     0     0 3020 2412  3  0 97  0  0	
 3  0  12844 63205868 231632 638624    0    0     0     0 3018 2378  3  0 97  0  0	
 1  0  12844 63205868 231632 638624    0    0     0     0 3128 2614  3  0 97  0  0	
 4  0  12844 63205868 231632 638628    0    0     0     0 3145 2604  3  0 97  0  0	
 1  0  12844 63205860 231632 638632    0    0     0     0 3088 2551  3  0 97  0  0	
procs -----------memory---------- ---swap-- -----io---- --system-- -----cpu-----
 r  b   swpd   free   buff  cache   si   so    bi    bo   in   cs us sy id wa st
 1  0  12844 63205860 231632 638636    0    0     0     0 3222 2828  3  0 97  0  0	
 1  0  12844 63205856 231632 638636    0    0     0     0 3070 2521  3  0 97  0  0	
 1  0  12844 63205856 231632 638640    0    0     0     0 3133 2625  3  0 97  0  0	
 2  0  12844 63205856 231632 638644    0    0     0     0 3091 2551  3  0 97  0  0	
 1  0  12844 63205856 231632 638644    0    0     0     0 3161 2696  3  0 97  0  0	
 1  0  12844 63205856 231632 638648    0    0     0     0 3383 3022  3  0 97  0  0	
 1  0  12844 63205848 231632 638652    0    0     0     0 3033 2423  3  0 97  0  0	
 1  0  12844 63205840 231632 638656    0    0     0     8 3126 2604  3  0 97  0  0	
 1  0  12844 63205840 231632 638656    0    0     0     0 3054 2488  3  0 97  0  0	
 1  0  12844 63205840 231632 638660    0    0     0     0 3033 2423  3  0 97  0  0	
 1  0  12844 63205840 231632 638664    0    0     0     0 3002 2394  3  0 97  0  0	
 1  0  12844 63205720 231632 638668    0    0     0     0 3260 2855  3  0 97  0  0	
 3  0  12844 63205720 231632 638668    0    0     0     0 3074 2529  3  0 97  0  0	
 1  0  12844 63205744 231632 638672    0    0     0     0 3003 2404  3  0 97  0  0	
 1  0  12844 63205744 231632 638676    0    0     0     0 3008 2372  3  0 97  0  0	
 1  0  12844 63205744 231632 638680    0    0     0     0 3032 2415  3  0 97  0  0	
 1  0  12844 63205744 231632 638684    0    0     0    16 3030 2412  3  0 96  1  0	
 1  0  12844 63205744 231632 638688    0    0     0     0 3011 2390  3  0 97  0  0	
 1  0  12844 63205744 231632 638692    0    0     0     0 2996 2376  3  0 97  0  0	
 2  0  12844 63205744 231632 638696    0    0     0     0 3006 2383  3  0 97  0  0	
 1  0  12844 63205744 231632 638696    0    0     0     0 2993 2372  3  0 97  0  0	
procs -----------memory---------- ---swap-- -----io---- --system-- -----cpu-----
 r  b   swpd   free   buff  cache   si   so    bi    bo   in   cs us sy id wa st
 1  0  12844 63205744 231632 638700    0    0     0     0 3028 2398  3  0 97  0  0	
 1  0  12844 63205744 231632 638704    0    0     0     0 2992 2383  3  0 97  0  0	
 1  0  12844 63205744 231632 638708    0    0     0     0 2995 2363  3  0 97  0  0	
 1  0  12844 63205744 231632 638708    0    0     0     0 3023 2434  3  0 97  0  0	
 1  0  12844 63205752 231632 638712    0    0     0     0 3027 2450  3  0 97  0  0	
 3  0  12844 63205744 231632 638716    0    0     0     0 3131 2566  3  0 97  0  0	
 1  0  12844 63205744 231632 638716    0    0     0     0 3240 2833  3  0 97  0  0	
 3  0  12844 63205736 231632 638720    0    0     0     0 3130 2605  3  0 97  0  0	
 1  0  12844 63205736 231632 638724    0    0     0     0 3215 2800  3  0 97  0  0	
 1  0  12844 63205736 231632 638728    0    0     0     0 3016 2399  3  0 97  0  0	
 1  0  12844 63205736 231632 638728    0    0     0     0 3009 2388  3  0 97  0  0	
 1  0  12844 63205736 231632 638732    0    0     0     0 3003 2383  3  0 97  0  0	
 1  0  12844 63205612 231632 638736    0    0     0     0 3004 2379  3  0 97  0  0	
 1  0  12844 63205612 231632 638740    0    0     0     0 3051 2497  3  0 97  0  0	
 2  0  12844 63205612 231632 638740    0    0     0     0 3102 2535  3  0 97  0  0	
 1  0  12844 63205604 231632 638748    0    0     0     0 3098 2550  3  0 97  0  0	
 1  0  12844 63205604 231632 638752    0    0     0     0 3161 2707  3  0 97  0  0	
 1  0  12844 63205604 231632 638756    0    0     0     0 3001 2373  3  0 97  0  0	
 1  0  12844 63205604 231632 638756    0    0     0     0 3138 2645  3  0 97  0  0	
 1  0  12844 63205612 231632 638760    0    0     0     0 3129 2632  3  0 97  0  0	
 1  0  12844 63205612 231632 638768    0    0     0     0 3049 2456  3  0 97  0  0	
procs -----------memory---------- ---swap-- -----io---- --system-- -----cpu-----
 r  b   swpd   free   buff  cache   si   so    bi    bo   in   cs us sy id wa st
 1  0  12844 63205612 231632 638772    0    0     0    12 3129 2640  3  0 96  1  0	
 1  0  12844 63205612 231632 638772    0    0     0     0 3199 2762  3  0 97  0  0	
 3  0  12844 63205612 231632 638776    0    0     0     0 3060 2490  3  0 97  0  0	
 1  0  12844 63205744 231632 638780    0    0     0     0 3152 2699  3  0 97  0  0	
 3  0  12844 63205736 231632 638784    0    0     0     0 3150 2649  3  0 97  0  0	
 1  0  12844 63205736 231632 638784    0    0     0     8 3166 2711  3  0 97  0  0	
 1  0  12844 63205736 231632 638788    0    0     0     0 3260 2865  3  0 97  0  0	
 1  0  12844 63205728 231632 638792    0    0     0     0 3075 2477  3  0 97  0  0	
 1  0  12844 63205728 231632 638792    0    0     0     0 3020 2389  3  0 97  0  0	
 2  0  12844 63205728 231632 638800    0    0     0     0 3294 2919  3  0 97  0  0	
 1  0  12844 63205728 231632 638800    0    0     0     0 3187 2730  3  0 97  0  0	
 1  0  12844 63205736 231632 638804    0    0     0     0 3111 2584  3  0 97  0  0	
 1  0  12844 63205740 231632 638808    0    0     0     0 3043 2463  3  0 97  0  0	
 1  0  12844 63205732 231632 638812    0    0     0     0 3208 2755  3  0 97  0  0	
 1  0  12844 63205732 231632 638812    0    0     0    16 3203 2734  3  0 96  1  0	
 1  0  12844 63205756 231632 638820    0    0     0     0 3087 2521  3  0 97  0  0	
 1  1  12844 63205748 231632 638820    0    0     0    44 3147 2473  3  0 96  1  0	
 1  0  12844 63205624 231632 638832    0    0     0     0 3069 2432  3  0 97  0  0	
 3  0  12844 63205368 231632 638836    0    0     0     0 3143 2645  3  0 97  0  0	
 1  0  12844 63205236 231632 638840    0    0     0     0 3053 2479  3  0 97  0  0	
 1  0  12844 63205236 231632 638840    0    0     0     0 3016 2396  3  0 97  0  0	
procs -----------memory---------- ---swap-- -----io---- --system-- -----cpu-----
 r  b   swpd   free   buff  cache   si   so    bi    bo   in   cs us sy id wa st
 1  0  12844 63205252 231632 638844    0    0     0     0 3381 3209  3  0 97  0  0	
 2  0  12844 63205500 231632 638844    0    0     0     0 3244 2872  3  0 97  0  0	
 1  0  12844 63205500 231632 638852    0    0     0     0 3821 4010  3  0 97  0  0	
 1  0  12844 63205492 231632 638852    0    0     0     0 3772 3935  3  0 97  0  0	
 2  0  12844 63205484 231632 638860    0    0     0     0 3756 3954  3  0 97  0  0	
 1  0  12844 63205484 231632 638860    0    0     0     0 3219 2821  3  0 97  0  0	
 3  0  12844 63205484 231632 638864    0    0     0     0 3387 3195  3  0 97  0  0	
 1  0  12844 63205568 231632 638864    0    0     0     0 3426 3242  3  0 97  0  0	
 1  0  12844 63205568 231632 638868    0    0     0     0 3151 2593  3  0 97  0  0	
 1  0  12844 63205560 231632 638876    0    0     0     0 3523 3482  3  0 97  0  0	
 1  0  12844 63205592 231632 638880    0    0     0     0 3468 3407  3  0 97  0  0	
 1  0  12844 63205592 231632 638880    0    0     0     0 3483 3398  3  0 97  0  0	
 1  0  12844 63205600 231632 638884    0    0     0     0 3479 3428  3  0 97  0  0	
 3  0  12844 63205592 231632 638884    0    0     0     0 3049 2530  3  0 97  0  0	
 1  0  12844 63205716 231632 638888    0    0     0     0 3100 2592  3  0 97  0  0	
 3  0  12844 63205716 231632 638892    0    0     0     0 3188 2738  3  0 97  0  0	
 1  0  12844 63205716 231632 638896    0    0     0     0 3029 2519  3  0 97  0  0	
 1  0  12844 63205716 231632 638896    0    0     0     0 3459 3370  3  0 97  0  0	
 1  0  12844 63205840 231632 638900    0    0     0     0 3125 2678  3  0 97  0  0	
 1  0  12844 63205840 231632 638904    0    0     0     0 2947 2357  3  0 97  0  0	
 2  0  12844 63205840 231632 638908    0    0     0     0 3016 2420  3  0 97  0  0	
procs -----------memory---------- ---swap-- -----io---- --system-- -----cpu-----
 r  b   swpd   free   buff  cache   si   so    bi    bo   in   cs us sy id wa st
 1  0  12844 63205840 231632 638912    0    0     0     0 3035 2457  3  0 97  0  0	
 1  0  12844 63205848 231632 638916    0    0     0     0 3015 2417  3  0 97  0  0	
 1  0  12844 63205848 231632 638920    0    0     0     0 3222 2742  3  0 97  0  0	
 1  0  12844 63205840 231632 638924    0    0     0    20 3057 2464  3  0 97  0  0	
 1  0  12844 63205840 231632 638924    0    0     0     0 3438 3312  3  0 97  0  0	
 1  0  12844 63205832 231632 638928    0    0     0    16 3101 2616  3  0 97  0  0	
 1  0  12844 63205832 231632 638932    0    0     0     0 3089 2631  3  0 97  0  0	
 1  0  12844 63205816 231632 638940    0    0     0     0 3035 2521  3  0 97  0  0	
 3  0  12844 63205824 231632 638944    0    0     0     0 3063 2492  3  0 97  0  0	
 1  0  12844 63205832 231632 638944    0    0     0     0 3294 3024  3  0 97  0  0	
 1  0  12844 63205832 231632 638944    0    0     0     0 3297 2967  3  0 97  0  0	
 1  0  12844 63205832 231632 638952    0    0     0     0 3109 2484  3  0 97  0  0	
 1  0  12844 63205824 231632 638952    0    0     0    20 3090 2514  3  0 96  1  0	
 1  0  12844 63205824 231632 638956    0    0     0     0 3165 2760  3  0 97  0  0	
 1  0  12844 63205832 231632 638960    0    0     0     0 3020 2392  3  0 97  0  0	
 2  0  12844 63205832 231632 638964    0    0     0     0 3063 2480  3  0 97  0  0	
 1  0  12844 63205708 231632 638964    0    0     0     0 3046 2466  3  0 97  0  0	
 1  0  12844 63205708 231632 638968    0    0     0     0 3053 2439  3  0 97  0  0	
 1  0  12844 63205712 231632 638972    0    0     0    12 3045 2480  3  0 96  1  0	
 1  0  12844 63205712 231632 638976    0    0     0     0 3132 2633  3  0 97  0  0	
 1  0  12844 63205716 231632 638976    0    0     0     0 3057 2492  3  0 97  0  0	
procs -----------memory---------- ---swap-- -----io---- --system-- -----cpu-----
 r  b   swpd   free   buff  cache   si   so    bi    bo   in   cs us sy id wa st
 1  0  12844 63205724 231632 638980    0    0     0     0 3126 2607  3  0 97  0  0	
 1  0  12844 63205716 231632 638984    0    0     0     0 3107 2556  3  0 97  0  0	
 1  0  12844 63205716 231632 638988    0    0     0     0 3331 3037  3  0 97  0  0	
 3  0  12844 63205716 231632 638988    0    0     0     0 3150 2652  3  0 97  0  0	
 2  0  12844 63205716 231632 638992    0    0     0     0 3091 2575  3  0 97  0  0	
 1  0  12844 63205716 231632 638996    0    0     0     0 3106 2568  3  0 97  0  0	
 1  0  12844 63205724 231632 639000    0    0     0     0 3038 2427  3  0 97  0  0	
 1  0  12844 63205716 231632 639004    0    0     0     0 3006 2379  3  0 97  0  0	
 1  0  12844 63205724 231632 639008    0    0     0    12 3234 2836  3  0 96  1  0	
 1  0  12844 63205724 231632 639012    0    0     0     0 3164 2708  3  0 97  0  0	
 2  0  12844 63205724 231632 639016    0    0     0     0 3094 2567  3  0 97  0  0	
 1  0  12844 63205716 231632 639016    0    0     0     0 3038 2407  3  0 97  0  0	
 2  0  12844 63205716 231632 639020    0    0     0     0 3212 2747  3  0 97  0  0	
 1  0  12844 63205716 231632 639024    0    0     0     0 3063 2435  3  0 97  0  0	
 1  0  12844 63204404 231632 639024    0    0     0     4 3724 3096  3  0 97  0  0	
 1  0  12844 63204056 231632 639028    0    0     0     0 3382 3103  3  0 97  0  0	
 2  0  12844 63203924 231632 639036    0    0     0     0 3134 2636  3  0 97  0  0	
 1  0  12844 63203924 231632 639036    0    0     0    12 3139 2630  3  0 97  0  0	
 1  0  12844 63203924 231632 639040    0    0     0     0 3065 2494  3  0 97  0  0	
 3  0  12844 63204236 231632 639040    0    0     0    44 3017 2389  3  0 97  0  0	
 2  0  12844 63204384 231632 639044    0    0     0     0 3009 2401  3  0 97  0  0	
procs -----------memory---------- ---swap-- -----io---- --system-- -----cpu-----
 r  b   swpd   free   buff  cache   si   so    bi    bo   in   cs us sy id wa st
 3  0  12844 63204484 231632 639044    0    0     0     0 3040 2411  3  0 97  0  0	
 1  0  12844 63204608 231632 639048    0    0     0     0 3033 2420  3  0 97  0  0	
 1  0  12844 63204616 231632 639056    0    0     0     0 2947 2355  3  0 97  0  0	
 2  0  12844 63204616 231632 639060    0    0     0     0 3027 2414  3  0 97  0  0	
 1  0  12844 63204740 231632 639064    0    0     0     0 3003 2374  3  0 97  0  0	
 1  0  12844 63204740 231632 639064    0    0     0     0 3041 2409  3  0 97  0  0	
 1  0  12844 63204784 231632 639072    0    0     0     0 3037 2456  3  0 97  0  0	
 2  0  12844 63204912 231632 639076    0    0     0     0 3009 2397  3  0 97  0  0	
 1  0  12844 63204920 231632 639080    0    0     0     0 3002 2371  3  0 97  0  0	
 1  0  12844 63204920 231632 639080    0    0     0     0 3014 2404  3  0 97  0  0	
 1  0  12844 63205000 231632 639084    0    0     0     0 3025 2395  3  0 97  0  0	
 1  0  12844 63205132 231632 639088    0    0     0    16 3012 2412  3  0 96  1  0	
 1  0  12844 63205132 231632 639092    0    0     0     0 2945 2352  3  0 97  0  0	
 1  0  12844 63205132 231632 639092    0    0     0     0 3046 2417  3  0 97  0  0	
 1  0  12844 63205132 231632 639096    0    0     0     0 3013 2387  3  0 97  0  0	
 1  0  12844 63205132 231632 639100    0    0     0     0 3019 2396  3  0 97  0  0	
 1  0  12844 63205132 231632 639100    0    0     0     0 3002 2394  3  0 97  0  0	
 2  0  12844 63205140 231632 639104    0    0     0     0 3019 2396  3  0 97  0  0	
 1  0  12844 63205016 231632 639108    0    0     0     0 3102 2566  3  0 97  0  0	
 1  0  12844 63205020 231632 639112    0    0     0     0 3125 2635  3  0 97  0  0	
 1  0  12844 63205012 231632 639112    0    0     0     0 3152 2618  3  0 97  0  0	
procs -----------memory---------- ---swap-- -----io---- --system-- -----cpu-----
 r  b   swpd   free   buff  cache   si   so    bi    bo   in   cs us sy id wa st
 1  0  12844 63205012 231632 639116    0    0     0     0 3110 2577  3  0 97  0  0	
 1  0  12844 63205012 231632 639120    0    0     0     0 3079 2615  3  0 97  0  0	
 1  0  12844 63205012 231632 639124    0    0     0     0 3093 2560  3  0 97  0  0	
 1  0  12844 63205012 231632 639128    0    0     0     0 3081 2522  3  0 97  0  0	
 2  0  12844 63205004 231632 639132    0    0     0     0 3072 2574  3  0 97  0  0	
 1  0  12844 63204996 231632 639136    0    0     0     0 3727 3926  3  0 97  0  0	
 1  0  12844 63205012 231632 639140    0    0     0     0 3148 2764  3  0 97  0  0	
 2  0  12844 63205012 231632 639140    0    0     0     0 3019 2402  3  0 97  0  0	
 1  0  12844 63205012 231632 639144    0    0     0     0 3152 2674  3  0 97  0  0	
 1  0  12844 63205004 231632 639148    0    0     0     0 3083 2583  3  0 97  0  0	
 1  0  12844 63205004 231632 639152    0    0     0    36 3135 2642  3  0 97  0  0	
 1  0  12844 63205004 231632 639152    0    0     0     0 3718 3860  3  0 97  0  0	
 1  0  12844 63205004 231632 639156    0    0     0     0 3131 2619  3  0 97  0  0	
 1  0  12844 63205004 231632 639160    0    0     0     0 3119 2587  3  0 97  0  0	
 1  0  12844 63205004 231632 639164    0    0     0     0 3054 2445  3  0 97  0  0	
 1  0  12844 63205004 231632 639164    0    0     0    12 3025 2386  3  0 96  1  0	
 1  0  12844 63204996 231632 639168    0    0     0     0 3026 2421  3  0 97  0  0	
 1  0  12844 63204880 231632 639172    0    0     0     0 2950 2353  3  0 97  0  0	
 1  0  12844 63204888 231632 639172    0    0     0     0 2966 2393  3  0 97  0  0	
 1  0  12844 63204896 231632 639176    0    0     0     0 3322 3059  3  0 97  0  0	
 1  0  12844 63204764 231632 639180    0    0     0     0 3464 3386  3  0 97  0  0	
procs -----------memory---------- ---swap-- -----io---- --system-- -----cpu-----
 r  b   swpd   free   buff  cache   si   so    bi    bo   in   cs us sy id wa st
 1  0  12844 63204764 231632 639184    0    0     0     0 3470 3417  3  0 97  0  0	
 2  0  12844 63204756 231632 639184    0    0     0     0 3449 3391  3  0 97  0  0	
 1  0  12844 63204756 231632 639192    0    0     0     0 3024 2515  3  0 97  0  0	
 1  0  12844 63204756 231632 639196    0    0     0     0 2969 2392  3  0 97  0  0	
 1  0  12844 63204756 231632 639200    0    0     0     0 3007 2395  3  0 97  0  0	
 1  0  12844 63205004 231632 639204    0    0     0     0 3005 2398  3  0 97  0  0	
 1  0  12844 63205004 231632 639208    0    0     0     0 2999 2382  3  0 97  0  0	
 1  0  12844 63205020 231632 639212    0    0     0     0 3007 2404  3  0 97  0  0	
 2  0  12844 63205012 231632 639216    0    0     0     0 3040 2403  3  0 97  0  0	
 1  0  12844 63205012 231632 639216    0    0     0    16 3038 2436  3  0 96  1  0	
 1  0  12844 63205012 231632 639224    0    0     0     0 3021 2396  3  0 97  0  0	
 1  0  12844 63205012 231632 639224    0    0     0     0 3043 2420  3  0 97  0  0	
 1  0  12844 63205012 231632 639228    0    0     0     0 3630 3686  3  0 97  0  0	
 1  0  12844 63204880 231632 639228    0    0     0     0 3160 2752  3  0 97  0  0	
 1  0  12844 63204880 231632 639236    0    0     0     0 2964 2363  3  0 97  0  0	
 1  0  12844 63204880 231632 639236    0    0     0     0 2962 2382  3  0 97  0  0	
 1  0  12844 63204884 231632 639240    0    0     0     0 3054 2411  3  0 97  0  0	
 2  0  12844 63204900 231632 639240    0    0     0     0 3071 2455  3  0 97  0  0	
 1  0  12844 63204884 231632 639248    0    0     0     0 3296 3021  3  0 97  0  0	
 2  0  12844 63204884 231632 639248    0    0     0     0 3349 3042  3  0 97  0  0	
 1  0  12844 63204884 231632 639252    0    0     0     0 3071 2507  3  0 97  0  0	
procs -----------memory---------- ---swap-- -----io---- --system-- -----cpu-----
 r  b   swpd   free   buff  cache   si   so    bi    bo   in   cs us sy id wa st
 1  0  12844 63204892 231632 639252    0    0     0     0 2970 2398  3  0 97  0  0	
 1  0  12844 63204892 231632 639264    0    0     0     0 3009 2384  3  0 97  0  0	
 1  0  12844 63204900 231632 639264    0    0     0     0 3061 2455  3  0 97  0  0	
 2  0  12844 63204900 231632 639264    0    0     0     8 3041 2464  3  0 97  0  0	
 1  0  12844 63204908 231632 639264    0    0     0     0 3012 2401  3  0 97  0  0	
 3  0  12844 63204916 231632 639272    0    0     0     0 3047 2384  3  0 97  0  0	
 1  0  12844 63204916 231632 639276    0    0     0     0 3048 2466  3  0 97  0  0	
 1  0  12844 63204908 231632 639280    0    0     0     0 3313 3012  3  0 97  0  0	
 1  0  12844 63204908 231632 639280    0    0     0     0 3035 2489  3  0 97  0  0	
 1  0  12844 63204784 231632 639288    0    0     0     0 3022 2487  3  0 97  0  0	
 1  0  12844 63204784 231632 639288    0    0     0     0 3052 2530  3  0 97  0  0	
 1  0  12844 63204784 231632 639288    0    0     0     0 3053 2471  3  0 97  0  0	
 1  0  12844 63204784 231632 639292    0    0     0     0 3206 2847  3  0 97  0  0	
 1  0  12844 63204784 231632 639300    0    0     0     0 3060 2583  3  0 97  0  0	
 2  0  12844 63204784 231632 639300    0    0     0     0 2960 2386  3  0 97  0  0	
 1  0  12844 63204784 231632 639304    0    0     0     0 2989 2443  3  0 97  0  0	
 1  0  12844 63204916 231632 639304    0    0     0     0 2947 2387  3  0 97  0  0	
 1  0  12844 63204908 231632 639312    0    0     0     0 3040 2399  3  0 97  0  0	
 1  0  12844 63204908 231632 639312    0    0     0     0 3038 2414  3  0 97  0  0	
 1  0  12844 63204908 231632 639320    0    0     0     0 3010 2387  3  0 97  0  0	
 1  0  12844 63204908 231632 639320    0    0     0     0 3019 2410  3  0 97  0  0	
procs -----------memory---------- ---swap-- -----io---- --system-- -----cpu-----
 r  b   swpd   free   buff  cache   si   so    bi    bo   in   cs us sy id wa st
 3  0  12844 63204908 231632 639324    0    0     0     0 3034 2418  3  0 97  0  0	
 1  0  12844 63204900 231632 639324    0    0     0     0 3039 2428  3  0 97  0  0	
 3  0  12844 63204900 231632 639332    0    0     0     0 3016 2396  3  0 97  0  0	
 1  0  12844 63204908 231632 639332    0    0     0     0 3031 2431  3  0 97  0  0	
 1  0  12844 63204908 231632 639336    0    0     0     0 3015 2396  3  0 97  0  0	
 1  0  12844 63204900 231632 639336    0    0     0     0 3053 2434  3  0 97  0  0	
 1  0  12844 63204900 231632 639344    0    0     0     0 3108 2505  3  0 97  0  0	
 1  0  12844 63204900 231632 639344    0    0     0    20 3080 2467  3  0 96  1  0	
 1  0  12844 63204908 231632 639348    0    0     0     0 3013 2394  3  0 97  0  0	
 1  0  12844 63204908 231632 639352    0    0     0     0 3016 2399  3  0 97  0  0	
 1  0  12844 63204908 231632 639360    0    0     0     0 3005 2390  3  0 97  0  0	
 2  0  12844 63204908 231632 639360    0    0     0     0 3030 2402  3  0 97  0  0	
 1  0  12844 63204908 231632 639364    0    0     0     0 3003 2381  3  0 97  0  0	
 1  0  12844 63204916 231632 639364    0    0     0     0 3018 2398  3  0 97  0  0	
 1  0  12844 63204916 231632 639372    0    0     0     0 3004 2368  3  0 97  0  0	
 1  0  12844 63204916 231632 639372    0    0     0     0 3015 2406  3  0 97  0  0	
 1  0  12844 63204908 231632 639376    0    0     0     0 3021 2379  3  0 97  0  0	
 1  0  12844 63204908 231632 639376    0    0     0     0 3007 2389  3  0 97  0  0	
 3  0  12844 63204908 231632 639388    0    0     0     0 3038 2453  3  0 97  0  0	
 1  0  12844 63204908 231632 639388    0    0     0     0 3047 2432  3  0 97  0  0	
 1  0  12844 63204908 231632 639392    0    0     0     0 3294 2993  3  0 97  0  0	
procs -----------memory---------- ---swap-- -----io---- --system-- -----cpu-----
 r  b   swpd   free   buff  cache   si   so    bi    bo   in   cs us sy id wa st
 1  0  12844 63204908 231632 639392    0    0     0     0 3578 3541  3  0 97  0  0	
 1  0  12844 63204900 231632 639400    0    0     0     0 3158 2667  3  0 97  0  0	
 1  0  12844 63204916 231632 639400    0    0     0     0 3034 2419  3  0 97  0  0	
