Linux 2.6.32-279.14.1.el6.x86_64 (compute-641-19.local) 	04/21/20 	_x86_64_	(32 CPU)

11:57:39     CPU    %usr   %nice    %sys %iowait    %irq   %soft  %steal  %guest   %idle
11:57:40     all    0.69    0.00    2.76    3.99    0.00    0.09    0.00    0.00   92.47
11:57:40       0    1.03    0.00    4.12    6.19    0.00    0.00    0.00    0.00   88.66
11:57:40       1    0.00    0.00    1.01    6.06    0.00    0.00    0.00    0.00   92.93
11:57:40       2    0.00    0.00    7.92   14.85    0.00    0.00    0.00    0.00   77.23
11:57:40       3    0.00    0.00    1.00    0.00    0.00    0.00    0.00    0.00   99.00
11:57:40       4    1.00    0.00    7.00   15.00    0.00    0.00    0.00    0.00   77.00
11:57:40       5    0.00    0.00    0.00    0.00    0.00    0.00    0.00    0.00  100.00
11:57:40       6    0.00    0.00    0.00    0.00    0.00    0.00    0.00    0.00  100.00
11:57:40       7    1.00    0.00    8.00   15.00    0.00    0.00    0.00    0.00   76.00
11:57:40       8    1.00    0.00    3.00    1.00    0.00    0.00    0.00    0.00   95.00
11:57:40       9    1.02    0.00    4.08    4.08    0.00    0.00    0.00    0.00   90.82
11:57:40      10    1.00    0.00    2.00    7.00    0.00    0.00    0.00    0.00   90.00
11:57:40      11    0.00    0.00    0.00    0.00    0.00    0.00    0.00    0.00  100.00
11:57:40      12    1.98    0.00    7.92   14.85    0.00    0.00    0.00    0.00   75.25
11:57:40      13    0.00    0.00    0.00    0.00    0.00    0.00    0.00    0.00  100.00
11:57:40      14    0.00    0.00    0.00    0.00    0.00    0.00    0.00    0.00  100.00
11:57:40      15    2.00    0.00    7.00   15.00    0.00    0.00    0.00    0.00   76.00
11:57:40      16    1.01    0.00    5.05    3.03    0.00    0.00    0.00    0.00   90.91
11:57:40      17    1.01    0.00    2.02    3.03    0.00    0.00    0.00    0.00   93.94
11:57:40      18    0.99    0.00    1.98    0.99    0.00    0.00    0.00    0.00   96.04
11:57:40      19    0.99    0.00    0.99    0.99    0.00    0.00    0.00    0.00   97.03
11:57:40      20    0.00    0.00    1.00    0.00    0.00    0.00    0.00    0.00   99.00
11:57:40      21    0.00    0.00    1.98    0.99    0.00    0.00    0.00    0.00   97.03
11:57:40      22    0.00    0.00    0.00    0.00    0.00    0.00    0.00    0.00  100.00
11:57:40      23    0.00    0.00    1.98    0.99    0.00    0.00    0.00    0.00   97.03
11:57:40      24    1.01    0.00    0.00    0.00    0.00    1.01    0.00    0.00   97.98
11:57:40      25    3.03    0.00    5.05   10.10    0.00    0.00    0.00    0.00   81.82
11:57:40      26    3.19    0.00   12.77    7.45    0.00    2.13    0.00    0.00   74.47
11:57:40      27    1.00    0.00    0.00    3.00    0.00    0.00    0.00    0.00   96.00
11:57:40      28    0.00    0.00    0.00    0.00    0.00    0.00    0.00    0.00  100.00
11:57:40      29    0.00    0.00    1.98    0.99    0.00    0.00    0.00    0.00   97.03
11:57:40      30    0.00    0.00    0.00    0.00    0.00    0.00    0.00    0.00  100.00
11:57:40      31    0.00    0.00    2.00    1.00    0.00    0.00    0.00    0.00   97.00

11:57:40     CPU    %usr   %nice    %sys %iowait    %irq   %soft  %steal  %guest   %idle
11:57:41     all   76.67    0.00    6.41    0.00    0.00    0.25    0.00    0.00   16.67
11:57:41       0   80.20    0.00    3.96    0.00    0.00    0.00    0.00    0.00   15.84
11:57:41       1   80.81    0.00    2.02    0.00    0.00    0.00    0.00    0.00   17.17
11:57:41       2   81.82    0.00    1.01    0.00    0.00    0.00    0.00    0.00   17.17
11:57:41       3   81.00    0.00    2.00    0.00    0.00    0.00    0.00    0.00   17.00
11:57:41       4   83.00    0.00    3.00    0.00    0.00    0.00    0.00    0.00   14.00
11:57:41       5   80.00    0.00    3.00    0.00    0.00    0.00    0.00    0.00   17.00
11:57:41       6   81.00    0.00    1.00    0.00    0.00    0.00    0.00    0.00   18.00
11:57:41       7   81.19    0.00    3.96    0.00    0.00    0.00    0.00    0.00   14.85
11:57:41       8   80.20    0.00    1.98    0.00    0.00    0.00    0.00    0.00   17.82
11:57:41       9   81.19    0.00    3.96    0.00    0.00    0.00    0.00    0.00   14.85
11:57:41      10   80.00    0.00    3.00    0.00    0.00    0.00    0.00    0.00   17.00
11:57:41      11   81.00    0.00    2.00    0.00    0.00    0.00    0.00    0.00   17.00
11:57:41      12   81.82    0.00    4.04    0.00    0.00    0.00    0.00    0.00   14.14
11:57:41      13   80.00    0.00    3.00    0.00    0.00    0.00    0.00    0.00   17.00
11:57:41      14   80.00    0.00    2.00    0.00    0.00    0.00    0.00    0.00   18.00
11:57:41      15   81.00    0.00    4.00    0.00    0.00    0.00    0.00    0.00   15.00
11:57:41      16   81.00    0.00    2.00    0.00    0.00    0.00    0.00    0.00   17.00
11:57:41      17   61.39    0.00   20.79    0.00    0.00    1.98    0.00    0.00   15.84
11:57:41      18   80.00    0.00    2.00    0.00    0.00    2.00    0.00    0.00   16.00
11:57:41      19   65.00    0.00   19.00    0.00    0.00    1.00    0.00    0.00   15.00
11:57:41      20   79.21    0.00    2.97    0.00    0.00    0.99    0.00    0.00   16.83
11:57:41      21   66.67    0.00   16.16    0.00    0.00    0.00    0.00    0.00   17.17
11:57:41      22   80.81    0.00    2.02    0.00    0.00    0.00    0.00    0.00   17.17
11:57:41      23   64.65    0.00   18.18    0.00    0.00    0.00    0.00    0.00   17.17
11:57:41      24   81.00    0.00    2.00    0.00    0.00    0.00    0.00    0.00   17.00
11:57:41      25   64.00    0.00   18.00    0.00    0.00    1.00    0.00    0.00   17.00
11:57:41      26   82.00    0.00    4.00    0.00    0.00    0.00    0.00    0.00   14.00
11:57:41      27   66.67    0.00   15.15    0.00    0.00    1.01    0.00    0.00   17.17
11:57:41      28   80.00    0.00    3.00    0.00    0.00    0.00    0.00    0.00   17.00
11:57:41      29   63.37    0.00   18.81    0.00    0.00    0.00    0.00    0.00   17.82
11:57:41      30   80.00    0.00    2.00    0.00    0.00    0.00    0.00    0.00   18.00
11:57:41      31   64.65    0.00   18.18    0.00    0.00    0.00    0.00    0.00   17.17

11:57:41     CPU    %usr   %nice    %sys %iowait    %irq   %soft  %steal  %guest   %idle
11:57:42     all   93.25    0.00    6.41    0.00    0.00    0.34    0.00    0.00    0.00
11:57:42       0   97.98    0.00    2.02    0.00    0.00    0.00    0.00    0.00    0.00
11:57:42       1   98.00    0.00    2.00    0.00    0.00    0.00    0.00    0.00    0.00
11:57:42       2   99.01    0.00    0.99    0.00    0.00    0.00    0.00    0.00    0.00
11:57:42       3   97.98    0.00    2.02    0.00    0.00    0.00    0.00    0.00    0.00
11:57:42       4   98.02    0.00    1.98    0.00    0.00    0.00    0.00    0.00    0.00
11:57:42       5   99.00    0.00    1.00    0.00    0.00    0.00    0.00    0.00    0.00
11:57:42       6   99.00    0.00    1.00    0.00    0.00    0.00    0.00    0.00    0.00
11:57:42       7   98.00    0.00    2.00    0.00    0.00    0.00    0.00    0.00    0.00
11:57:42       8   98.00    0.00    2.00    0.00    0.00    0.00    0.00    0.00    0.00
11:57:42       9   98.00    0.00    2.00    0.00    0.00    0.00    0.00    0.00    0.00
11:57:42      10   98.00    0.00    2.00    0.00    0.00    0.00    0.00    0.00    0.00
11:57:42      11   98.99    0.00    1.01    0.00    0.00    0.00    0.00    0.00    0.00
11:57:42      12   98.00    0.00    2.00    0.00    0.00    0.00    0.00    0.00    0.00
11:57:42      13   98.99    0.00    1.01    0.00    0.00    0.00    0.00    0.00    0.00
11:57:42      14   98.00    0.00    2.00    0.00    0.00    0.00    0.00    0.00    0.00
11:57:42      15   97.00    0.00    3.00    0.00    0.00    0.00    0.00    0.00    0.00
11:57:42      16   98.99    0.00    1.01    0.00    0.00    0.00    0.00    0.00    0.00
11:57:42      17   76.00    0.00   20.00    0.00    0.00    4.00    0.00    0.00    0.00
11:57:42      18   95.00    0.00    2.00    0.00    0.00    3.00    0.00    0.00    0.00
11:57:42      19   79.00    0.00   20.00    0.00    0.00    1.00    0.00    0.00    0.00
11:57:42      20   96.04    0.00    1.98    0.00    0.00    1.98    0.00    0.00    0.00
11:57:42      21   80.20    0.00   19.80    0.00    0.00    0.00    0.00    0.00    0.00
11:57:42      22   98.00    0.00    2.00    0.00    0.00    0.00    0.00    0.00    0.00
11:57:42      23   80.00    0.00   20.00    0.00    0.00    0.00    0.00    0.00    0.00
11:57:42      24   98.00    0.00    2.00    0.00    0.00    0.00    0.00    0.00    0.00
11:57:42      25   78.22    0.00   21.78    0.00    0.00    0.00    0.00    0.00    0.00
11:57:42      26   98.00    0.00    2.00    0.00    0.00    0.00    0.00    0.00    0.00
11:57:42      27   79.21    0.00   18.81    0.00    0.00    1.98    0.00    0.00    0.00
11:57:42      28   98.00    0.00    2.00    0.00    0.00    0.00    0.00    0.00    0.00
11:57:42      29   81.00    0.00   19.00    0.00    0.00    0.00    0.00    0.00    0.00
11:57:42      30   98.00    0.00    2.00    0.00    0.00    0.00    0.00    0.00    0.00
11:57:42      31   78.22    0.00   21.78    0.00    0.00    0.00    0.00    0.00    0.00

11:57:42     CPU    %usr   %nice    %sys %iowait    %irq   %soft  %steal  %guest   %idle
11:57:43     all   93.12    0.00    6.56    0.00    0.00    0.31    0.00    0.00    0.00
11:57:43       0   98.00    0.00    2.00    0.00    0.00    0.00    0.00    0.00    0.00
11:57:43       1   98.00    0.00    2.00    0.00    0.00    0.00    0.00    0.00    0.00
11:57:43       2   98.00    0.00    2.00    0.00    0.00    0.00    0.00    0.00    0.00
11:57:43       3   97.03    0.00    2.97    0.00    0.00    0.00    0.00    0.00    0.00
11:57:43       4   98.99    0.00    1.01    0.00    0.00    0.00    0.00    0.00    0.00
11:57:43       5   98.00    0.00    2.00    0.00    0.00    0.00    0.00    0.00    0.00
11:57:43       6   98.02    0.00    1.98    0.00    0.00    0.00    0.00    0.00    0.00
11:57:43       7   98.00    0.00    2.00    0.00    0.00    0.00    0.00    0.00    0.00
11:57:43       8   98.00    0.00    2.00    0.00    0.00    0.00    0.00    0.00    0.00
11:57:43       9   98.00    0.00    2.00    0.00    0.00    0.00    0.00    0.00    0.00
11:57:43      10   98.00    0.00    2.00    0.00    0.00    0.00    0.00    0.00    0.00
11:57:43      11   98.00    0.00    2.00    0.00    0.00    0.00    0.00    0.00    0.00
11:57:43      12   99.00    0.00    1.00    0.00    0.00    0.00    0.00    0.00    0.00
11:57:43      13   98.02    0.00    1.98    0.00    0.00    0.00    0.00    0.00    0.00
11:57:43      14   98.00    0.00    2.00    0.00    0.00    0.00    0.00    0.00    0.00
11:57:43      15   98.00    0.00    2.00    0.00    0.00    0.00    0.00    0.00    0.00
11:57:43      16   98.00    0.00    2.00    0.00    0.00    0.00    0.00    0.00    0.00
11:57:43      17   76.00    0.00   21.00    0.00    0.00    3.00    0.00    0.00    0.00
11:57:43      18   96.00    0.00    2.00    0.00    0.00    2.00    0.00    0.00    0.00
11:57:43      19   80.81    0.00   18.18    0.00    0.00    1.01    0.00    0.00    0.00
11:57:43      20   96.94    0.00    2.04    0.00    0.00    1.02    0.00    0.00    0.00
11:57:43      21   80.81    0.00   19.19    0.00    0.00    0.00    0.00    0.00    0.00
11:57:43      22   96.04    0.00    3.96    0.00    0.00    0.00    0.00    0.00    0.00
11:57:43      23   78.00    0.00   22.00    0.00    0.00    0.00    0.00    0.00    0.00
11:57:43      24   98.99    0.00    1.01    0.00    0.00    0.00    0.00    0.00    0.00
11:57:43      25   78.00    0.00   22.00    0.00    0.00    0.00    0.00    0.00    0.00
11:57:43      26   98.00    0.00    2.00    0.00    0.00    0.00    0.00    0.00    0.00
11:57:43      27   81.82    0.00   17.17    0.00    0.00    1.01    0.00    0.00    0.00
11:57:43      28   98.00    0.00    2.00    0.00    0.00    0.00    0.00    0.00    0.00
11:57:43      29   79.00    0.00   21.00    0.00    0.00    0.00    0.00    0.00    0.00
11:57:43      30   98.02    0.00    1.98    0.00    0.00    0.00    0.00    0.00    0.00
11:57:43      31   79.00    0.00   21.00    0.00    0.00    0.00    0.00    0.00    0.00

11:57:43     CPU    %usr   %nice    %sys %iowait    %irq   %soft  %steal  %guest   %idle
11:57:44     all   93.28    0.00    6.31    0.00    0.00    0.41    0.00    0.00    0.00
11:57:44       0   98.00    0.00    2.00    0.00    0.00    0.00    0.00    0.00    0.00
11:57:44       1   99.00    0.00    1.00    0.00    0.00    0.00    0.00    0.00    0.00
11:57:44       2   99.00    0.00    1.00    0.00    0.00    0.00    0.00    0.00    0.00
11:57:44       3   98.00    0.00    2.00    0.00    0.00    0.00    0.00    0.00    0.00
11:57:44       4   99.00    0.00    1.00    0.00    0.00    0.00    0.00    0.00    0.00
11:57:44       5   98.00    0.00    2.00    0.00    0.00    0.00    0.00    0.00    0.00
11:57:44       6   98.99    0.00    1.01    0.00    0.00    0.00    0.00    0.00    0.00
11:57:44       7   97.00    0.00    3.00    0.00    0.00    0.00    0.00    0.00    0.00
11:57:44       8   97.98    0.00    2.02    0.00    0.00    0.00    0.00    0.00    0.00
11:57:44       9   99.00    0.00    1.00    0.00    0.00    0.00    0.00    0.00    0.00
11:57:44      10   98.99    0.00    1.01    0.00    0.00    0.00    0.00    0.00    0.00
11:57:44      11   98.00    0.00    2.00    0.00    0.00    0.00    0.00    0.00    0.00
11:57:44      12   98.00    0.00    2.00    0.00    0.00    0.00    0.00    0.00    0.00
11:57:44      13   97.00    0.00    3.00    0.00    0.00    0.00    0.00    0.00    0.00
11:57:44      14   98.00    0.00    2.00    0.00    0.00    0.00    0.00    0.00    0.00
11:57:44      15   98.00    0.00    2.00    0.00    0.00    0.00    0.00    0.00    0.00
11:57:44      16   98.02    0.00    1.98    0.00    0.00    0.00    0.00    0.00    0.00
11:57:44      17   76.00    0.00   20.00    0.00    0.00    4.00    0.00    0.00    0.00
11:57:44      18   94.00    0.00    2.00    0.00    0.00    4.00    0.00    0.00    0.00
11:57:44      19   81.00    0.00   17.00    0.00    0.00    2.00    0.00    0.00    0.00
11:57:44      20   96.04    0.00    2.97    0.00    0.00    0.99    0.00    0.00    0.00
11:57:44      21   81.00    0.00   19.00    0.00    0.00    0.00    0.00    0.00    0.00
11:57:44      22   97.00    0.00    3.00    0.00    0.00    0.00    0.00    0.00    0.00
11:57:44      23   79.00    0.00   21.00    0.00    0.00    0.00    0.00    0.00    0.00
11:57:44      24   98.02    0.00    1.98    0.00    0.00    0.00    0.00    0.00    0.00
11:57:44      25   80.00    0.00   19.00    0.00    0.00    1.00    0.00    0.00    0.00
11:57:44      26   97.98    0.00    2.02    0.00    0.00    0.00    0.00    0.00    0.00
11:57:44      27   79.21    0.00   18.81    0.00    0.00    1.98    0.00    0.00    0.00
11:57:44      28   97.98    0.00    2.02    0.00    0.00    0.00    0.00    0.00    0.00
11:57:44      29   80.81    0.00   19.19    0.00    0.00    0.00    0.00    0.00    0.00
11:57:44      30   98.00    0.00    2.00    0.00    0.00    0.00    0.00    0.00    0.00
11:57:44      31   79.80    0.00   20.20    0.00    0.00    0.00    0.00    0.00    0.00
