Linux 2.6.32-279.14.1.el6.x86_64 (compute-641-19.local) 	04/21/20 	_x86_64_	(32 CPU)

11:57:44     CPU    %usr   %nice    %sys %iowait    %irq   %soft  %steal  %guest   %idle
11:57:45     all   35.22    0.00    4.63    0.41    0.00    0.13    0.00    0.00   59.61
11:57:45       0   36.73    0.00    3.06    0.00    0.00    0.00    0.00    0.00   60.20
11:57:45       1   36.63    0.00    1.98    0.00    0.00    0.00    0.00    0.00   61.39
11:57:45       2   34.34    0.00    2.02    0.00    0.00    0.00    0.00    0.00   63.64
11:57:45       3   35.35    0.00    1.01    0.00    0.00    0.00    0.00    0.00   63.64
11:57:45       4   36.00    0.00    1.00    0.00    0.00    0.00    0.00    0.00   63.00
11:57:45       5   36.00    0.00    1.00    0.00    0.00    0.00    0.00    0.00   63.00
11:57:45       6   35.35    0.00    1.01    0.00    0.00    0.00    0.00    0.00   63.64
11:57:45       7   35.00    0.00    2.00    0.00    0.00    0.00    0.00    0.00   63.00
11:57:45       8   36.36    0.00    3.03    0.00    0.00    0.00    0.00    0.00   60.61
11:57:45       9   37.00    0.00    4.00    0.00    0.00    0.00    0.00    0.00   59.00
11:57:45      10   35.35    0.00    2.02    0.00    0.00    0.00    0.00    0.00   62.63
11:57:45      11   35.35    0.00    1.01    0.00    0.00    0.00    0.00    0.00   63.64
11:57:45      12   35.35    0.00    2.02    1.01    0.00    0.00    0.00    0.00   61.62
11:57:45      13   35.00    0.00    2.00    0.00    0.00    0.00    0.00    0.00   63.00
11:57:45      14   34.65    0.00    2.97    0.00    0.00    0.00    0.00    0.00   62.38
11:57:45      15   35.64    0.00    1.98    0.00    0.00    0.00    0.00    0.00   62.38
11:57:45      16   36.63    0.00    7.92    1.98    0.00    0.00    0.00    0.00   53.47
11:57:45      17   32.67    0.00    9.90    0.00    0.00    0.00    0.00    0.00   57.43
11:57:45      18   37.00    0.00    4.00    0.00    0.00    0.00    0.00    0.00   59.00
11:57:45      19   32.67    0.00   12.87    1.98    0.00    0.00    0.00    0.00   52.48
11:57:45      20   35.35    0.00    2.02    0.00    0.00    0.00    0.00    0.00   62.63
11:57:45      21   34.34    0.00   10.10    1.01    0.00    0.00    0.00    0.00   54.55
11:57:45      22   35.00    0.00    2.00    0.00    0.00    0.00    0.00    0.00   63.00
11:57:45      23   33.00    0.00   12.00    2.00    0.00    0.00    0.00    0.00   53.00
11:57:45      24   35.71    0.00    1.02    0.00    0.00    1.02    0.00    0.00   62.24
11:57:45      25   35.00    0.00   10.00    2.00    0.00    0.00    0.00    0.00   53.00
11:57:45      26   37.00    0.00   10.00    0.00    0.00    2.00    0.00    0.00   51.00
11:57:45      27   31.00    0.00    7.00    1.00    0.00    0.00    0.00    0.00   61.00
11:57:45      28   36.00    0.00    1.00    0.00    0.00    0.00    0.00    0.00   63.00
11:57:45      29   33.66    0.00   10.89    1.98    0.00    0.00    0.00    0.00   53.47
11:57:45      30   35.64    0.00    1.98    0.00    0.00    0.00    0.00    0.00   62.38
11:57:45      31   32.32    0.00   14.14    1.01    0.00    0.00    0.00    0.00   52.53

11:57:45     CPU    %usr   %nice    %sys %iowait    %irq   %soft  %steal  %guest   %idle
11:57:46     all   94.78    0.00    4.91    0.00    0.00    0.31    0.00    0.00    0.00
11:57:46       0   99.00    0.00    1.00    0.00    0.00    0.00    0.00    0.00    0.00
11:57:46       1   98.00    0.00    2.00    0.00    0.00    0.00    0.00    0.00    0.00
11:57:46       2   99.00    0.00    1.00    0.00    0.00    0.00    0.00    0.00    0.00
11:57:46       3   98.00    0.00    2.00    0.00    0.00    0.00    0.00    0.00    0.00
11:57:46       4   99.00    0.00    1.00    0.00    0.00    0.00    0.00    0.00    0.00
11:57:46       5   98.02    0.00    1.98    0.00    0.00    0.00    0.00    0.00    0.00
11:57:46       6   98.00    0.00    2.00    0.00    0.00    0.00    0.00    0.00    0.00
11:57:46       7   99.00    0.00    1.00    0.00    0.00    0.00    0.00    0.00    0.00
11:57:46       8   98.99    0.00    1.01    0.00    0.00    0.00    0.00    0.00    0.00
11:57:46       9   98.00    0.00    2.00    0.00    0.00    0.00    0.00    0.00    0.00
11:57:46      10   99.00    0.00    1.00    0.00    0.00    0.00    0.00    0.00    0.00
11:57:46      11   97.03    0.00    2.97    0.00    0.00    0.00    0.00    0.00    0.00
11:57:46      12   98.00    0.00    2.00    0.00    0.00    0.00    0.00    0.00    0.00
11:57:46      13   98.00    0.00    2.00    0.00    0.00    0.00    0.00    0.00    0.00
11:57:46      14   99.00    0.00    1.00    0.00    0.00    0.00    0.00    0.00    0.00
11:57:46      15   97.98    0.00    2.02    0.00    0.00    0.00    0.00    0.00    0.00
11:57:46      16   98.00    0.00    2.00    0.00    0.00    0.00    0.00    0.00    0.00
11:57:46      17   83.00    0.00   17.00    0.00    0.00    0.00    0.00    0.00    0.00
11:57:46      18   98.00    0.00    1.00    0.00    0.00    1.00    0.00    0.00    0.00
11:57:46      19   84.00    0.00   15.00    0.00    0.00    1.00    0.00    0.00    0.00
11:57:46      20   97.00    0.00    1.00    0.00    0.00    2.00    0.00    0.00    0.00
11:57:46      21   86.14    0.00   13.86    0.00    0.00    0.00    0.00    0.00    0.00
11:57:46      22   99.00    0.00    1.00    0.00    0.00    0.00    0.00    0.00    0.00
11:57:46      23   85.00    0.00   15.00    0.00    0.00    0.00    0.00    0.00    0.00
11:57:46      24   96.00    0.00    2.00    0.00    0.00    2.00    0.00    0.00    0.00
11:57:46      25   85.15    0.00   14.85    0.00    0.00    0.00    0.00    0.00    0.00
11:57:46      26   95.00    0.00    2.00    0.00    0.00    3.00    0.00    0.00    0.00
11:57:46      27   86.00    0.00   14.00    0.00    0.00    0.00    0.00    0.00    0.00
11:57:46      28   98.00    0.00    2.00    0.00    0.00    0.00    0.00    0.00    0.00
11:57:46      29   86.87    0.00   13.13    0.00    0.00    0.00    0.00    0.00    0.00
11:57:46      30  100.00    0.00    0.00    0.00    0.00    0.00    0.00    0.00    0.00
11:57:46      31   84.00    0.00   16.00    0.00    0.00    0.00    0.00    0.00    0.00

11:57:46     CPU    %usr   %nice    %sys %iowait    %irq   %soft  %steal  %guest   %idle
11:57:47     all   94.59    0.00    5.13    0.00    0.00    0.28    0.00    0.00    0.00
11:57:47       0   99.00    0.00    1.00    0.00    0.00    0.00    0.00    0.00    0.00
11:57:47       1   98.00    0.00    2.00    0.00    0.00    0.00    0.00    0.00    0.00
11:57:47       2   98.02    0.00    1.98    0.00    0.00    0.00    0.00    0.00    0.00
11:57:47       3   98.00    0.00    2.00    0.00    0.00    0.00    0.00    0.00    0.00
11:57:47       4   98.02    0.00    1.98    0.00    0.00    0.00    0.00    0.00    0.00
11:57:47       5   98.00    0.00    2.00    0.00    0.00    0.00    0.00    0.00    0.00
11:57:47       6   98.02    0.00    1.98    0.00    0.00    0.00    0.00    0.00    0.00
11:57:47       7   98.00    0.00    2.00    0.00    0.00    0.00    0.00    0.00    0.00
11:57:47       8   98.00    0.00    2.00    0.00    0.00    0.00    0.00    0.00    0.00
11:57:47       9   98.99    0.00    1.01    0.00    0.00    0.00    0.00    0.00    0.00
11:57:47      10   98.00    0.00    2.00    0.00    0.00    0.00    0.00    0.00    0.00
11:57:47      11   97.98    0.00    2.02    0.00    0.00    0.00    0.00    0.00    0.00
11:57:47      12   98.00    0.00    2.00    0.00    0.00    0.00    0.00    0.00    0.00
11:57:47      13   98.00    0.00    2.00    0.00    0.00    0.00    0.00    0.00    0.00
11:57:47      14   98.00    0.00    2.00    0.00    0.00    0.00    0.00    0.00    0.00
11:57:47      15   97.03    0.00    2.97    0.00    0.00    0.00    0.00    0.00    0.00
11:57:47      16   99.00    0.00    1.00    0.00    0.00    0.00    0.00    0.00    0.00
11:57:47      17   82.83    0.00   17.17    0.00    0.00    0.00    0.00    0.00    0.00
11:57:47      18   98.00    0.00    1.00    0.00    0.00    1.00    0.00    0.00    0.00
11:57:47      19   83.17    0.00   14.85    0.00    0.00    1.98    0.00    0.00    0.00
11:57:47      20   95.00    0.00    3.00    0.00    0.00    2.00    0.00    0.00    0.00
11:57:47      21   84.85    0.00   15.15    0.00    0.00    0.00    0.00    0.00    0.00
11:57:47      22   98.00    0.00    2.00    0.00    0.00    0.00    0.00    0.00    0.00
11:57:47      23   85.00    0.00   15.00    0.00    0.00    0.00    0.00    0.00    0.00
11:57:47      24   96.04    0.00    0.99    0.00    0.00    2.97    0.00    0.00    0.00
11:57:47      25   85.86    0.00   14.14    0.00    0.00    0.00    0.00    0.00    0.00
11:57:47      26   97.00    0.00    1.00    0.00    0.00    2.00    0.00    0.00    0.00
11:57:47      27   84.00    0.00   16.00    0.00    0.00    0.00    0.00    0.00    0.00
11:57:47      28   99.00    0.00    1.00    0.00    0.00    0.00    0.00    0.00    0.00
11:57:47      29   84.16    0.00   15.84    0.00    0.00    0.00    0.00    0.00    0.00
11:57:47      30   98.00    0.00    2.00    0.00    0.00    0.00    0.00    0.00    0.00
11:57:47      31   83.17    0.00   16.83    0.00    0.00    0.00    0.00    0.00    0.00

11:57:47     CPU    %usr   %nice    %sys %iowait    %irq   %soft  %steal  %guest   %idle
11:57:48     all   94.66    0.00    5.03    0.00    0.00    0.31    0.00    0.00    0.00
11:57:48       0   98.00    0.00    2.00    0.00    0.00    0.00    0.00    0.00    0.00
11:57:48       1   97.98    0.00    2.02    0.00    0.00    0.00    0.00    0.00    0.00
11:57:48       2   99.00    0.00    1.00    0.00    0.00    0.00    0.00    0.00    0.00
11:57:48       3   99.00    0.00    1.00    0.00    0.00    0.00    0.00    0.00    0.00
11:57:48       4   98.99    0.00    1.01    0.00    0.00    0.00    0.00    0.00    0.00
11:57:48       5   98.99    0.00    1.01    0.00    0.00    0.00    0.00    0.00    0.00
11:57:48       6   98.00    0.00    2.00    0.00    0.00    0.00    0.00    0.00    0.00
11:57:48       7   98.02    0.00    1.98    0.00    0.00    0.00    0.00    0.00    0.00
11:57:48       8   98.02    0.00    1.98    0.00    0.00    0.00    0.00    0.00    0.00
11:57:48       9   98.00    0.00    2.00    0.00    0.00    0.00    0.00    0.00    0.00
11:57:48      10   99.00    0.00    1.00    0.00    0.00    0.00    0.00    0.00    0.00
11:57:48      11   97.03    0.00    2.97    0.00    0.00    0.00    0.00    0.00    0.00
11:57:48      12   99.00    0.00    1.00    0.00    0.00    0.00    0.00    0.00    0.00
11:57:48      13   97.00    0.00    3.00    0.00    0.00    0.00    0.00    0.00    0.00
11:57:48      14   98.99    0.00    1.01    0.00    0.00    0.00    0.00    0.00    0.00
11:57:48      15   96.97    0.00    3.03    0.00    0.00    0.00    0.00    0.00    0.00
11:57:48      16   99.00    0.00    1.00    0.00    0.00    0.00    0.00    0.00    0.00
11:57:48      17   83.00    0.00   17.00    0.00    0.00    0.00    0.00    0.00    0.00
11:57:48      18   97.00    0.00    1.00    0.00    0.00    2.00    0.00    0.00    0.00
11:57:48      19   84.00    0.00   15.00    0.00    0.00    1.00    0.00    0.00    0.00
11:57:48      20   96.04    0.00    0.99    0.00    0.00    2.97    0.00    0.00    0.00
11:57:48      21   85.15    0.00   14.85    0.00    0.00    0.00    0.00    0.00    0.00
11:57:48      22   99.00    0.00    1.00    0.00    0.00    0.00    0.00    0.00    0.00
11:57:48      23   85.00    0.00   15.00    0.00    0.00    0.00    0.00    0.00    0.00
11:57:48      24   95.96    0.00    1.01    0.00    0.00    3.03    0.00    0.00    0.00
11:57:48      25   85.00    0.00   15.00    0.00    0.00    0.00    0.00    0.00    0.00
11:57:48      26   96.00    0.00    2.00    0.00    0.00    2.00    0.00    0.00    0.00
11:57:48      27   85.00    0.00   15.00    0.00    0.00    0.00    0.00    0.00    0.00
11:57:48      28   99.00    0.00    1.00    0.00    0.00    0.00    0.00    0.00    0.00
11:57:48      29   85.00    0.00   15.00    0.00    0.00    0.00    0.00    0.00    0.00
11:57:48      30   99.00    0.00    1.00    0.00    0.00    0.00    0.00    0.00    0.00
11:57:48      31   85.00    0.00   15.00    0.00    0.00    0.00    0.00    0.00    0.00

11:57:48     CPU    %usr   %nice    %sys %iowait    %irq   %soft  %steal  %guest   %idle
11:57:49     all   94.81    0.00    4.88    0.00    0.00    0.31    0.00    0.00    0.00
11:57:49       0   99.00    0.00    1.00    0.00    0.00    0.00    0.00    0.00    0.00
11:57:49       1   99.00    0.00    1.00    0.00    0.00    0.00    0.00    0.00    0.00
11:57:49       2   98.99    0.00    1.01    0.00    0.00    0.00    0.00    0.00    0.00
11:57:49       3   98.00    0.00    2.00    0.00    0.00    0.00    0.00    0.00    0.00
11:57:49       4   98.00    0.00    2.00    0.00    0.00    0.00    0.00    0.00    0.00
11:57:49       5   99.00    0.00    1.00    0.00    0.00    0.00    0.00    0.00    0.00
11:57:49       6   99.00    0.00    1.00    0.00    0.00    0.00    0.00    0.00    0.00
11:57:49       7   99.00    0.00    1.00    0.00    0.00    0.00    0.00    0.00    0.00
11:57:49       8   97.98    0.00    2.02    0.00    0.00    0.00    0.00    0.00    0.00
11:57:49       9   98.02    0.00    1.98    0.00    0.00    0.00    0.00    0.00    0.00
11:57:49      10   99.00    0.00    1.00    0.00    0.00    0.00    0.00    0.00    0.00
11:57:49      11   98.00    0.00    2.00    0.00    0.00    0.00    0.00    0.00    0.00
11:57:49      12   98.02    0.00    1.98    0.00    0.00    0.00    0.00    0.00    0.00
11:57:49      13   99.00    0.00    1.00    0.00    0.00    0.00    0.00    0.00    0.00
11:57:49      14   98.02    0.00    1.98    0.00    0.00    0.00    0.00    0.00    0.00
11:57:49      15   98.00    0.00    2.00    0.00    0.00    0.00    0.00    0.00    0.00
11:57:49      16   98.00    0.00    2.00    0.00    0.00    0.00    0.00    0.00    0.00
11:57:49      17   82.18    0.00   17.82    0.00    0.00    0.00    0.00    0.00    0.00
11:57:49      18   98.00    0.00    1.00    0.00    0.00    1.00    0.00    0.00    0.00
11:57:49      19   83.84    0.00   15.15    0.00    0.00    1.01    0.00    0.00    0.00
11:57:49      20   97.00    0.00    1.00    0.00    0.00    2.00    0.00    0.00    0.00
11:57:49      21   86.00    0.00   14.00    0.00    0.00    0.00    0.00    0.00    0.00
11:57:49      22   98.00    0.00    2.00    0.00    0.00    0.00    0.00    0.00    0.00
11:57:49      23   85.00    0.00   15.00    0.00    0.00    0.00    0.00    0.00    0.00
11:57:49      24   95.05    0.00    1.98    0.00    0.00    2.97    0.00    0.00    0.00
11:57:49      25   85.15    0.00   14.85    0.00    0.00    0.00    0.00    0.00    0.00
11:57:49      26   96.97    0.00    1.01    0.00    0.00    2.02    0.00    0.00    0.00
11:57:49      27   84.00    0.00   16.00    0.00    0.00    0.00    0.00    0.00    0.00
11:57:49      28   99.00    0.00    1.00    0.00    0.00    0.00    0.00    0.00    0.00
11:57:49      29   87.00    0.00   13.00    0.00    0.00    0.00    0.00    0.00    0.00
11:57:49      30   99.00    0.00    1.00    0.00    0.00    0.00    0.00    0.00    0.00
11:57:49      31   84.85    0.00   15.15    0.00    0.00    0.00    0.00    0.00    0.00

11:57:49     CPU    %usr   %nice    %sys %iowait    %irq   %soft  %steal  %guest   %idle
11:57:50     all   94.84    0.00    4.91    0.00    0.00    0.25    0.00    0.00    0.00
11:57:50       0   98.00    0.00    2.00    0.00    0.00    0.00    0.00    0.00    0.00
11:57:50       1   97.03    0.00    2.97    0.00    0.00    0.00    0.00    0.00    0.00
11:57:50       2   99.00    0.00    1.00    0.00    0.00    0.00    0.00    0.00    0.00
11:57:50       3   98.00    0.00    2.00    0.00    0.00    0.00    0.00    0.00    0.00
11:57:50       4   99.00    0.00    1.00    0.00    0.00    0.00    0.00    0.00    0.00
11:57:50       5   98.00    0.00    2.00    0.00    0.00    0.00    0.00    0.00    0.00
11:57:50       6   99.00    0.00    1.00    0.00    0.00    0.00    0.00    0.00    0.00
11:57:50       7   98.00    0.00    2.00    0.00    0.00    0.00    0.00    0.00    0.00
11:57:50       8   98.00    0.00    2.00    0.00    0.00    0.00    0.00    0.00    0.00
11:57:50       9   98.00    0.00    2.00    0.00    0.00    0.00    0.00    0.00    0.00
11:57:50      10   99.00    0.00    1.00    0.00    0.00    0.00    0.00    0.00    0.00
11:57:50      11   98.00    0.00    2.00    0.00    0.00    0.00    0.00    0.00    0.00
11:57:50      12   98.99    0.00    1.01    0.00    0.00    0.00    0.00    0.00    0.00
11:57:50      13   98.00    0.00    2.00    0.00    0.00    0.00    0.00    0.00    0.00
11:57:50      14   98.00    0.00    2.00    0.00    0.00    0.00    0.00    0.00    0.00
11:57:50      15   97.00    0.00    3.00    0.00    0.00    0.00    0.00    0.00    0.00
11:57:50      16   98.00    0.00    2.00    0.00    0.00    0.00    0.00    0.00    0.00
11:57:50      17   81.82    0.00   18.18    0.00    0.00    0.00    0.00    0.00    0.00
11:57:50      18   98.00    0.00    2.00    0.00    0.00    0.00    0.00    0.00    0.00
11:57:50      19   84.00    0.00   14.00    0.00    0.00    2.00    0.00    0.00    0.00
11:57:50      20   97.98    0.00    1.01    0.00    0.00    1.01    0.00    0.00    0.00
11:57:50      21   86.00    0.00   14.00    0.00    0.00    0.00    0.00    0.00    0.00
11:57:50      22   99.00    0.00    1.00    0.00    0.00    0.00    0.00    0.00    0.00
11:57:50      23   86.00    0.00   14.00    0.00    0.00    0.00    0.00    0.00    0.00
11:57:50      24   96.97    0.00    1.01    0.00    0.00    2.02    0.00    0.00    0.00
11:57:50      25   84.85    0.00   15.15    0.00    0.00    0.00    0.00    0.00    0.00
11:57:50      26   96.00    0.00    2.00    0.00    0.00    2.00    0.00    0.00    0.00
11:57:50      27   86.00    0.00   14.00    0.00    0.00    0.00    0.00    0.00    0.00
11:57:50      28   98.00    0.00    2.00    0.00    0.00    0.00    0.00    0.00    0.00
11:57:50      29   87.88    0.00   12.12    0.00    0.00    0.00    0.00    0.00    0.00
11:57:50      30   99.00    0.00    1.00    0.00    0.00    0.00    0.00    0.00    0.00
11:57:50      31   86.00    0.00   14.00    0.00    0.00    0.00    0.00    0.00    0.00

11:57:50     CPU    %usr   %nice    %sys %iowait    %irq   %soft  %steal  %guest   %idle
11:57:51     all   94.78    0.00    5.00    0.00    0.00    0.22    0.00    0.00    0.00
11:57:51       0   98.00    0.00    2.00    0.00    0.00    0.00    0.00    0.00    0.00
11:57:51       1   97.98    0.00    2.02    0.00    0.00    0.00    0.00    0.00    0.00
11:57:51       2   98.00    0.00    2.00    0.00    0.00    0.00    0.00    0.00    0.00
11:57:51       3   98.00    0.00    2.00    0.00    0.00    0.00    0.00    0.00    0.00
11:57:51       4   99.00    0.00    1.00    0.00    0.00    0.00    0.00    0.00    0.00
11:57:51       5   98.00    0.00    2.00    0.00    0.00    0.00    0.00    0.00    0.00
11:57:51       6   99.00    0.00    1.00    0.00    0.00    0.00    0.00    0.00    0.00
11:57:51       7   97.98    0.00    2.02    0.00    0.00    0.00    0.00    0.00    0.00
11:57:51       8   98.02    0.00    1.98    0.00    0.00    0.00    0.00    0.00    0.00
11:57:51       9   97.98    0.00    2.02    0.00    0.00    0.00    0.00    0.00    0.00
11:57:51      10   99.00    0.00    1.00    0.00    0.00    0.00    0.00    0.00    0.00
11:57:51      11   98.99    0.00    1.01    0.00    0.00    0.00    0.00    0.00    0.00
11:57:51      12   99.00    0.00    1.00    0.00    0.00    0.00    0.00    0.00    0.00
11:57:51      13   98.00    0.00    2.00    0.00    0.00    0.00    0.00    0.00    0.00
11:57:51      14   99.00    0.00    1.00    0.00    0.00    0.00    0.00    0.00    0.00
11:57:51      15   97.03    0.00    2.97    0.00    0.00    0.00    0.00    0.00    0.00
11:57:51      16   98.00    0.00    2.00    0.00    0.00    0.00    0.00    0.00    0.00
11:57:51      17   82.18    0.00   17.82    0.00    0.00    0.00    0.00    0.00    0.00
11:57:51      18   97.00    0.00    2.00    0.00    0.00    1.00    0.00    0.00    0.00
11:57:51      19   85.00    0.00   15.00    0.00    0.00    0.00    0.00    0.00    0.00
11:57:51      20   96.97    0.00    2.02    0.00    0.00    1.01    0.00    0.00    0.00
11:57:51      21   85.86    0.00   14.14    0.00    0.00    0.00    0.00    0.00    0.00
11:57:51      22   99.00    0.00    1.00    0.00    0.00    0.00    0.00    0.00    0.00
11:57:51      23   85.00    0.00   15.00    0.00    0.00    0.00    0.00    0.00    0.00
11:57:51      24   96.00    0.00    1.00    0.00    0.00    3.00    0.00    0.00    0.00
11:57:51      25   84.16    0.00   15.84    0.00    0.00    0.00    0.00    0.00    0.00
11:57:51      26   96.04    0.00    1.98    0.00    0.00    1.98    0.00    0.00    0.00
11:57:51      27   85.00    0.00   15.00    0.00    0.00    0.00    0.00    0.00    0.00
11:57:51      28  100.00    0.00    0.00    0.00    0.00    0.00    0.00    0.00    0.00
11:57:51      29   86.14    0.00   13.86    0.00    0.00    0.00    0.00    0.00    0.00
11:57:51      30   99.00    0.00    1.00    0.00    0.00    0.00    0.00    0.00    0.00
11:57:51      31   85.00    0.00   15.00    0.00    0.00    0.00    0.00    0.00    0.00

11:57:51     CPU    %usr   %nice    %sys %iowait    %irq   %soft  %steal  %guest   %idle
11:57:52     all   94.56    0.00    5.19    0.00    0.00    0.25    0.00    0.00    0.00
11:57:52       0   99.00    0.00    1.00    0.00    0.00    0.00    0.00    0.00    0.00
11:57:52       1   98.00    0.00    2.00    0.00    0.00    0.00    0.00    0.00    0.00
11:57:52       2   99.00    0.00    1.00    0.00    0.00    0.00    0.00    0.00    0.00
11:57:52       3   98.00    0.00    2.00    0.00    0.00    0.00    0.00    0.00    0.00
11:57:52       4   99.00    0.00    1.00    0.00    0.00    0.00    0.00    0.00    0.00
11:57:52       5   98.00    0.00    2.00    0.00    0.00    0.00    0.00    0.00    0.00
11:57:52       6   98.99    0.00    1.01    0.00    0.00    0.00    0.00    0.00    0.00
11:57:52       7   98.00    0.00    2.00    0.00    0.00    0.00    0.00    0.00    0.00
11:57:52       8   97.98    0.00    2.02    0.00    0.00    0.00    0.00    0.00    0.00
11:57:52       9   99.00    0.00    1.00    0.00    0.00    0.00    0.00    0.00    0.00
11:57:52      10   99.00    0.00    1.00    0.00    0.00    0.00    0.00    0.00    0.00
11:57:52      11   98.00    0.00    2.00    0.00    0.00    0.00    0.00    0.00    0.00
11:57:52      12   99.00    0.00    1.00    0.00    0.00    0.00    0.00    0.00    0.00
11:57:52      13   98.00    0.00    2.00    0.00    0.00    0.00    0.00    0.00    0.00
11:57:52      14   98.99    0.00    1.01    0.00    0.00    0.00    0.00    0.00    0.00
11:57:52      15   98.00    0.00    2.00    0.00    0.00    0.00    0.00    0.00    0.00
11:57:52      16   98.00    0.00    2.00    0.00    0.00    0.00    0.00    0.00    0.00
11:57:52      17   81.00    0.00   19.00    0.00    0.00    0.00    0.00    0.00    0.00
11:57:52      18   98.00    0.00    1.00    0.00    0.00    1.00    0.00    0.00    0.00
11:57:52      19   81.00    0.00   17.00    0.00    0.00    2.00    0.00    0.00    0.00
11:57:52      20   96.04    0.00    1.98    0.00    0.00    1.98    0.00    0.00    0.00
11:57:52      21   84.00    0.00   16.00    0.00    0.00    0.00    0.00    0.00    0.00
11:57:52      22   98.00    0.00    2.00    0.00    0.00    0.00    0.00    0.00    0.00
11:57:52      23   84.00    0.00   16.00    0.00    0.00    0.00    0.00    0.00    0.00
11:57:52      24   96.04    0.00    1.98    0.00    0.00    1.98    0.00    0.00    0.00
11:57:52      25   84.00    0.00   16.00    0.00    0.00    0.00    0.00    0.00    0.00
11:57:52      26   96.00    0.00    2.00    0.00    0.00    2.00    0.00    0.00    0.00
11:57:52      27   85.00    0.00   15.00    0.00    0.00    0.00    0.00    0.00    0.00
11:57:52      28   98.00    0.00    2.00    0.00    0.00    0.00    0.00    0.00    0.00
11:57:52      29   86.87    0.00   13.13    0.00    0.00    0.00    0.00    0.00    0.00
11:57:52      30   98.00    0.00    2.00    0.00    0.00    0.00    0.00    0.00    0.00
11:57:52      31   85.00    0.00   15.00    0.00    0.00    0.00    0.00    0.00    0.00

11:57:52     CPU    %usr   %nice    %sys %iowait    %irq   %soft  %steal  %guest   %idle
11:57:53     all   95.00    0.00    4.72    0.00    0.00    0.28    0.00    0.00    0.00
11:57:53       0  100.00    0.00    0.00    0.00    0.00    0.00    0.00    0.00    0.00
11:57:53       1   98.00    0.00    2.00    0.00    0.00    0.00    0.00    0.00    0.00
11:57:53       2   98.00    0.00    2.00    0.00    0.00    0.00    0.00    0.00    0.00
11:57:53       3   98.02    0.00    1.98    0.00    0.00    0.00    0.00    0.00    0.00
11:57:53       4   98.00    0.00    2.00    0.00    0.00    0.00    0.00    0.00    0.00
11:57:53       5   98.02    0.00    1.98    0.00    0.00    0.00    0.00    0.00    0.00
11:57:53       6   99.01    0.00    0.99    0.00    0.00    0.00    0.00    0.00    0.00
11:57:53       7   98.00    0.00    2.00    0.00    0.00    0.00    0.00    0.00    0.00
11:57:53       8   99.00    0.00    1.00    0.00    0.00    0.00    0.00    0.00    0.00
11:57:53       9   98.00    0.00    2.00    0.00    0.00    0.00    0.00    0.00    0.00
11:57:53      10   99.00    0.00    1.00    0.00    0.00    0.00    0.00    0.00    0.00
11:57:53      11   97.03    0.00    2.97    0.00    0.00    0.00    0.00    0.00    0.00
11:57:53      12   99.00    0.00    1.00    0.00    0.00    0.00    0.00    0.00    0.00
11:57:53      13   98.99    0.00    1.01    0.00    0.00    0.00    0.00    0.00    0.00
11:57:53      14   98.00    0.00    2.00    0.00    0.00    0.00    0.00    0.00    0.00
11:57:53      15   97.00    0.00    3.00    0.00    0.00    0.00    0.00    0.00    0.00
11:57:53      16   98.00    0.00    2.00    0.00    0.00    0.00    0.00    0.00    0.00
11:57:53      17   83.00    0.00   17.00    0.00    0.00    0.00    0.00    0.00    0.00
11:57:53      18   97.98    0.00    1.01    0.00    0.00    1.01    0.00    0.00    0.00
11:57:53      19   84.00    0.00   15.00    0.00    0.00    1.00    0.00    0.00    0.00
11:57:53      20   97.98    0.00    0.00    0.00    0.00    2.02    0.00    0.00    0.00
11:57:53      21   87.13    0.00   12.87    0.00    0.00    0.00    0.00    0.00    0.00
11:57:53      22   98.00    0.00    2.00    0.00    0.00    0.00    0.00    0.00    0.00
11:57:53      23   86.00    0.00   14.00    0.00    0.00    0.00    0.00    0.00    0.00
11:57:53      24   97.00    0.00    0.00    0.00    0.00    3.00    0.00    0.00    0.00
11:57:53      25   87.00    0.00   13.00    0.00    0.00    0.00    0.00    0.00    0.00
11:57:53      26   97.00    0.00    1.00    0.00    0.00    2.00    0.00    0.00    0.00
11:57:53      27   86.00    0.00   14.00    0.00    0.00    0.00    0.00    0.00    0.00
11:57:53      28   99.00    0.00    1.00    0.00    0.00    0.00    0.00    0.00    0.00
11:57:53      29   85.15    0.00   14.85    0.00    0.00    0.00    0.00    0.00    0.00
11:57:53      30   99.00    0.00    1.00    0.00    0.00    0.00    0.00    0.00    0.00
11:57:53      31   85.00    0.00   15.00    0.00    0.00    0.00    0.00    0.00    0.00

11:57:53     CPU    %usr   %nice    %sys %iowait    %irq   %soft  %steal  %guest   %idle
11:57:54     all   94.59    0.00    5.06    0.00    0.00    0.34    0.00    0.00    0.00
11:57:54       0   99.00    0.00    1.00    0.00    0.00    0.00    0.00    0.00    0.00
11:57:54       1   97.03    0.00    2.97    0.00    0.00    0.00    0.00    0.00    0.00
11:57:54       2   98.02    0.00    1.98    0.00    0.00    0.00    0.00    0.00    0.00
11:57:54       3   97.98    0.00    2.02    0.00    0.00    0.00    0.00    0.00    0.00
11:57:54       4   99.01    0.00    0.99    0.00    0.00    0.00    0.00    0.00    0.00
11:57:54       5   97.98    0.00    2.02    0.00    0.00    0.00    0.00    0.00    0.00
11:57:54       6   98.00    0.00    2.00    0.00    0.00    0.00    0.00    0.00    0.00
11:57:54       7   98.00    0.00    2.00    0.00    0.00    0.00    0.00    0.00    0.00
11:57:54       8   98.02    0.00    1.98    0.00    0.00    0.00    0.00    0.00    0.00
11:57:54       9   97.00    0.00    3.00    0.00    0.00    0.00    0.00    0.00    0.00
11:57:54      10   99.00    0.00    1.00    0.00    0.00    0.00    0.00    0.00    0.00
11:57:54      11   97.98    0.00    2.02    0.00    0.00    0.00    0.00    0.00    0.00
11:57:54      12   97.03    0.00    2.97    0.00    0.00    0.00    0.00    0.00    0.00
11:57:54      13   98.00    0.00    2.00    0.00    0.00    0.00    0.00    0.00    0.00
11:57:54      14   98.00    0.00    2.00    0.00    0.00    0.00    0.00    0.00    0.00
11:57:54      15   97.00    0.00    3.00    0.00    0.00    0.00    0.00    0.00    0.00
11:57:54      16   99.00    0.00    1.00    0.00    0.00    0.00    0.00    0.00    0.00
11:57:54      17   82.83    0.00   17.17    0.00    0.00    0.00    0.00    0.00    0.00
11:57:54      18   97.03    0.00    1.98    0.00    0.00    0.99    0.00    0.00    0.00
11:57:54      19   84.16    0.00   14.85    0.00    0.00    0.99    0.00    0.00    0.00
11:57:54      20   94.12    0.00    1.96    0.00    0.00    3.92    0.00    0.00    0.00
11:57:54      21   86.00    0.00   14.00    0.00    0.00    0.00    0.00    0.00    0.00
11:57:54      22   99.00    0.00    1.00    0.00    0.00    0.00    0.00    0.00    0.00
11:57:54      23   84.00    0.00   16.00    0.00    0.00    0.00    0.00    0.00    0.00
11:57:54      24   96.97    0.00    1.01    0.00    0.00    2.02    0.00    0.00    0.00
11:57:54      25   84.00    0.00   16.00    0.00    0.00    0.00    0.00    0.00    0.00
11:57:54      26   96.00    0.00    2.00    0.00    0.00    2.00    0.00    0.00    0.00
11:57:54      27   85.00    0.00   15.00    0.00    0.00    0.00    0.00    0.00    0.00
11:57:54      28   99.00    0.00    1.00    0.00    0.00    0.00    0.00    0.00    0.00
11:57:54      29   87.00    0.00   13.00    0.00    0.00    0.00    0.00    0.00    0.00
11:57:54      30   99.00    0.00    1.00    0.00    0.00    0.00    0.00    0.00    0.00
11:57:54      31   84.00    0.00   16.00    0.00    0.00    0.00    0.00    0.00    0.00

11:57:54     CPU    %usr   %nice    %sys %iowait    %irq   %soft  %steal  %guest   %idle
11:57:55     all   94.81    0.00    4.94    0.00    0.00    0.25    0.00    0.00    0.00
11:57:55       0   98.00    0.00    2.00    0.00    0.00    0.00    0.00    0.00    0.00
11:57:55       1   98.99    0.00    1.01    0.00    0.00    0.00    0.00    0.00    0.00
11:57:55       2   98.99    0.00    1.01    0.00    0.00    0.00    0.00    0.00    0.00
11:57:55       3   98.00    0.00    2.00    0.00    0.00    0.00    0.00    0.00    0.00
11:57:55       4   98.99    0.00    1.01    0.00    0.00    0.00    0.00    0.00    0.00
11:57:55       5   98.00    0.00    2.00    0.00    0.00    0.00    0.00    0.00    0.00
11:57:55       6   98.99    0.00    1.01    0.00    0.00    0.00    0.00    0.00    0.00
11:57:55       7   98.00    0.00    2.00    0.00    0.00    0.00    0.00    0.00    0.00
11:57:55       8   98.00    0.00    2.00    0.00    0.00    0.00    0.00    0.00    0.00
11:57:55       9   98.00    0.00    2.00    0.00    0.00    0.00    0.00    0.00    0.00
11:57:55      10   99.00    0.00    1.00    0.00    0.00    0.00    0.00    0.00    0.00
11:57:55      11   99.00    0.00    1.00    0.00    0.00    0.00    0.00    0.00    0.00
11:57:55      12   98.99    0.00    1.01    0.00    0.00    0.00    0.00    0.00    0.00
11:57:55      13   98.02    0.00    1.98    0.00    0.00    0.00    0.00    0.00    0.00
11:57:55      14   99.00    0.00    1.00    0.00    0.00    0.00    0.00    0.00    0.00
11:57:55      15   98.00    0.00    2.00    0.00    0.00    0.00    0.00    0.00    0.00
11:57:55      16   98.00    0.00    2.00    0.00    0.00    0.00    0.00    0.00    0.00
11:57:55      17   84.00    0.00   16.00    0.00    0.00    0.00    0.00    0.00    0.00
11:57:55      18   97.98    0.00    1.01    0.00    0.00    1.01    0.00    0.00    0.00
11:57:55      19   83.84    0.00   16.16    0.00    0.00    0.00    0.00    0.00    0.00
11:57:55      20   95.96    0.00    2.02    0.00    0.00    2.02    0.00    0.00    0.00
11:57:55      21   87.88    0.00   12.12    0.00    0.00    0.00    0.00    0.00    0.00
11:57:55      22   97.00    0.00    3.00    0.00    0.00    0.00    0.00    0.00    0.00
11:57:55      23   86.00    0.00   14.00    0.00    0.00    0.00    0.00    0.00    0.00
11:57:55      24   96.00    0.00    2.00    0.00    0.00    2.00    0.00    0.00    0.00
11:57:55      25   85.00    0.00   15.00    0.00    0.00    0.00    0.00    0.00    0.00
11:57:55      26   96.00    0.00    1.00    0.00    0.00    3.00    0.00    0.00    0.00
11:57:55      27   85.00    0.00   15.00    0.00    0.00    0.00    0.00    0.00    0.00
11:57:55      28   99.00    0.00    1.00    0.00    0.00    0.00    0.00    0.00    0.00
11:57:55      29   86.87    0.00   13.13    0.00    0.00    0.00    0.00    0.00    0.00
11:57:55      30   99.00    0.00    1.00    0.00    0.00    0.00    0.00    0.00    0.00
11:57:55      31   85.00    0.00   15.00    0.00    0.00    0.00    0.00    0.00    0.00

11:57:55     CPU    %usr   %nice    %sys %iowait    %irq   %soft  %steal  %guest   %idle
11:57:56     all   94.75    0.00    4.97    0.00    0.00    0.28    0.00    0.00    0.00
11:57:56       0   99.00    0.00    1.00    0.00    0.00    0.00    0.00    0.00    0.00
11:57:56       1   97.00    0.00    3.00    0.00    0.00    0.00    0.00    0.00    0.00
11:57:56       2   99.00    0.00    1.00    0.00    0.00    0.00    0.00    0.00    0.00
11:57:56       3   98.00    0.00    2.00    0.00    0.00    0.00    0.00    0.00    0.00
11:57:56       4   99.00    0.00    1.00    0.00    0.00    0.00    0.00    0.00    0.00
11:57:56       5   99.00    0.00    1.00    0.00    0.00    0.00    0.00    0.00    0.00
11:57:56       6   99.00    0.00    1.00    0.00    0.00    0.00    0.00    0.00    0.00
11:57:56       7   98.00    0.00    2.00    0.00    0.00    0.00    0.00    0.00    0.00
11:57:56       8   98.99    0.00    1.01    0.00    0.00    0.00    0.00    0.00    0.00
11:57:56       9   98.00    0.00    2.00    0.00    0.00    0.00    0.00    0.00    0.00
11:57:56      10   99.00    0.00    1.00    0.00    0.00    0.00    0.00    0.00    0.00
11:57:56      11   98.02    0.00    1.98    0.00    0.00    0.00    0.00    0.00    0.00
11:57:56      12   99.00    0.00    1.00    0.00    0.00    0.00    0.00    0.00    0.00
11:57:56      13   98.00    0.00    2.00    0.00    0.00    0.00    0.00    0.00    0.00
11:57:56      14   98.00    0.00    2.00    0.00    0.00    0.00    0.00    0.00    0.00
11:57:56      15   97.98    0.00    2.02    0.00    0.00    0.00    0.00    0.00    0.00
11:57:56      16   99.00    0.00    1.00    0.00    0.00    0.00    0.00    0.00    0.00
11:57:56      17   82.18    0.00   17.82    0.00    0.00    0.00    0.00    0.00    0.00
11:57:56      18   97.03    0.00    1.98    0.00    0.00    0.99    0.00    0.00    0.00
11:57:56      19   80.00    0.00   18.00    0.00    0.00    2.00    0.00    0.00    0.00
11:57:56      20   95.05    0.00    2.97    0.00    0.00    1.98    0.00    0.00    0.00
11:57:56      21   85.15    0.00   14.85    0.00    0.00    0.00    0.00    0.00    0.00
11:57:56      22   98.99    0.00    1.01    0.00    0.00    0.00    0.00    0.00    0.00
11:57:56      23   84.00    0.00   16.00    0.00    0.00    0.00    0.00    0.00    0.00
11:57:56      24   96.00    0.00    1.00    0.00    0.00    3.00    0.00    0.00    0.00
11:57:56      25   85.00    0.00   15.00    0.00    0.00    0.00    0.00    0.00    0.00
11:57:56      26   96.00    0.00    2.00    0.00    0.00    2.00    0.00    0.00    0.00
11:57:56      27   86.00    0.00   14.00    0.00    0.00    0.00    0.00    0.00    0.00
11:57:56      28   99.00    0.00    1.00    0.00    0.00    0.00    0.00    0.00    0.00
11:57:56      29   86.14    0.00   13.86    0.00    0.00    0.00    0.00    0.00    0.00
11:57:56      30   99.00    0.00    1.00    0.00    0.00    0.00    0.00    0.00    0.00
11:57:56      31   87.00    0.00   13.00    0.00    0.00    0.00    0.00    0.00    0.00

11:57:56     CPU    %usr   %nice    %sys %iowait    %irq   %soft  %steal  %guest   %idle
11:57:57     all   94.88    0.00    4.81    0.00    0.00    0.31    0.00    0.00    0.00
11:57:57       0   98.99    0.00    1.01    0.00    0.00    0.00    0.00    0.00    0.00
11:57:57       1   99.00    0.00    1.00    0.00    0.00    0.00    0.00    0.00    0.00
11:57:57       2   98.02    0.00    1.98    0.00    0.00    0.00    0.00    0.00    0.00
11:57:57       3   98.00    0.00    2.00    0.00    0.00    0.00    0.00    0.00    0.00
11:57:57       4   98.02    0.00    1.98    0.00    0.00    0.00    0.00    0.00    0.00
11:57:57       5   98.02    0.00    1.98    0.00    0.00    0.00    0.00    0.00    0.00
11:57:57       6   99.01    0.00    0.99    0.00    0.00    0.00    0.00    0.00    0.00
11:57:57       7   98.02    0.00    1.98    0.00    0.00    0.00    0.00    0.00    0.00
11:57:57       8   99.00    0.00    1.00    0.00    0.00    0.00    0.00    0.00    0.00
11:57:57       9   98.00    0.00    2.00    0.00    0.00    0.00    0.00    0.00    0.00
11:57:57      10   99.00    0.00    1.00    0.00    0.00    0.00    0.00    0.00    0.00
11:57:57      11   98.00    0.00    2.00    0.00    0.00    0.00    0.00    0.00    0.00
11:57:57      12   98.00    0.00    2.00    0.00    0.00    0.00    0.00    0.00    0.00
11:57:57      13   98.00    0.00    2.00    0.00    0.00    0.00    0.00    0.00    0.00
11:57:57      14   98.02    0.00    1.98    0.00    0.00    0.00    0.00    0.00    0.00
11:57:57      15   97.03    0.00    2.97    0.00    0.00    0.00    0.00    0.00    0.00
11:57:57      16   99.00    0.00    1.00    0.00    0.00    0.00    0.00    0.00    0.00
11:57:57      17   83.84    0.00   16.16    0.00    0.00    0.00    0.00    0.00    0.00
11:57:57      18   98.00    0.00    1.00    0.00    0.00    1.00    0.00    0.00    0.00
11:57:57      19   84.00    0.00   15.00    0.00    0.00    1.00    0.00    0.00    0.00
11:57:57      20   96.97    0.00    1.01    0.00    0.00    2.02    0.00    0.00    0.00
11:57:57      21   86.00    0.00   14.00    0.00    0.00    0.00    0.00    0.00    0.00
11:57:57      22   98.02    0.00    1.98    0.00    0.00    0.00    0.00    0.00    0.00
11:57:57      23   85.00    0.00   15.00    0.00    0.00    0.00    0.00    0.00    0.00
11:57:57      24   96.00    0.00    1.00    0.00    0.00    3.00    0.00    0.00    0.00
11:57:57      25   85.86    0.00   14.14    0.00    0.00    0.00    0.00    0.00    0.00
11:57:57      26   95.96    0.00    2.02    0.00    0.00    2.02    0.00    0.00    0.00
11:57:57      27   86.00    0.00   14.00    0.00    0.00    0.00    0.00    0.00    0.00
11:57:57      28   99.00    0.00    1.00    0.00    0.00    0.00    0.00    0.00    0.00
11:57:57      29   86.87    0.00   13.13    0.00    0.00    0.00    0.00    0.00    0.00
11:57:57      30   98.00    0.00    2.00    0.00    0.00    0.00    0.00    0.00    0.00
11:57:57      31   85.00    0.00   15.00    0.00    0.00    0.00    0.00    0.00    0.00

11:57:57     CPU    %usr   %nice    %sys %iowait    %irq   %soft  %steal  %guest   %idle
11:57:58     all   94.84    0.00    4.88    0.00    0.00    0.28    0.00    0.00    0.00
11:57:58       0   98.02    0.00    1.98    0.00    0.00    0.00    0.00    0.00    0.00
11:57:58       1   98.00    0.00    2.00    0.00    0.00    0.00    0.00    0.00    0.00
11:57:58       2   98.99    0.00    1.01    0.00    0.00    0.00    0.00    0.00    0.00
11:57:58       3   98.00    0.00    2.00    0.00    0.00    0.00    0.00    0.00    0.00
11:57:58       4   98.99    0.00    1.01    0.00    0.00    0.00    0.00    0.00    0.00
11:57:58       5   98.99    0.00    1.01    0.00    0.00    0.00    0.00    0.00    0.00
11:57:58       6   98.99    0.00    1.01    0.00    0.00    0.00    0.00    0.00    0.00
11:57:58       7   97.98    0.00    2.02    0.00    0.00    0.00    0.00    0.00    0.00
11:57:58       8   98.02    0.00    1.98    0.00    0.00    0.00    0.00    0.00    0.00
11:57:58       9   98.00    0.00    2.00    0.00    0.00    0.00    0.00    0.00    0.00
11:57:58      10   98.00    0.00    2.00    0.00    0.00    0.00    0.00    0.00    0.00
11:57:58      11   99.00    0.00    1.00    0.00    0.00    0.00    0.00    0.00    0.00
11:57:58      12   97.03    0.00    2.97    0.00    0.00    0.00    0.00    0.00    0.00
11:57:58      13   98.99    0.00    1.01    0.00    0.00    0.00    0.00    0.00    0.00
11:57:58      14   98.00    0.00    2.00    0.00    0.00    0.00    0.00    0.00    0.00
11:57:58      15   98.00    0.00    2.00    0.00    0.00    0.00    0.00    0.00    0.00
11:57:58      16   98.00    0.00    2.00    0.00    0.00    0.00    0.00    0.00    0.00
11:57:58      17   84.00    0.00   16.00    0.00    0.00    0.00    0.00    0.00    0.00
11:57:58      18   98.00    0.00    1.00    0.00    0.00    1.00    0.00    0.00    0.00
11:57:58      19   83.17    0.00   14.85    0.00    0.00    1.98    0.00    0.00    0.00
11:57:58      20   97.00    0.00    1.00    0.00    0.00    2.00    0.00    0.00    0.00
11:57:58      21   86.00    0.00   14.00    0.00    0.00    0.00    0.00    0.00    0.00
11:57:58      22   98.99    0.00    1.01    0.00    0.00    0.00    0.00    0.00    0.00
11:57:58      23   85.00    0.00   15.00    0.00    0.00    0.00    0.00    0.00    0.00
11:57:58      24   97.00    0.00    1.00    0.00    0.00    2.00    0.00    0.00    0.00
11:57:58      25   85.00    0.00   15.00    0.00    0.00    0.00    0.00    0.00    0.00
11:57:58      26   95.05    0.00    1.98    0.00    0.00    2.97    0.00    0.00    0.00
11:57:58      27   86.00    0.00   14.00    0.00    0.00    0.00    0.00    0.00    0.00
11:57:58      28   99.00    0.00    1.00    0.00    0.00    0.00    0.00    0.00    0.00
11:57:58      29   85.15    0.00   14.85    0.00    0.00    0.00    0.00    0.00    0.00
11:57:58      30   99.00    0.00    1.00    0.00    0.00    0.00    0.00    0.00    0.00
11:57:58      31   85.00    0.00   15.00    0.00    0.00    0.00    0.00    0.00    0.00

11:57:58     CPU    %usr   %nice    %sys %iowait    %irq   %soft  %steal  %guest   %idle
11:57:59     all   94.47    0.00    5.25    0.00    0.00    0.28    0.00    0.00    0.00
11:57:59       0   98.00    0.00    2.00    0.00    0.00    0.00    0.00    0.00    0.00
11:57:59       1   98.00    0.00    2.00    0.00    0.00    0.00    0.00    0.00    0.00
11:57:59       2   98.00    0.00    2.00    0.00    0.00    0.00    0.00    0.00    0.00
11:57:59       3   98.00    0.00    2.00    0.00    0.00    0.00    0.00    0.00    0.00
11:57:59       4   98.02    0.00    1.98    0.00    0.00    0.00    0.00    0.00    0.00
11:57:59       5   98.00    0.00    2.00    0.00    0.00    0.00    0.00    0.00    0.00
11:57:59       6   99.01    0.00    0.99    0.00    0.00    0.00    0.00    0.00    0.00
11:57:59       7   99.00    0.00    1.00    0.00    0.00    0.00    0.00    0.00    0.00
11:57:59       8   98.00    0.00    2.00    0.00    0.00    0.00    0.00    0.00    0.00
11:57:59       9   99.00    0.00    1.00    0.00    0.00    0.00    0.00    0.00    0.00
11:57:59      10   98.00    0.00    2.00    0.00    0.00    0.00    0.00    0.00    0.00
11:57:59      11   98.00    0.00    2.00    0.00    0.00    0.00    0.00    0.00    0.00
11:57:59      12   98.99    0.00    1.01    0.00    0.00    0.00    0.00    0.00    0.00
11:57:59      13   97.03    0.00    2.97    0.00    0.00    0.00    0.00    0.00    0.00
11:57:59      14   98.00    0.00    2.00    0.00    0.00    0.00    0.00    0.00    0.00
11:57:59      15   97.00    0.00    3.00    0.00    0.00    0.00    0.00    0.00    0.00
11:57:59      16   98.00    0.00    2.00    0.00    0.00    0.00    0.00    0.00    0.00
11:57:59      17   80.20    0.00   19.80    0.00    0.00    0.00    0.00    0.00    0.00
11:57:59      18   98.00    0.00    1.00    0.00    0.00    1.00    0.00    0.00    0.00
11:57:59      19   81.00    0.00   18.00    0.00    0.00    1.00    0.00    0.00    0.00
11:57:59      20   96.00    0.00    2.00    0.00    0.00    2.00    0.00    0.00    0.00
11:57:59      21   85.00    0.00   15.00    0.00    0.00    0.00    0.00    0.00    0.00
11:57:59      22   98.02    0.00    1.98    0.00    0.00    0.00    0.00    0.00    0.00
11:57:59      23   86.00    0.00   14.00    0.00    0.00    0.00    0.00    0.00    0.00
11:57:59      24   95.05    0.00    1.98    0.00    0.00    2.97    0.00    0.00    0.00
11:57:59      25   85.00    0.00   15.00    0.00    0.00    0.00    0.00    0.00    0.00
11:57:59      26   96.97    0.00    1.01    0.00    0.00    2.02    0.00    0.00    0.00
11:57:59      27   85.00    0.00   15.00    0.00    0.00    0.00    0.00    0.00    0.00
11:57:59      28   99.00    0.00    1.00    0.00    0.00    0.00    0.00    0.00    0.00
11:57:59      29   85.00    0.00   15.00    0.00    0.00    0.00    0.00    0.00    0.00
11:57:59      30   99.00    0.00    1.00    0.00    0.00    0.00    0.00    0.00    0.00
11:57:59      31   83.17    0.00   16.83    0.00    0.00    0.00    0.00    0.00    0.00

11:57:59     CPU    %usr   %nice    %sys %iowait    %irq   %soft  %steal  %guest   %idle
11:58:00     all   94.56    0.00    5.13    0.00    0.00    0.31    0.00    0.00    0.00
11:58:00       0   99.00    0.00    1.00    0.00    0.00    0.00    0.00    0.00    0.00
11:58:00       1   98.02    0.00    1.98    0.00    0.00    0.00    0.00    0.00    0.00
11:58:00       2   99.00    0.00    1.00    0.00    0.00    0.00    0.00    0.00    0.00
11:58:00       3   98.00    0.00    2.00    0.00    0.00    0.00    0.00    0.00    0.00
11:58:00       4   99.00    0.00    1.00    0.00    0.00    0.00    0.00    0.00    0.00
11:58:00       5   97.03    0.00    2.97    0.00    0.00    0.00    0.00    0.00    0.00
11:58:00       6   99.00    0.00    1.00    0.00    0.00    0.00    0.00    0.00    0.00
11:58:00       7   98.00    0.00    2.00    0.00    0.00    0.00    0.00    0.00    0.00
11:58:00       8   97.98    0.00    2.02    0.00    0.00    0.00    0.00    0.00    0.00
11:58:00       9   98.00    0.00    2.00    0.00    0.00    0.00    0.00    0.00    0.00
11:58:00      10   99.00    0.00    1.00    0.00    0.00    0.00    0.00    0.00    0.00
11:58:00      11   98.00    0.00    2.00    0.00    0.00    0.00    0.00    0.00    0.00
11:58:00      12   97.03    0.00    2.97    0.00    0.00    0.00    0.00    0.00    0.00
11:58:00      13   98.00    0.00    2.00    0.00    0.00    0.00    0.00    0.00    0.00
11:58:00      14  100.00    0.00    0.00    0.00    0.00    0.00    0.00    0.00    0.00
11:58:00      15   97.98    0.00    2.02    0.00    0.00    0.00    0.00    0.00    0.00
11:58:00      16   99.00    0.00    1.00    0.00    0.00    0.00    0.00    0.00    0.00
11:58:00      17   81.82    0.00   18.18    0.00    0.00    0.00    0.00    0.00    0.00
11:58:00      18   97.00    0.00    2.00    0.00    0.00    1.00    0.00    0.00    0.00
11:58:00      19   83.00    0.00   15.00    0.00    0.00    2.00    0.00    0.00    0.00
11:58:00      20   96.00    0.00    2.00    0.00    0.00    2.00    0.00    0.00    0.00
11:58:00      21   85.00    0.00   15.00    0.00    0.00    0.00    0.00    0.00    0.00
11:58:00      22   98.00    0.00    2.00    0.00    0.00    0.00    0.00    0.00    0.00
11:58:00      23   84.00    0.00   16.00    0.00    0.00    0.00    0.00    0.00    0.00
11:58:00      24   96.97    0.00    1.01    0.00    0.00    2.02    0.00    0.00    0.00
11:58:00      25   84.00    0.00   16.00    0.00    0.00    0.00    0.00    0.00    0.00
11:58:00      26   95.05    0.00    1.98    0.00    0.00    2.97    0.00    0.00    0.00
11:58:00      27   85.00    0.00   15.00    0.00    0.00    0.00    0.00    0.00    0.00
11:58:00      28   99.00    0.00    1.00    0.00    0.00    0.00    0.00    0.00    0.00
11:58:00      29   85.86    0.00   14.14    0.00    0.00    0.00    0.00    0.00    0.00
11:58:00      30   98.00    0.00    2.00    0.00    0.00    0.00    0.00    0.00    0.00
11:58:00      31   85.86    0.00   14.14    0.00    0.00    0.00    0.00    0.00    0.00

11:58:00     CPU    %usr   %nice    %sys %iowait    %irq   %soft  %steal  %guest   %idle
11:58:01     all   94.56    0.00    5.12    0.00    0.00    0.28    0.00    0.00    0.03
11:58:01       0   99.00    0.00    1.00    0.00    0.00    0.00    0.00    0.00    0.00
11:58:01       1   97.98    0.00    2.02    0.00    0.00    0.00    0.00    0.00    0.00
11:58:01       2   97.03    0.00    2.97    0.00    0.00    0.00    0.00    0.00    0.00
11:58:01       3   98.00    0.00    2.00    0.00    0.00    0.00    0.00    0.00    0.00
11:58:01       4  100.00    0.00    0.00    0.00    0.00    0.00    0.00    0.00    0.00
11:58:01       5   98.00    0.00    2.00    0.00    0.00    0.00    0.00    0.00    0.00
11:58:01       6   98.99    0.00    1.01    0.00    0.00    0.00    0.00    0.00    0.00
11:58:01       7   99.00    0.00    1.00    0.00    0.00    0.00    0.00    0.00    0.00
11:58:01       8   99.00    0.00    1.00    0.00    0.00    0.00    0.00    0.00    0.00
11:58:01       9   98.00    0.00    2.00    0.00    0.00    0.00    0.00    0.00    0.00
11:58:01      10   99.00    0.00    1.00    0.00    0.00    0.00    0.00    0.00    0.00
11:58:01      11   98.99    0.00    1.01    0.00    0.00    0.00    0.00    0.00    0.00
11:58:01      12   98.99    0.00    1.01    0.00    0.00    0.00    0.00    0.00    0.00
11:58:01      13   98.00    0.00    2.00    0.00    0.00    0.00    0.00    0.00    0.00
11:58:01      14   97.00    0.00    3.00    0.00    0.00    0.00    0.00    0.00    0.00
11:58:01      15   86.00    0.00   14.00    0.00    0.00    0.00    0.00    0.00    0.00
11:58:01      16   98.00    0.00    2.00    0.00    0.00    0.00    0.00    0.00    0.00
11:58:01      17   81.00    0.00   19.00    0.00    0.00    0.00    0.00    0.00    0.00
11:58:01      18   97.98    0.00    1.01    0.00    0.00    1.01    0.00    0.00    0.00
11:58:01      19   83.84    0.00   15.15    0.00    0.00    1.01    0.00    0.00    0.00
11:58:01      20   96.97    0.00    1.01    0.00    0.00    2.02    0.00    0.00    0.00
11:58:01      21   84.00    0.00   16.00    0.00    0.00    0.00    0.00    0.00    0.00
11:58:01      22   99.00    0.00    1.00    0.00    0.00    0.00    0.00    0.00    0.00
11:58:01      23   85.00    0.00   15.00    0.00    0.00    0.00    0.00    0.00    0.00
11:58:01      24   96.00    0.00    2.00    0.00    0.00    2.00    0.00    0.00    0.00
11:58:01      25   84.16    0.00   15.84    0.00    0.00    0.00    0.00    0.00    0.00
11:58:01      26   97.00    0.00    1.00    0.00    0.00    2.00    0.00    0.00    0.00
11:58:01      27   86.00    0.00   14.00    0.00    0.00    0.00    0.00    0.00    0.00
11:58:01      28   98.99    0.00    1.01    0.00    0.00    0.00    0.00    0.00    0.00
11:58:01      29   85.15    0.00   14.85    0.00    0.00    0.00    0.00    0.00    0.00
11:58:01      30   98.00    0.00    2.00    0.00    0.00    0.00    0.00    0.00    0.00
11:58:01      31   95.05    0.00    3.96    0.00    0.00    0.00    0.00    0.00    0.99
