procs -----------memory---------- ---swap-- -----io---- --system-- -----cpu-----
 r  b   swpd   free   buff  cache   si   so    bi    bo   in   cs us sy id wa st
 5  1  12836 63978648 233012 452144    0    0     0     2    0    0 39  2 59  0  0	
34  0  12836 61979184 233012 525784    0    0     0     4 16370 8364 33  5 61  1  0	
34  0  12836 58413268 233012 526632    0    0     0     0 35819 8409 88 12  0  0  0	
32  0  12836 57594744 233012 526636    0    0     0     0 34294 8370 96  4  0  0  0	
32  0  12836 57595600 233012 526968    0    0     0     0 34599 8363 98  2  0  0  0	
32  0  12836 57596092 233012 526976    0    0     0     0 34586 8374 99  1  0  0  0	
32  0  12836 57595104 233012 527012    0    0     0    20 34688 8376 99  1  0  0  0	
33  0  12836 57596624 233012 527020    0    0     0     0 36054 8404 98  2  0  0  0	
34  0  12836 57596192 233012 527040    0    0     0     0 34730 8375 99  1  0  0  0	
36  0  12836 57597768 233012 527056    0    0     0     0 34721 8411 99  1  0  0  0	
34  0  12836 57597188 233012 527064    0    0     0     0 34768 8447 99  1  0  0  0	
34  0  12836 57597708 233012 527088    0    0     0   156 34317 8367 99  1  0  0  0	
34  0  12836 57597624 233012 527104    0    0     0     0 34444 8433 98  2  0  0  0	
34  0  12836 57599020 233012 527136    0    0     0     0 36235 8489 98  2  0  0  0	
34  0  12836 57598904 233012 527140    0    0     0     0 34369 8439 99  1  0  0  0	
34  0  12836 57599336 233012 527160    0    0     0     0 34150 8418 99  1  0  0  0	
34  1  12836 57600096 233012 527180    0    0     0    36 34487 8462 99  1  0  0  0	
34  0  12836 57600604 233012 527192    0    0     0     4 34768 8460 98  2  0  0  0	
34  0  12836 57599984 233012 527220    0    0     0     0 34808 8363 98  2  0  0  0	
34  0  12836 57600676 233012 527236    0    0     0     0 36119 8392 98  2  0  0  0	
34  0  12836 57601096 233012 527268    0    0     0     0 34758 8390 99  1  0  0  0	
procs -----------memory---------- ---swap-- -----io---- --system-- -----cpu-----
 r  b   swpd   free   buff  cache   si   so    bi    bo   in   cs us sy id wa st
34  0  12836 57600476 233012 527268    0    0     0     0 34758 8359 99  1  0  0  0	
35  0  12836 57600108 233012 527288    0    0     0     0 34615 8363 99  1  0  0  0	
34  0  12836 57600232 233012 527312    0    0     0     0 34458 8370 99  1  0  0  0	
32  0  12836 57599984 233012 527336    0    0     0     0 34923 8369 98  2  0  0  0	
33  0  12836 57601480 233012 527348    0    0     0    16 36013 8448 98  2  0  0  0	
34  0  12836 57599868 233012 527356    0    0     0     0 34743 8376 99  1  0  0  0	
32  0  12836 57600736 233012 527388    0    0     0     0 34446 8361 99  1  0  0  0	
33  0  12836 57600108 233012 527388    0    0     0     0 34735 8382 99  1  0  0  0	
33  0  12836 57599736 233012 527408    0    0     0     0 34732 8420 99  1  0  0  0	
32  0  12836 57600356 233012 527432    0    0     0     0 34743 8383 98  2  0  0  0	
32  0  12836 57600604 233012 527460    0    0     0     0 36485 8391 98  2  0  0  0	
34  0  12836 57600844 233012 527468    0    0     0    12 34752 8366 99  1  0  0  0	
32  0  12836 57601844 233012 527476    0    0     0     0 34750 8366 99  1  0  0  0	
33  0  12836 57599488 233012 527508    0    0     0     0 34487 8384 99  1  0  0  0	
32  0  12836 57599604 233012 527520    0    0     0     0 34731 8368 98  2  0  0  0	
32  0  12836 57599600 233012 527548    0    0     0     0 34728 8385 98  2  0  0  0	
32  0  12836 57600980 233012 527560    0    0     0     0 36084 8440 98  2  0  0  0	
32  0  12836 57600716 233012 527584    0    0     0     0 34716 8355 99  1  0  0  0	
32  0  12836 57599600 233012 527600    0    0     0     0 34762 8368 99  2  0  0  0	
32  0  12836 57599352 233012 527604    0    0     0     0 34508 8382 99  1  0  0  0	
32  0  12836 57599972 233012 527636    0    0     0     4 34672 8379 98  2  0  0  0	
procs -----------memory---------- ---swap-- -----io---- --system-- -----cpu-----
 r  b   swpd   free   buff  cache   si   so    bi    bo   in   cs us sy id wa st
32  0  12836 57599600 233012 527656    0    0     0    12 34698 8513 98  2  0  0  0	
32  0  12836 57600716 233012 527684    0    0     0     0 36269 8359 98  2  0  0  0	
32  0  12836 57599972 233012 527688    0    0     0     0 34761 8381 99  1  0  0  0	
32  0  12836 57600608 233012 527712    0    0     0     0 34738 8366 99  1  0  0  0	
32  0  12836 57600112 233012 527724    0    0     0     0 34747 8405 99  1  0  0  0	
32  0  12836 57599368 233012 527732    0    0     0     0 34616 8420 99  1  0  0  0	
33  0  12836 57598988 233012 527760    0    0     0     0 34420 8370 98  2  0  0  0	
32  0  12836 57600228 233012 527784    0    0     0     0 36523 8555 98  2  0  0  0	
32  0  12836 57599236 233012 527804    0    0     0     0 34570 8372 99  1  0  0  0	
32  0  12836 57598988 233012 527808    0    0     0    28 34480 8387 98  2  0  0  0	
32  0  12836 57600848 233012 527832    0    0     0     0 34769 8370 98  2  0  0  0	
33  0  12836 57598996 233012 527848    0    0     0     0 34458 8361 99  1  0  0  0	
32  0  12836 57599492 233012 527884    0    0     0     0 34740 8364 98  2  0  0  0	
32  0  12836 57599988 233012 527888    0    0     0     0 36354 8519 97  3  0  0  0	
32  0  12836 57600856 233012 527908    0    0     0     0 34741 8366 99  1  0  0  0	
32  0  12836 57598136 233012 527928    0    0     0     0 34591 8390 99  1  0  0  0	
32  0  12836 57599236 233012 527940    0    0     0     0 34404 8370 99  1  0  0  0	
32  0  12836 57600096 233012 527960    0    0     0    16 34722 8430 98  2  0  0  0	
32  0  12836 57599228 233012 527976    0    0     0     0 34517 8435 98  2  0  0  0	
32  0  12836 57599724 233012 528012    0    0     0     0 36168 8534 98  2  0  0  0	
32  0  12836 57600344 233012 528016    0    0     0     0 34676 8422 99  1  0  0  0	
procs -----------memory---------- ---swap-- -----io---- --system-- -----cpu-----
 r  b   swpd   free   buff  cache   si   so    bi    bo   in   cs us sy id wa st
32  0  12836 57599476 233012 528032    0    0     0     0 34427 8449 99  1  0  0  0	
33  0  12836 57599724 233012 528052    0    0     0     0 34714 8487 98  2  0  0  0	
32  0  12836 57600228 233012 528060    0    0     0     0 34719 8425 99  1  0  0  0	
33  0  12836 57598984 233012 528092    0    0     0     0 34459 8478 99  1  0  0  0	
32  0  12836 57600580 233012 528100    0    0     0     0 36507 8553 97  3  0  0  0	
32  0  12836 57599332 233012 528132    0    0     0     0 34509 8429 99  1  0  0  0	
32  0  12836 57599704 233012 528136    0    0     0     0 34732 8443 98  2  0  0  0	
32  0  12836 57599084 233012 528156    0    0     0     0 34755 8437 99  1  0  0  0	
32  0  12836 57600200 233012 528176    0    0     0     0 34811 8448 99  1  0  0  0	
32  0  12836 57598960 233012 528204    0    0     0     0 34575 8410 99  1  0  0  0	
32  0  12836 57600816 233012 528220    0    0     0     0 36198 8653 97  3  0  0  0	
32  0  12836 57599080 233012 528224    0    0     0     0 34719 8438 99  1  0  0  0	
32  0  12836 57600320 233012 528256    0    0     0     0 34746 8419 99  1  0  0  0	
32  0  12836 57600320 233012 528260    0    0     0    16 34767 8451 98  2  0  0  0	
33  0  12836 57599972 233012 528284    0    0     0     0 34738 8423 99  1  0  0  0	
32  0  12836 57598840 233012 528308    0    0     0     0 34739 8424 99  1  0  0  0	
32  0  12836 57599708 233012 528332    0    0     0     0 35904 8432 98  2  0  0  0	
32  0  12836 57599584 233012 528344    0    0     0     0 34741 8437 99  2  0  0  0	
33  0  12836 57599832 233012 528352    0    0     0     0 34761 8493 99  1  0  0  0	
33  0  12836 57599212 233012 528380    0    0     0     0 34774 8423 99  1  0  0  0	
32  0  12836 57598592 233012 528384    0    0     0     0 34470 8428 99  1  0  0  0	
procs -----------memory---------- ---swap-- -----io---- --system-- -----cpu-----
 r  b   swpd   free   buff  cache   si   so    bi    bo   in   cs us sy id wa st
32  0  12836 57599460 233012 528424    0    0     0     0 34776 8425 98  2  0  0  0	
32  0  12836 57600212 233012 528432    0    0     0     0 36141 8571 97  3  0  0  0	
32  0  12836 57599592 233012 528452    0    0     0     0 34502 8446 99  1  0  0  0	
32  0  12836 57599592 233012 528468    0    0     0     0 34740 8434 98  2  0  0  0	
32  0  12836 57599956 233012 528476    0    0     0     0 34719 8443 99  1  0  0  0	
32  0  12836 57598352 233012 528512    0    0     0     0 34439 8414 99  1  0  0  0	
32  0  12836 57598840 233012 528532    0    0     0     0 34735 8434 98  2  0  0  0	
32  0  12836 57599584 233012 528552    0    0     0     0 36132 8580 98  2  0  0  0	
32  0  12836 57598468 233012 528560    0    0     0    20 34510 8437 99  1  0  0  0	
32  0  12836 57599220 233012 528584    0    0     0     0 34719 8418 98  2  0  0  0	
32  0  12836 57599468 233012 528592    0    0     0     0 34384 8423 99  1  0  0  0	
33  0  12836 57599096 233012 528600    0    0     0     0 34497 8423 98  2  0  0  0	
32  0  12836 57598972 233012 528640    0    0     0     0 34711 8437 98  2  0  0  0	
32  0  12836 57599220 233012 528656    0    0     0     0 36223 8648 98  2  0  0  0	
32  0  12836 57599824 233012 528676    0    0     0     0 34743 8454 99  1  0  0  0	
32  0  12836 57598956 233012 528684    0    0     0     0 34464 8465 99  1  0  0  0	
33  0  12836 57599824 233012 528708    0    0     0     0 34710 8423 98  2  0  0  0	
32  0  12836 57599576 233012 528716    0    0     0     0 34792 8435 99  1  0  0  0	
32  0  12836 57597964 233012 528752    0    0     0     0 34729 8441 99  1  0  0  0	
32  0  12836 57598584 233012 528760    0    0     0     0 36194 8426 98  2  0  0  0	
32  0  12836 57599204 233012 528780    0    0     0     0 34756 8428 99  1  0  0  0	
procs -----------memory---------- ---swap-- -----io---- --system-- -----cpu-----
 r  b   swpd   free   buff  cache   si   so    bi    bo   in   cs us sy id wa st
33  0  12836 57599336 233012 528796    0    0     0     0 34731 8424 99  1  0  0  0	
32  0  12836 57599208 233012 528804    0    0     0     0 34460 8419 99  1  0  0  0	
32  0  12836 57599580 233012 528832    0    0     0     0 34783 8431 98  2  0  0  0	
32  0  12836 57598084 233012 528852    0    0     0     0 34734 8421 99  1  0  0  0	
32  0  12836 57598704 233012 528880    0    0     0     0 36223 8498 97  3  0  0  0	
32  0  12836 57598084 233012 528884    0    0     0     0 34477 8439 99  1  0  0  0	
33  0  12836 57599324 233012 528904    0    0     0    16 34716 8436 98  2  0  0  0	
32  0  12836 57598456 233012 528924    0    0     0     0 34523 8406 99  1  0  0  0	
32  0  12836 57599332 233012 528928    0    0     0     0 34804 8447 98  2  0  0  0	
32  0  12836 57598712 233012 528964    0    0     0     0 34404 8425 99  1  0  0  0	
33  0  12836 57598464 233012 528976    0    0     0     0 36354 8481 97  3  0  0  0	
33  0  12836 57598464 233012 529008    0    0     0     0 34736 8441 98  2  0  0  0	
32  0  12836 57599228 233012 529008    0    0     0     0 34753 8417 99  1  0  0  0	
32  0  12836 57598964 233012 529028    0    0     0     0 34710 8440 99  1  0  0  0	
32  0  12836 57597848 233012 529048    0    0     0     0 34715 8420 99  1  0  0  0	
32  0  12836 57598452 233012 529060    0    0     0    40 34821 8478 99  1  0  0  0	
32  0  12836 57597336 233012 529096    0    0     0     0 36344 8595 97  3  0  0  0	
32  0  12836 57596580 233012 529104    0    0     0     0 34757 8413 99  1  0  0  0	
32  0  12836 57596828 233012 529136    0    0     0     0 34390 8447 98  2  0  0  0	
32  0  12836 57598564 233012 529136    0    0     0     0 34735 8424 99  1  0  0  0	
32  0  12836 57598456 233012 529160    0    0     0     0 34756 8425 99  1  0  0  0	
procs -----------memory---------- ---swap-- -----io---- --system-- -----cpu-----
 r  b   swpd   free   buff  cache   si   so    bi    bo   in   cs us sy id wa st
32  0  12836 57598208 233012 529188    0    0     0    20 34711 8438 99  1  0  0  0	
33  0  12836 57597628 233012 529212    0    0     0     0 35253 8526 98  2  0  0  0	
32  0  12836 57597992 233012 529220    0    0     0    16 35691 8488 98  2  0  0  0	
32  0  12836 57598116 233012 529228    0    0     0     0 34770 8489 99  1  0  0  0	
32  0  12836 57598240 233012 529260    0    0     0     0 34724 8425 99  1  0  0  0	
32  0  12836 57598116 233012 529264    0    0     0     0 34463 8458 99  1  0  0  0	
34  0  12836 57597868 233012 529288    0    0     0     0 34721 8485 99  1  0  0  0	
32  0  12836 57596876 233012 529312    0    0     0     0 35483 8494 98  2  0  0  0	
32  0  12836 57597992 233012 529336    0    0     0     0 35012 8433 98  2  0  0  0	
32  0  12836 57597992 233012 529352    0    0     0     0 34762 8426 99  1  0  0  0	
32  0  12836 57598240 233012 529356    0    0     0     0 34874 8431 99  1  0  0  0	
32  0  12836 57597644 233012 529388    0    0     0     0 34533 8443 99  1  0  0  0	
33  0  12836 57598620 233012 529404    0    0     0     0 34717 8416 98  2  0  0  0	
32  0  12836 57597876 233012 529432    0    0     0     0 36146 8458 98  2  0  0  0	
32  0  12836 57597008 233012 529436    0    0     0     0 34820 8423 98  2  0  0  0	
32  0  12836 57598620 233012 529460    0    0     0     0 34763 8415 99  1  0  0  0	
32  0  12836 57596760 233012 529476    0    0     0     0 34387 8438 99  1  0  0  0	
32  0  12836 57598248 233012 529480    0    0     0     0 34710 8428 98  2  0  0  0	
32  0  12836 57596884 233012 529488    0    0     0     0 34781 8431 99  1  0  0  0	
32  0  12836 57596900 233012 529492    0    0     0    16 36147 9319 97  3  0  0  0	
32  0  12836 57598016 233012 529496    0    0     0     0 34498 8425 98  2  0  0  0	
procs -----------memory---------- ---swap-- -----io---- --system-- -----cpu-----
 r  b   swpd   free   buff  cache   si   so    bi    bo   in   cs us sy id wa st
32  0  12836 57597644 233012 529496    0    0     0     0 34745 8439 98  2  0  0  0	
32  0  12836 57595900 233012 529500    0    0     0     0 34494 8451 99  1  0  0  0	
32  0  12836 57598008 233012 529504    0    0     0     0 34710 8469 98  2  0  0  0	
32  0  12836 57597884 233012 529512    0    0     0     0 34503 8422 99  1  0  0  0	
32  0  12836 57597760 233012 529512    0    0     0    20 36501 8581 97  3  0  0  0	
32  0  12836 57597396 233012 529516    0    0     0     0 34784 8437 99  1  0  0  0	
32  0  12836 57597520 233012 529520    0    0     0     0 34756 8443 99  1  0  0  0	
33  0  12836 57597768 233012 529528    0    0     0     0 34771 8420 99  1  0  0  0	
32  0  12836 57598140 233012 529532    0    0     0     0 34798 8424 99  1  0  0  0	
32  0  12836 57596528 233012 529536    0    0     0     0 34549 8426 99  1  0  0  0	
32  0  12836 57597024 233012 529540    0    0     0     0 35687 8501 98  2  0  0  0	
32  0  12836 57598372 233012 529544    0    0     0     0 35592 8446 98  2  0  0  0	
32  0  12836 57598372 233012 529544    0    0     0     0 34778 8422 99  1  0  0  0	
32  0  12836 57597132 233012 529552    0    0     0     0 34763 8438 99  1  0  0  0	
32  0  12836 57598496 233012 529560    0    0     0     8 34765 8446 99  1  0  0  0	
32  0  12836 57598372 233012 529564    0    0     0    16 34779 8437 99  1  0  0  0	
32  0  12836 57596388 233012 529564    0    0     0     0 34937 8427 98  2  0  0  0	
32  0  12836 57597504 233012 529568    0    0     0     0 36074 8430 97  3  0  0  0	
33  0  12836 57597264 233012 529572    0    0     0     0 34829 8502 99  1  0  0  0	
32  0  12836 57598996 233012 529572    0    0     0     0 34746 8442 98  2  0  0  0	
32  0  12836 57596888 233012 529580    0    0     0     0 34743 8432 99  1  0  0  0	
procs -----------memory---------- ---swap-- -----io---- --system-- -----cpu-----
 r  b   swpd   free   buff  cache   si   so    bi    bo   in   cs us sy id wa st
32  0  12836 57598120 233012 529584    0    0     0     0 34776 8428 99  1  0  0  0	
32  0  12836 57596508 233012 529588    0    0     0     0 34514 8488 99  1  0  0  0	
32  0  12836 57596136 233012 529588    0    0     0     0 36116 8436 98  2  0  0  0	
32  0  12836 57596260 233012 529592    0    0     0     0 34741 8440 98  2  0  0  0	
32  0  12836 57591980 233012 529596    0    0     0     0 34731 8435 99  1  0  0  0	
32  0  12836 57592360 233012 529608    0    0     0     0 34738 8425 99  1  0  0  0	
32  0  12836 57591864 233012 529608    0    0     0     0 34781 8436 99  1  0  0  0	
32  0  12836 57591368 233012 529612    0    0     0     0 34481 8469 99  1  0  0  0	
32  0  12836 57591368 233012 529620    0    0     0     0 36410 8420 98  2  0  0  0	
32  0  12836 57591996 233012 529624    0    0     0     0 34710 8434 99  1  0  0  0	
32  0  12836 57592724 233012 529628    0    0     0     0 34667 8426 99  1  0  0  0	
33  0  12836 57590336 233012 529636    0    0     0    20 34757 8659 99  1  0  0  0	
32  0  12836 57588940 233012 529640    0    0     0     4 34402 8482 98  2  0  0  0	
32  0  12836 57590684 233012 529644    0    0     0     0 34780 8503 98  2  0  0  0	
33  0  12836 57590560 233012 529644    0    0     0     0 36175 8627 97  3  0  0  0	
32  0  12836 57591180 233012 529648    0    0     0     0 34757 8437 98  2  0  0  0	
32  0  12836 57589696 233012 529652    0    0     0     0 34787 8432 99  1  0  0  0	
32  0  12836 57588836 233012 529656    0    0     0    44 34593 8449 99  1  0  0  0	
32  0  12836 57591068 233012 529660    0    0     0     0 34790 8447 99  1  0  0  0	
32  0  12836 57590192 233012 529664    0    0     0     0 34751 8442 99  1  0  0  0	
32  0  12836 57589216 233012 529668    0    0     0     0 35995 8573 98  2  0  0  0	
procs -----------memory---------- ---swap-- -----io---- --system-- -----cpu-----
 r  b   swpd   free   buff  cache   si   so    bi    bo   in   cs us sy id wa st
33  0  12836 57591216 233012 529668    0    0     0     0 34755 8433 99  1  0  0  0	
32  0  12836 57589976 233012 529672    0    0     0     0 34671 8430 99  1  0  0  0	
32  0  12836 57591340 233012 529680    0    0     0     4 34848 8449 98  2  0  0  0	
32  0  12836 57589992 233012 529688    0    0     0     0 34741 8432 99  1  0  0  0	
32  0  12836 57589620 233012 529688    0    0     0     0 34519 8493 98  1  0  0  0	
32  0  12836 57589992 233012 529692    0    0     0     0 36246 8571 97  3  0  0  0	
32  0  12836 57591232 233012 529696    0    0     0     0 34696 8428 98  2  0  0  0	
32  0  12836 57590248 233012 529704    0    0     0    36 34520 8431 99  1  0  0  0	
32  0  12836 57591256 233012 529708    0    0     0    12 34737 8442 98  2  0  0  0	
32  0  12836 57588884 233012 529712    0    0     0     0 34370 8442 99  1  0  0  0	
32  0  12836 57590620 233012 529716    0    0     0     0 34727 8485 99  1  0  0  0	
32  0  12836 57590124 233012 529720    0    0     0     0 36341 8571 97  3  0  0  0	
32  0  12836 57589132 233012 529720    0    0     0     0 34437 8443 98  2  0  0  0	
32  0  12836 57589628 233012 529724    0    0     0     0 34521 8425 98  2  0  0  0	
32  0  12836 57591364 233012 529732    0    0     0     0 34690 8426 98  2  0  0  0	
32  0  12836 57590000 233012 529736    0    0     0     0 34768 8425 99  1  0  0  0	
32  0  12836 57590876 233012 529736    0    0     0     0 34749 8495 99  1  0  0  0	
32  0  12836 57591124 233012 529740    0    0     0     0 36195 8591 97  3  0  0  0	
32  0  12836 57590132 233012 529744    0    0     0     0 34744 8428 99  1  0  0  0	
32  0  12836 57590992 233012 529744    0    0     0     0 34766 8429 99  1  0  0  0	
32  0  12836 57590504 233012 529752    0    0     0     0 34708 8573 98  1  0  0  0	
procs -----------memory---------- ---swap-- -----io---- --system-- -----cpu-----
 r  b   swpd   free   buff  cache   si   so    bi    bo   in   cs us sy id wa st
32  0  12836 57591000 233012 529756    0    0     0     0 32217 15562 86  5 10  0  0	
32  0  12836 57590876 233012 529760    0    0     0     0 27389 10556 66  8 26  0  0	
11  0  12836 57589884 233012 529764    0    0     0    20 30460 9834 85  5 10  0  0	
32  0  12836 57590752 233012 529772    0    0     0     0 28604 15300 74  4 22  0  0	
32  0  12836 57590752 233012 529776    0    0     0     0 26776 13805 63  9 28  0  0	
32  0  12836 57591476 233012 529780    0    0     0     0 28428 14398 69  8 23  0  0	
11  0  12836 57590608 233012 529784    0    0     0     0 30207 9901 84  5 11  0  0	
33  0  12836 57589880 233012 529788    0    0     0     0 30268 10544 80  4 16  0  0	
32  0  12836 57590972 233012 529792    0    0     0     0 27455 10303 66  8 26  0  0	
32  0  12836 57590352 233012 529796    0    0     0     0 27545 9732 66  9 25  0  0	
11  0  12836 57589856 233012 529800    0    0     0     0 28379 9145 77  7 17  0  0	
32  0  12836 57589732 233012 529804    0    0     0     0 32697 14226 88  4  8  0  0	
32  0  12836 57589836 233012 529812    0    0     0     0 36018 8422 98  2  0  0  0	
32  0  12836 57590580 233012 529816    0    0     0     0 34738 8443 98  2  0  0  0	
32  0  12836 57590960 233012 529816    0    0     0     0 34530 8460 99  1  0  0  0	
32  0  12836 57590464 233012 529820    0    0     0     0 34688 8427 98  2  0  0  0	
33  0  12836 57589968 233012 529824    0    0     0     0 34605 8454 99  1  0  0  0	
32  0  12836 57589472 233012 529832    0    0     0     0 34953 8443 98  2  0  0  0	
32  0  12836 57590208 233012 529832    0    0     0     0 36311 8431 98  2  0  0  0	
32  0  12836 57588968 233012 529836    0    0     0     0 34395 8502 99  1  0  0  0	
32  0  12836 57590828 233012 529840    0    0     0     0 34751 8437 98  2  0  0  0	
procs -----------memory---------- ---swap-- -----io---- --system-- -----cpu-----
 r  b   swpd   free   buff  cache   si   so    bi    bo   in   cs us sy id wa st
32  0  12836 57591200 233012 529848    0    0     0     4 34409 8446 99  1  0  0  0	
32  0  12836 57590084 233012 529852    0    0     0     0 34746 8430 98  2  0  0  0	
32  0  12836 57590588 233012 529860    0    0     0     0 34684 8603 98  2  0  0  0	
29  0  12836 57590092 233012 529864    0    0     0     0 34283 14900 92  5  3  0  0	
33  0  12836 57590588 233012 529864    0    0     0    16 30175 14258 79  4 16  0  0	
32  0  12836 57591332 233012 529868    0    0     0     0 30003 14434 76  7 17  0  0	
32  0  12836 57590852 233012 529872    0    0     0     0 30042 13852 76  7 17  0  0	
32  0  12836 57590464 233012 529880    0    0     0     0 34514 8427 97  3  0  0  0	
32  0  12836 57589472 233012 529880    0    0     0     0 34425 8433 99  1  0  0  0	
32  0  12836 57591208 233012 529884    0    0     0     0 34746 8432 98  2  0  0  0	
32  0  12836 57589472 233012 529888    0    0     0     0 36010 8499 98  2  0  0  0	
32  0  12836 57589720 233012 529892    0    0     0     0 34678 8433 99  1  0  0  0	
32  0  12836 57589720 233012 529892    0    0     0     0 34413 8429 99  1  0  0  0	
32  0  12836 57588976 233012 529900    0    0     0     0 34424 8437 98  2  0  0  0	
32  0  12836 57591092 233012 529904    0    0     0     0 34707 8425 99  1  0  0  0	
32  0  12836 57591216 233012 529908    0    0     0     0 34722 8432 99  1  0  0  0	
32  0  12836 57588728 233012 529908    0    0     0     0 35610 8445 98  2  0  0  0	
32  0  12836 57589340 233012 529912    0    0     0     0 34998 8442 99  1  0  0  0	
32  0  12836 57589576 233012 529920    0    0     0     0 34425 8438 99  1  0  0  0	
32  0  12836 57589576 233012 529932    0    0     0     0 34439 8439 98  2  0  0  0	
32  0  12836 57591808 233012 529932    0    0     0     0 34809 8464 98  2  0  0  0	
procs -----------memory---------- ---swap-- -----io---- --system-- -----cpu-----
 r  b   swpd   free   buff  cache   si   so    bi    bo   in   cs us sy id wa st
33  0  12836 57590076 233012 529936    0    0     0     0 34752 8488 99  1  0  0  0	
32  0  12836 57587844 233012 529940    0    0     0    16 35065 8529 98  2  0  0  0	
32  0  12836 57590324 233012 529940    0    0     0     0 35199 8442 98  2  0  0  0	
32  0  12836 57588960 233012 529944    0    0     0     0 34507 8433 98  2  0  0  0	
32  0  12836 57591564 233012 529952    0    0     0     0 34756 8436 98  2  0  0  0	
32  0  12836 57589596 233012 529956    0    0     0     0 34524 8668 98  1  0  0  0	
32  0  12836 57591564 233012 529956    0    0     0     0 32439 15198 85  5  9  0  0	
32  0  12836 57589208 233012 529960    0    0     0     0 33929 8735 92  5  3  0  0	
32  0  12836 57589828 233012 529964    0    0     0     0 34724 8435 99  1  0  0  0	
32  0  12836 57589952 233012 529968    0    0     0     0 34441 8447 99  1  0  0  0	
32  0  12836 57589208 233012 529972    0    0     0     0 35817 8425 98  2  0  0  0	
32  0  12836 57588816 233012 529976    0    0     0     0 34805 8449 98  2  0  0  0	
32  0  12836 57590304 233012 529980    0    0     0     0 34753 8450 98  2  0  0  0	
32  0  12836 57589816 233012 529988    0    0     0     0 34377 8505 99  1  0  0  0	
32  0  12836 57590056 233012 529992    0    0     0     0 34711 8432 98  2  0  0  0	
32  0  12836 57590428 233012 529996    0    0     0     0 34718 8447 99  1  0  0  0	
32  0  12836 57589924 233012 530004    0    0     0     0 36282 8441 97  3  0  0  0	
33  0  12836 57590304 233012 530012    0    0     0     0 34925 8478 98  2  0  0  0	
33  0  12836 57589312 233012 530012    0    0     0     0 34372 8439 99  1  0  0  0	
32  0  12836 57590056 233012 530016    0    0     0    20 34483 8456 99  1  0  0  0	
32  0  12836 57589436 233012 530020    0    0     0     0 34301 8423 99  1  0  0  0	
procs -----------memory---------- ---swap-- -----io---- --system-- -----cpu-----
 r  b   swpd   free   buff  cache   si   so    bi    bo   in   cs us sy id wa st
32  0  12836 57591056 233012 530024    0    0     0     0 34739 8433 99  1  0  0  0	
32  0  12836 57588204 233012 530028    0    0     0     0 35392 8439 98  2  0  0  0	
32  0  12836 57589692 233012 530032    0    0     0     0 35544 8453 98  2  0  0  0	
32  0  12836 57589072 233012 530036    0    0     0     0 34397 8436 98  2  0  0  0	
32  0  12836 57590932 233012 530036    0    0     0     0 34774 8512 98  2  0  0  0	
33  0  12836 57590296 233012 530040    0    0     0     0 34778 8438 99  1  0  0  0	
32  0  12836 57589916 233012 530044    0    0     0     0 34740 8433 99  1  0  0  0	
32  0  12836 57588552 233012 530052    0    0     0     0 35220 8440 98  2  0  0  0	
32  0  12836 57590784 233012 530052    0    0     0     0 35728 8592 98  2  0  0  0	
32  0  12836 57588676 233012 530056    0    0     0     0 34364 8432 99  1  0  0  0	
32  0  12836 57588800 233012 530060    0    0     0     0 34403 8433 99  1  0  0  0	
32  0  12836 57589172 233012 530068    0    0     0     0 34495 8436 99  1  0  0  0	
34  0  12836 57589800 233012 530068    0    0     0     0 34392 8499 99  1  0  0  0	
32  0  12836 57589672 233012 530076    0    0     0     0 35736 8454 98  2  0  0  0	
32  0  12836 57589424 233012 530080    0    0     0     0 34809 8576 98  2  0  0  0	
32  0  12836 57589540 233012 530084    0    0     0    16 34415 8457 99  1  0  0  0	
32  0  12836 57589416 233012 530088    0    0     0     0 34511 8508 99  1  0  0  0	
32  0  12836 57589296 233012 530092    0    0     0     0 34412 8430 98  2  0  0  0	
32  0  12836 57589172 233012 530096    0    0     0     0 34385 8436 99  1  0  0  0	
32  0  12836 57589916 233012 530104    0    0     0     0 35910 8433 98  2  0  0  0	
32  0  12836 57590296 233012 530104    0    0     0     0 35316 8488 98  2  0  0  0	
procs -----------memory---------- ---swap-- -----io---- --system-- -----cpu-----
 r  b   swpd   free   buff  cache   si   so    bi    bo   in   cs us sy id wa st
32  0  12836 57590420 233012 530108    0    0     0     0 34825 8443 99  1  0  0  0	
32  0  12836 57590792 233012 530112    0    0     0     0 34489 8436 99  1  0  0  0	
32  0  12836 57589428 233012 530116    0    0     0     0 34749 8429 99  1  0  0  0	
33  0  12836 57589304 233012 530116    0    0     0     0 34436 8435 99  1  0  0  0	
32  0  12836 57587436 233012 530124    0    0     0     0 35246 8432 98  2  0  0  0	
32  0  12836 57590908 233012 530128    0    0     0     0 35539 8588 98  2  0  0  0	
32  0  12836 57589916 233012 530128    0    0     0     0 34763 8435 99  1  0  0  0	
32  0  12836 57590544 233012 530132    0    0     0     4 34866 8522 98  2  0  0  0	
32  0  12836 57590668 233012 530140    0    0     0     0 34724 8464 99  1  0  0  0	
32  0  12836 57590916 233012 530144    0    0     0     0 34763 8472 99  1  0  0  0	
32  0  12836 57589180 233012 530148    0    0     0     0 34716 8435 99  1  0  0  0	
32  0  12836 57589312 233012 530152    0    0     0    16 36484 8605 97  3  0  0  0	
32  0  12836 57590552 233012 530156    0    0     0     0 34738 8444 98  1  0  0  0	
32  0  12836 57590172 233012 530160    0    0     0     0 34784 8445 99  1  0  0  0	
32  0  12836 57590404 233012 530164    0    0     0     0 34764 8435 99  1  0  0  0	
32  0  12836 57590032 233012 530172    0    0     0     0 34675 8424 99  1  0  0  0	
32  0  12836 57590528 233012 530180    0    0     0     0 34728 8442 99  1  0  0  0	
32  0  12836 57590528 233012 530184    0    0     0     0 36545 8499 97  3  0  0  0	
32  0  12836 57590528 233012 530184    0    0     0     0 34779 8456 98  2  0  0  0	
32  0  12836 57588784 233012 530188    0    0     0     0 34383 8504 99  1  0  0  0	
32  0  12836 57589528 233012 530192    0    0     0     0 34486 8422 99  1  0  0  0	
procs -----------memory---------- ---swap-- -----io---- --system-- -----cpu-----
 r  b   swpd   free   buff  cache   si   so    bi    bo   in   cs us sy id wa st
32  0  12836 57589528 233012 530196    0    0     0     0 34353 8431 99  1  0  0  0	
32  0  12836 57590272 233012 530200    0    0     0     0 34776 8440 99  1  0  0  0	
32  0  12836 57590148 233012 530204    0    0     0     0 36508 8440 98  2  0  0  0	
32  0  12836 57590512 233012 530208    0    0     0     0 34765 8420 99  1  0  0  0	
33  0  12836 57589272 233012 530212    0    0     0     0 34340 8511 99  1  0  0  0	
32  0  12836 57591008 233012 530216    0    0     0     0 34769 8438 99  1  0  0  0	
32  0  12836 57589396 233012 530224    0    0     0     0 34655 8447 99  1  0  0  0	
32  0  12836 57588404 233012 530228    0    0     0    16 34441 8454 98  2  0  0  0	
32  0  12836 57591008 233012 530228    0    0     0     0 36473 8436 97  3  0  0  0	
32  0  12836 57589892 233012 530232    0    0     0     0 34742 8442 99  1  0  0  0	
32  0  12836 57590280 233012 530236    0    0     0     0 34659 8503 99  1  0  0  0	
32  0  12836 57589040 233012 530240    0    0     0     0 34514 8433 99  1  0  0  0	
32  0  12836 57588916 233012 530248    0    0     0     0 34424 8453 98  2  0  0  0	
32  0  12836 57590396 233012 530252    0    0     0     0 34734 8420 99  1  0  0  0	
32  0  12836 57589896 233012 530256    0    0     0     0 36415 8432 97  3  0  0  0	
32  0  12836 57588780 233012 530260    0    0     0     0 34750 8436 99  2  0  0  0	
32  0  12836 57589772 233012 530260    0    0     0     0 34711 8457 99  1  0  0  0	
32  0  12836 57590140 233012 530264    0    0     0    12 34702 8441 99  1  0  0  0	
32  0  12836 57590900 233012 530272    0    0     0     0 34754 8434 99  1  0  0  0	
32  0  12836 57589908 233012 530276    0    0     0     0 34735 8450 99  1  0  0  0	
32  0  12836 57590156 233012 530276    0    0     0     0 36386 8444 97  3  0  0  0	
procs -----------memory---------- ---swap-- -----io---- --system-- -----cpu-----
 r  b   swpd   free   buff  cache   si   so    bi    bo   in   cs us sy id wa st
33  0  12836 57589784 233012 530280    0    0     0     4 34580 8492 99  1  0  0  0	
32  0  12836 57589528 233012 530288    0    0     0     0 34448 8521 99  1  0  0  0	
32  0  12836 57590512 233012 530292    0    0     0     0 34741 8432 98  2  0  0  0	
32  0  12836 57589520 233012 530296    0    0     0     0 34721 8428 99  1  0  0  0	
32  0  12836 57590388 233012 530300    0    0     0    16 34892 8446 99  1  0  0  0	
32  0  12836 57588032 233012 530304    0    0     0     0 35502 8458 98  2  0  0  0	
32  0  12836 57589876 233012 530308    0    0     0     0 35355 8565 98  2  0  0  0	
32  0  12836 57589008 233012 530308    0    0     0     0 34730 8443 99  1  0  0  0	
32  0  12836 57590620 233012 530312    0    0     0     0 34720 8421 99  1  0  0  0	
32  0  12836 57590256 233012 530320    0    0     0     0 34750 8439 99  1  0  0  0	
32  0  12836 57590752 233012 530324    0    0     0     0 34811 8446 98  2  0  0  0	
32  0  12836 57588644 233012 530328    0    0     0     0 35267 8433 98  2  0  0  0	
32  0  12836 57589504 233012 530332    0    0     0     0 35500 8583 98  2  0  0  0	
32  0  12836 57586836 233012 530336    0    0     0     0 34738 8504 99  1  0  0  0	
32  0  12836 57587332 233012 530336    0    0     0     0 34744 8425 99  1  0  0  0	
32  0  12836 57585844 233012 530344    0    0     0     4 34806 8442 99  1  0  0  0	
32  0  12836 57583984 233012 530348    0    0     0     0 34794 8420 99  1  0  0  0	
33  0  12836 57585612 233012 530356    0    0     0     0 34756 8474 99  1  0  0  0	
32  0  12836 57583620 233012 530356    0    0     0     0 36197 8464 98  2  0  0  0	
32  0  12836 57584612 233012 530364    0    0     0     0 34737 8444 98  2  0  0  0	
32  0  12836 57584488 233012 530368    0    0     0     0 34505 8446 99  1  0  0  0	
procs -----------memory---------- ---swap-- -----io---- --system-- -----cpu-----
 r  b   swpd   free   buff  cache   si   so    bi    bo   in   cs us sy id wa st
32  0  12836 57583744 233012 530376    0    0     0    12 34513 8435 99  1  0  0  0	
32  0  12836 57585224 233012 530376    0    0     0     0 34520 8440 99  1  0  0  0	
32  0  12836 57583240 233012 530380    0    0     0     0 34421 8444 98  2  0  0  0	
32  0  12836 57583612 233012 530384    0    0     0     0 36480 8451 97  3  0  0  0	
32  0  12836 57585108 233012 530388    0    0     0     0 34300 8497 99  1  0  0  0	
32  0  12836 57583492 233012 530388    0    0     0     0 34409 8435 99  1  0  0  0	
32  0  12836 57582996 233012 530396    0    0     0     0 34477 8435 99  1  0  0  0	
32  0  12836 57584732 233012 530400    0    0     0     0 34425 8435 98  2  0  0  0	
32  0  12836 57584244 233012 530408    0    0     0     0 34365 8438 98  2  0  0  0	
32  0  12836 57584616 233012 530408    0    0     0     0 36166 8435 97  3  0  0  0	
32  0  12836 57584856 233012 530412    0    0     0     0 34403 8435 99  1  0  0  0	
32  0  12836 57584104 233012 530416    0    0     0     0 34722 8434 99  1  0  0  0	
32  0  12836 57585592 233012 530420    0    0     0     0 34780 8431 99  1  0  0  0	
32  0  12836 57584476 233012 530424    0    0     0     0 34580 8435 99  1  0  0  0	
32  0  12836 57583856 233012 530428    0    0     0     0 34366 8473 99  1  0  0  0	
32  0  12836 57584972 233012 530432    0    0     0     0 35902 8489 98  2  0  0  0	
32  0  12836 57584484 233012 530436    0    0     0     0 34739 8501 98  2  0  0  0	
32  0  12836 57584972 233012 530440    0    0     0    16 34787 8444 99  1  0  0  0	
32  0  12836 57584476 233012 530448    0    0     0     0 34708 8424 99  1  0  0  0	
33  0  12836 57584724 233012 530452    0    0     0     0 34714 8427 99  1  0  0  0	
33  0  12836 57583356 233012 530452    0    0     0     0 34512 8439 99  1  0  0  0	
procs -----------memory---------- ---swap-- -----io---- --system-- -----cpu-----
 r  b   swpd   free   buff  cache   si   so    bi    bo   in   cs us sy id wa st
32  0  12836 57583348 233012 530456    0    0     0     0 35910 8446 97  3  0  0  0	
33  0  12836 57584340 233012 530460    0    0     0     0 34506 8443 99  1  0  0  0	
32  0  12836 57585208 233012 530464    0    0     0     0 34704 8435 98  2  0  0  0	
33  0  12836 57583720 233012 530468    0    0     0     0 34758 8432 99  1  0  0  0	
32  0  12836 57584340 233012 530472    0    0     0     0 34437 8423 99  1  0  0  0	
32  0  12836 57584960 233012 530476    0    0     0     0 34530 8425 99  1  0  0  0	
32  0  12836 57584340 233012 530480    0    0     0     0 36543 8434 97  3  0  0  0	
32  0  12836 57584840 233012 530484    0    0     0     0 34512 8539 99  1  0  0  0	
32  0  12836 57585088 233012 530488    0    0     0     0 34783 8439 98  2  0  0  0	
32  0  12836 57585960 233012 530496    0    0     0     0 34757 8438 99  1  0  0  0	
32  0  12836 57584960 233012 530500    0    0     0     0 34343 8460 99  1  0  0  0	
32  0  12836 57583604 233012 530500    0    0     0     0 34426 8483 98  2  0  0  0	
32  0  12836 57584348 233012 530504    0    0     0     0 36519 8436 97  3  0  0  0	
32  0  12836 57585092 233012 530512    0    0     0    20 34780 8479 98  2  0  0  0	
32  0  12836 57585092 233012 530512    0    0     0     0 34780 8437 99  1  0  0  0	
32  0  12836 57583752 233012 530520    0    0     0     0 34377 8436 99  1  0  0  0	
32  0  12836 57586472 233012 530524    0    0     0     0 34853 8436 99  1  0  0  0	
32  0  12836 57584612 233012 530528    0    0     0     0 34755 8444 99  1  0  0  0	
32  0  12836 57583868 233012 530528    0    0     0     0 36459 8451 98  2  0  0  0	
32  0  12836 57586092 233012 530532    0    0     0     0 34789 8494 99  1  0  0  0	
32  0  12836 57584844 233012 530540    0    0     0     0 34778 8436 99  1  0  0  0	
procs -----------memory---------- ---swap-- -----io---- --system-- -----cpu-----
 r  b   swpd   free   buff  cache   si   so    bi    bo   in   cs us sy id wa st
32  0  12836 57584596 233012 530548    0    0     0     0 34780 8437 99  1  0  0  0	
32  0  12836 57584476 233012 530548    0    0     0     0 34349 8435 99  1  0  0  0	
32  0  12836 57584724 233012 530552    0    0     0     0 34524 8460 98  2  0  0  0	
32  0  12836 57584600 233012 530556    0    0     0     0 36337 8438 97  3  0  0  0	
33  0  12836 57584476 233012 530560    0    0     0     0 34849 8433 99  1  0  0  0	
32  0  12836 57585096 233012 530568    0    0     0     0 34741 8430 99  2  0  0  0	
33  0  12836 57585228 233012 530572    0    0     0     0 34732 8460 99  1  0  0  0	
32  0  12836 57584980 233012 530576    0    0     0     4 34713 8491 99  1  0  0  0	
32  0  12836 57583368 233012 530580    0    0     0     0 34341 8456 99  1  0  0  0	
32  0  12836 57583732 233012 530584    0    0     0    16 35821 8440 98  2  0  0  0	
32  0  12836 57584104 233012 530588    0    0     0     0 34673 8488 99  1  0  0  0	
32  0  12836 57584972 233012 530596    0    0     0     0 34733 8437 99  1  0  0  0	
32  0  12836 57585716 233012 530600    0    0     0     0 34752 8432 99  1  0  0  0	
32  0  12836 57583608 233012 530600    0    0     0     0 34736 8453 99  1  0  0  0	
32  0  12836 57585608 233012 530604    0    0     0     0 34745 8433 99  1  0  0  0	
32  0  12836 57584360 233012 530608    0    0     0     0 36115 8431 98  2  0  0  0	
32  0  12836 57583368 233012 530608    0    0     0     0 34550 8456 99  1  0  0  0	
32  0  12836 57584484 233012 530616    0    0     0     0 34384 8436 98  2  0  0  0	
32  0  12836 57583376 233012 530620    0    0     0     0 34781 8434 98  2  0  0  0	
32  0  12836 57585104 233012 530624    0    0     0     0 34758 8454 99  1  0  0  0	
32  0  12836 57583368 233012 530624    0    0     0     0 34402 8455 99  1  0  0  0	
procs -----------memory---------- ---swap-- -----io---- --system-- -----cpu-----
 r  b   swpd   free   buff  cache   si   so    bi    bo   in   cs us sy id wa st
32  0  12836 57585468 233012 530628    0    0     0    24 36515 8456 97  3  0  0  0	
32  0  12836 57585468 233012 530632    0    0     0     0 34768 8496 99  1  0  0  0	
34  0  12836 57583112 233012 530640    0    0     0     0 34326 8493 99  1  0  0  0	
32  0  12836 57585592 233012 530644    0    0     0     0 34731 8434 98  2  0  0  0	
32  0  12836 57584848 233012 530648    0    0     0     0 34786 8425 99  1  0  0  0	
32  0  12836 57583492 233012 530652    0    0     0     0 34344 8427 99  1  0  0  0	
32  0  12836 57585476 233012 530660    0    0     0     0 36182 8455 97  3  0  0  0	
32  0  12836 57584476 233012 530660    0    0     0     0 34380 8527 99  1  0  0  0	
32  0  12836 57584716 233012 530668    0    0     0     0 34360 8429 99  1  0  0  0	
32  0  12836 57583228 233012 530672    0    0     0     0 34415 8434 99  1  0  0  0	
32  0  12836 57584468 233012 530676    0    0     0     0 34491 8435 98  2  0  0  0	
32  0  12836 57584344 233012 530676    0    0     0     0 34547 8453 99  1  0  0  0	
32  0  12836 57584220 233012 530680    0    0     0     0 35877 8440 97  3  0  0  0	
32  0  12836 57584476 233012 530684    0    0     0     0 34743 8517 98  2  0  0  0	
32  0  12836 57585332 233012 530692    0    0     0     0 34765 8446 99  1  0  0  0	
32  0  12836 57584216 233012 530692    0    0     0     0 34330 8438 99  1  0  0  0	
32  0  12836 57585208 233012 530696    0    0     0     0 34793 8452 98  2  0  0  0	
32  0  12836 57584836 233012 530700    0    0     0     0 34726 8437 99  1  0  0  0	
