Linux 2.6.32-279.14.1.el6.x86_64 (compute-641-14.local) 	04/20/20 	_x86_64_	(32 CPU)

19:17:17     CPU    %usr   %nice    %sys %iowait    %irq   %soft  %steal  %guest   %idle
19:17:18     all   77.60    0.00    7.25    0.00    0.00    0.00    0.00    0.00   15.15
19:17:18       0   91.00    0.00    7.00    0.00    0.00    0.00    0.00    0.00    2.00
19:17:18       1   92.00    0.00    7.00    0.00    0.00    0.00    0.00    0.00    1.00
19:17:18       2   90.00    0.00    9.00    0.00    0.00    0.00    0.00    0.00    1.00
19:17:18       3    0.00    0.00    0.00    0.00    0.00    0.00    0.00    0.00  100.00
19:17:18       4   91.09    0.00    6.93    0.00    0.00    0.00    0.00    0.00    1.98
19:17:18       5    0.00    0.00    0.00    0.00    0.00    1.02    0.00    0.00   98.98
19:17:18       6   89.11    0.00    8.91    0.00    0.00    0.00    0.00    0.00    1.98
19:17:18       7   84.16    0.00    4.95    0.00    0.00    0.00    0.00    0.00   10.89
19:17:18       8   89.00    0.00   10.00    0.00    0.00    0.00    0.00    0.00    1.00
19:17:18       9   89.00    0.00   10.00    0.00    0.00    0.00    0.00    0.00    1.00
19:17:18      10   88.00    0.00   11.00    0.00    0.00    0.00    0.00    0.00    1.00
19:17:18      11   87.00    0.00   12.00    0.00    0.00    0.00    0.00    0.00    1.00
19:17:18      12   91.00    0.00    8.00    0.00    0.00    0.00    0.00    0.00    1.00
19:17:18      13   90.10    0.00    8.91    0.00    0.00    0.00    0.00    0.00    0.99
19:17:18      14   85.00    0.00   14.00    0.00    0.00    0.00    0.00    0.00    1.00
19:17:18      15   69.00    0.00    5.00    0.00    0.00    0.00    0.00    0.00   26.00
19:17:18      16   92.00    0.00    7.00    0.00    0.00    0.00    0.00    0.00    1.00
19:17:18      17   91.92    0.00    7.07    0.00    0.00    0.00    0.00    0.00    1.01
19:17:18      18   91.09    0.00    7.92    0.00    0.00    0.00    0.00    0.00    0.99
19:17:18      19   92.08    0.00    5.94    0.00    0.00    0.00    0.00    0.00    1.98
19:17:18      20    0.00    0.00    0.00    0.00    0.00    0.00    0.00    0.00  100.00
19:17:18      21   93.00    0.00    6.00    0.00    0.00    0.00    0.00    0.00    1.00
19:17:18      22   83.17    0.00    5.94    0.00    0.00    0.00    0.00    0.00   10.89
19:17:18      23   79.00    0.00    5.00    0.00    0.00    0.00    0.00    0.00   16.00
19:17:18      24   89.11    0.00    9.90    0.00    0.00    0.00    0.00    0.00    0.99
19:17:18      25   89.00    0.00   10.00    0.00    0.00    0.00    0.00    0.00    1.00
19:17:18      26   89.00    0.00    9.00    0.00    0.00    0.00    0.00    0.00    2.00
19:17:18      27   90.00    0.00    9.00    0.00    0.00    0.00    0.00    0.00    1.00
19:17:18      28   70.00    0.00    3.00    0.00    0.00    0.00    0.00    0.00   27.00
19:17:18      29   29.70    0.00    0.99    0.00    0.00    0.00    0.00    0.00   69.31
19:17:18      30   84.00    0.00   14.00    0.00    0.00    0.00    0.00    0.00    2.00
19:17:18      31   91.00    0.00    8.00    0.00    0.00    0.00    0.00    0.00    1.00

19:17:18     CPU    %usr   %nice    %sys %iowait    %irq   %soft  %steal  %guest   %idle
19:17:19     all   90.18    0.00    1.60    0.00    0.00    0.00    0.00    0.00    8.23
19:17:19       0   97.03    0.00    2.97    0.00    0.00    0.00    0.00    0.00    0.00
19:17:19       1   98.00    0.00    2.00    0.00    0.00    0.00    0.00    0.00    0.00
19:17:19       2   98.00    0.00    2.00    0.00    0.00    0.00    0.00    0.00    0.00
19:17:19       3   33.00    0.00    1.00    0.00    0.00    0.00    0.00    0.00   66.00
19:17:19       4   97.98    0.00    2.02    0.00    0.00    0.00    0.00    0.00    0.00
19:17:19       5    0.00    0.00    1.02    0.00    0.00    0.00    0.00    0.00   98.98
19:17:19       6   98.99    0.00    1.01    0.00    0.00    0.00    0.00    0.00    0.00
19:17:19       7   97.98    0.00    2.02    0.00    0.00    0.00    0.00    0.00    0.00
19:17:19       8   98.99    0.00    1.01    0.00    0.00    0.00    0.00    0.00    0.00
19:17:19       9   98.99    0.00    1.01    0.00    0.00    0.00    0.00    0.00    0.00
19:17:19      10   99.00    0.00    1.00    0.00    0.00    0.00    0.00    0.00    0.00
19:17:19      11  100.00    0.00    0.00    0.00    0.00    0.00    0.00    0.00    0.00
19:17:19      12   99.00    0.00    1.00    0.00    0.00    0.00    0.00    0.00    0.00
19:17:19      13   98.99    0.00    1.01    0.00    0.00    0.00    0.00    0.00    0.00
19:17:19      14   99.00    0.00    1.00    0.00    0.00    0.00    0.00    0.00    0.00
19:17:19      15   98.00    0.00    2.00    0.00    0.00    0.00    0.00    0.00    0.00
19:17:19      16   98.00    0.00    2.00    0.00    0.00    0.00    0.00    0.00    0.00
19:17:19      17   97.03    0.00    2.97    0.00    0.00    0.00    0.00    0.00    0.00
19:17:19      18   97.00    0.00    3.00    0.00    0.00    0.00    0.00    0.00    0.00
19:17:19      19   97.98    0.00    2.02    0.00    0.00    0.00    0.00    0.00    0.00
19:17:19      20    0.00    0.00    0.00    0.00    0.00    0.00    0.00    0.00  100.00
19:17:19      21   98.00    0.00    2.00    0.00    0.00    0.00    0.00    0.00    0.00
19:17:19      22   98.00    0.00    2.00    0.00    0.00    0.00    0.00    0.00    0.00
19:17:19      23   97.00    0.00    3.00    0.00    0.00    0.00    0.00    0.00    0.00
19:17:19      24   99.00    0.00    1.00    0.00    0.00    0.00    0.00    0.00    0.00
19:17:19      25   98.00    0.00    2.00    0.00    0.00    0.00    0.00    0.00    0.00
19:17:19      26   99.00    0.00    1.00    0.00    0.00    0.00    0.00    0.00    0.00
19:17:19      27   99.00    0.00    1.00    0.00    0.00    0.00    0.00    0.00    0.00
19:17:19      28   98.02    0.00    1.98    0.00    0.00    0.00    0.00    0.00    0.00
19:17:19      29   99.00    0.00    1.00    0.00    0.00    0.00    0.00    0.00    0.00
19:17:19      30   98.02    0.00    1.98    0.00    0.00    0.00    0.00    0.00    0.00
19:17:19      31   98.00    0.00    2.00    0.00    0.00    0.00    0.00    0.00    0.00

19:17:19     CPU    %usr   %nice    %sys %iowait    %irq   %soft  %steal  %guest   %idle
19:17:20     all   92.34    0.00    1.47    0.00    0.00    0.03    0.00    0.00    6.16
19:17:20       0   98.99    0.00    1.01    0.00    0.00    0.00    0.00    0.00    0.00
19:17:20       1   98.00    0.00    2.00    0.00    0.00    0.00    0.00    0.00    0.00
19:17:20       2   99.00    0.00    1.00    0.00    0.00    0.00    0.00    0.00    0.00
19:17:20       3   95.00    0.00    1.00    0.00    0.00    0.00    0.00    0.00    4.00
19:17:20       4   38.00    0.00    1.00    0.00    0.00    0.00    0.00    0.00   61.00
19:17:20       5    0.00    0.00    1.02    0.00    0.00    0.00    0.00    0.00   98.98
19:17:20       6   97.03    0.00    2.97    0.00    0.00    0.00    0.00    0.00    0.00
19:17:20       7   67.33    0.00    1.98    0.00    0.00    0.00    0.00    0.00   30.69
19:17:20       8   99.00    0.00    1.00    0.00    0.00    0.00    0.00    0.00    0.00
19:17:20       9   99.01    0.00    0.99    0.00    0.00    0.00    0.00    0.00    0.00
19:17:20      10   99.00    0.00    1.00    0.00    0.00    0.00    0.00    0.00    0.00
19:17:20      11   99.00    0.00    1.00    0.00    0.00    0.00    0.00    0.00    0.00
19:17:20      12   99.01    0.00    0.99    0.00    0.00    0.00    0.00    0.00    0.00
19:17:20      13   99.00    0.00    1.00    0.00    0.00    0.00    0.00    0.00    0.00
19:17:20      14   98.99    0.00    1.01    0.00    0.00    0.00    0.00    0.00    0.00
19:17:20      15  100.00    0.00    0.00    0.00    0.00    0.00    0.00    0.00    0.00
19:17:20      16   98.00    0.00    2.00    0.00    0.00    0.00    0.00    0.00    0.00
19:17:20      17   98.00    0.00    2.00    0.00    0.00    0.00    0.00    0.00    0.00
19:17:20      18   98.00    0.00    2.00    0.00    0.00    0.00    0.00    0.00    0.00
19:17:20      19   98.00    0.00    2.00    0.00    0.00    0.00    0.00    0.00    0.00
19:17:20      20   94.95    0.00    2.02    0.00    0.00    0.00    0.00    0.00    3.03
19:17:20      21   97.00    0.00    3.00    0.00    0.00    0.00    0.00    0.00    0.00
19:17:20      22   97.98    0.00    2.02    0.00    0.00    0.00    0.00    0.00    0.00
19:17:20      23   98.00    0.00    2.00    0.00    0.00    0.00    0.00    0.00    0.00
19:17:20      24  100.00    0.00    0.00    0.00    0.00    0.00    0.00    0.00    0.00
19:17:20      25   99.00    0.00    1.00    0.00    0.00    0.00    0.00    0.00    0.00
19:17:20      26   99.00    0.00    1.00    0.00    0.00    0.00    0.00    0.00    0.00
19:17:20      27   99.00    0.00    1.00    0.00    0.00    0.00    0.00    0.00    0.00
19:17:20      28  100.00    0.00    0.00    0.00    0.00    0.00    0.00    0.00    0.00
19:17:20      29   98.00    0.00    2.00    0.00    0.00    0.00    0.00    0.00    0.00
19:17:20      30   98.00    0.00    2.00    0.00    0.00    0.00    0.00    0.00    0.00
19:17:20      31   99.00    0.00    1.00    0.00    0.00    0.00    0.00    0.00    0.00

19:17:20     CPU    %usr   %nice    %sys %iowait    %irq   %soft  %steal  %guest   %idle
19:17:21     all   92.43    0.00    1.41    0.00    0.00    0.00    0.00    0.00    6.16
19:17:21       0   98.00    0.00    2.00    0.00    0.00    0.00    0.00    0.00    0.00
19:17:21       1   98.00    0.00    2.00    0.00    0.00    0.00    0.00    0.00    0.00
19:17:21       2   98.00    0.00    2.00    0.00    0.00    0.00    0.00    0.00    0.00
19:17:21       3   97.03    0.00    2.97    0.00    0.00    0.00    0.00    0.00    0.00
19:17:21       4    0.00    0.00    0.00    0.00    0.00    0.00    0.00    0.00  100.00
19:17:21       5    0.00    0.00    1.02    0.00    0.00    0.00    0.00    0.00   98.98
19:17:21       6   98.99    0.00    1.01    0.00    0.00    0.00    0.00    0.00    0.00
19:17:21       7   98.00    0.00    2.00    0.00    0.00    0.00    0.00    0.00    0.00
19:17:21       8   99.00    0.00    1.00    0.00    0.00    0.00    0.00    0.00    0.00
19:17:21       9   98.99    0.00    1.01    0.00    0.00    0.00    0.00    0.00    0.00
19:17:21      10  100.00    0.00    0.00    0.00    0.00    0.00    0.00    0.00    0.00
19:17:21      11   98.02    0.00    1.98    0.00    0.00    0.00    0.00    0.00    0.00
19:17:21      12   99.00    0.00    1.00    0.00    0.00    0.00    0.00    0.00    0.00
19:17:21      13   99.00    0.00    1.00    0.00    0.00    0.00    0.00    0.00    0.00
19:17:21      14   98.02    0.00    1.98    0.00    0.00    0.00    0.00    0.00    0.00
19:17:21      15   98.00    0.00    2.00    0.00    0.00    0.00    0.00    0.00    0.00
19:17:21      16   98.02    0.00    1.98    0.00    0.00    0.00    0.00    0.00    0.00
19:17:21      17   98.99    0.00    1.01    0.00    0.00    0.00    0.00    0.00    0.00
19:17:21      18   98.00    0.00    2.00    0.00    0.00    0.00    0.00    0.00    0.00
19:17:21      19   96.04    0.00    3.96    0.00    0.00    0.00    0.00    0.00    0.00
19:17:21      20   97.00    0.00    3.00    0.00    0.00    0.00    0.00    0.00    0.00
19:17:21      21   98.00    0.00    2.00    0.00    0.00    0.00    0.00    0.00    0.00
19:17:21      22   98.00    0.00    2.00    0.00    0.00    0.00    0.00    0.00    0.00
19:17:21      23   98.00    0.00    2.00    0.00    0.00    0.00    0.00    0.00    0.00
19:17:21      24   99.00    0.00    1.00    0.00    0.00    0.00    0.00    0.00    0.00
19:17:21      25   99.00    0.00    1.00    0.00    0.00    0.00    0.00    0.00    0.00
19:17:21      26   99.00    0.00    1.00    0.00    0.00    0.00    0.00    0.00    0.00
19:17:21      27   98.99    0.00    1.01    0.00    0.00    0.00    0.00    0.00    0.00
19:17:21      28   99.01    0.00    0.99    0.00    0.00    0.00    0.00    0.00    0.00
19:17:21      29  100.00    0.00    0.00    0.00    0.00    0.00    0.00    0.00    0.00
19:17:21      30   99.00    0.00    1.00    0.00    0.00    0.00    0.00    0.00    0.00
19:17:21      31   99.00    0.00    1.00    0.00    0.00    0.00    0.00    0.00    0.00

19:17:21     CPU    %usr   %nice    %sys %iowait    %irq   %soft  %steal  %guest   %idle
19:17:22     all   92.37    0.00    1.47    0.00    0.00    0.00    0.00    0.00    6.16
19:17:22       0   98.00    0.00    2.00    0.00    0.00    0.00    0.00    0.00    0.00
19:17:22       1   98.00    0.00    2.00    0.00    0.00    0.00    0.00    0.00    0.00
19:17:22       2   98.00    0.00    2.00    0.00    0.00    0.00    0.00    0.00    0.00
19:17:22       3   69.70    0.00    1.01    0.00    0.00    0.00    0.00    0.00   29.29
19:17:22       4   82.83    0.00    2.02    0.00    0.00    0.00    0.00    0.00   15.15
19:17:22       5    0.99    0.00    0.99    0.00    0.00    0.99    0.00    0.00   97.03
19:17:22       6   98.00    0.00    1.00    0.00    0.00    0.00    0.00    0.00    1.00
19:17:22       7   45.00    0.00    1.00    0.00    0.00    0.00    0.00    0.00   54.00
19:17:22       8   99.00    0.00    1.00    0.00    0.00    0.00    0.00    0.00    0.00
19:17:22       9   99.00    0.00    1.00    0.00    0.00    0.00    0.00    0.00    0.00
19:17:22      10   99.00    0.00    1.00    0.00    0.00    0.00    0.00    0.00    0.00
19:17:22      11  100.00    0.00    0.00    0.00    0.00    0.00    0.00    0.00    0.00
19:17:22      12  100.00    0.00    0.00    0.00    0.00    0.00    0.00    0.00    0.00
19:17:22      13   98.02    0.00    1.98    0.00    0.00    0.00    0.00    0.00    0.00
19:17:22      14   98.99    0.00    1.01    0.00    0.00    0.00    0.00    0.00    0.00
19:17:22      15  100.00    0.00    0.00    0.00    0.00    0.00    0.00    0.00    0.00
19:17:22      16   97.98    0.00    2.02    0.00    0.00    0.00    0.00    0.00    0.00
19:17:22      17   98.02    0.00    1.98    0.00    0.00    0.00    0.00    0.00    0.00
19:17:22      18   98.99    0.00    1.01    0.00    0.00    0.00    0.00    0.00    0.00
19:17:22      19   98.99    0.00    1.01    0.00    0.00    0.00    0.00    0.00    0.00
19:17:22      20   98.00    0.00    2.00    0.00    0.00    0.00    0.00    0.00    0.00
19:17:22      21   98.00    0.00    2.00    0.00    0.00    0.00    0.00    0.00    0.00
19:17:22      22   98.00    0.00    2.00    0.00    0.00    0.00    0.00    0.00    0.00
19:17:22      23   98.00    0.00    2.00    0.00    0.00    0.00    0.00    0.00    0.00
19:17:22      24   98.02    0.00    1.98    0.00    0.00    0.00    0.00    0.00    0.00
19:17:22      25   99.00    0.00    1.00    0.00    0.00    0.00    0.00    0.00    0.00
19:17:22      26   99.00    0.00    1.00    0.00    0.00    0.00    0.00    0.00    0.00
19:17:22      27   99.00    0.00    1.00    0.00    0.00    0.00    0.00    0.00    0.00
19:17:22      28   99.00    0.00    1.00    0.00    0.00    0.00    0.00    0.00    0.00
19:17:22      29   98.00    0.00    2.00    0.00    0.00    0.00    0.00    0.00    0.00
19:17:22      30   98.99    0.00    1.01    0.00    0.00    0.00    0.00    0.00    0.00
19:17:22      31   99.00    0.00    1.00    0.00    0.00    0.00    0.00    0.00    0.00

19:17:22     CPU    %usr   %nice    %sys %iowait    %irq   %soft  %steal  %guest   %idle
19:17:23     all   92.43    0.00    1.41    0.00    0.00    0.00    0.00    0.00    6.16
19:17:23       0   98.00    0.00    2.00    0.00    0.00    0.00    0.00    0.00    0.00
19:17:23       1   98.99    0.00    1.01    0.00    0.00    0.00    0.00    0.00    0.00
19:17:23       2   99.00    0.00    1.00    0.00    0.00    0.00    0.00    0.00    0.00
19:17:23       3   26.00    0.00    1.00    0.00    0.00    0.00    0.00    0.00   73.00
19:17:23       4   99.00    0.00    1.00    0.00    0.00    0.00    0.00    0.00    0.00
19:17:23       5    0.00    0.00    1.03    0.00    0.00    0.00    0.00    0.00   98.97
19:17:23       6   97.00    0.00    2.00    0.00    0.00    0.00    0.00    0.00    1.00
19:17:23       7   73.00    0.00    1.00    0.00    0.00    0.00    0.00    0.00   26.00
19:17:23       8   99.00    0.00    1.00    0.00    0.00    0.00    0.00    0.00    0.00
19:17:23       9   99.00    0.00    1.00    0.00    0.00    0.00    0.00    0.00    0.00
19:17:23      10   99.00    0.00    1.00    0.00    0.00    0.00    0.00    0.00    0.00
19:17:23      11   98.02    0.00    1.98    0.00    0.00    0.00    0.00    0.00    0.00
19:17:23      12   98.00    0.00    2.00    0.00    0.00    0.00    0.00    0.00    0.00
19:17:23      13   98.99    0.00    1.01    0.00    0.00    0.00    0.00    0.00    0.00
19:17:23      14   99.00    0.00    1.00    0.00    0.00    0.00    0.00    0.00    0.00
19:17:23      15   99.01    0.00    0.99    0.00    0.00    0.00    0.00    0.00    0.00
19:17:23      16   97.03    0.00    2.97    0.00    0.00    0.00    0.00    0.00    0.00
19:17:23      17   98.99    0.00    1.01    0.00    0.00    0.00    0.00    0.00    0.00
19:17:23      18   98.02    0.00    1.98    0.00    0.00    0.00    0.00    0.00    0.00
19:17:23      19   97.00    0.00    3.00    0.00    0.00    0.00    0.00    0.00    0.00
19:17:23      20   98.00    0.00    2.00    0.00    0.00    0.00    0.00    0.00    0.00
19:17:23      21   97.98    0.00    2.02    0.00    0.00    0.00    0.00    0.00    0.00
19:17:23      22   98.02    0.00    1.98    0.00    0.00    0.00    0.00    0.00    0.00
19:17:23      23   98.00    0.00    2.00    0.00    0.00    0.00    0.00    0.00    0.00
19:17:23      24   99.00    0.00    1.00    0.00    0.00    0.00    0.00    0.00    0.00
19:17:23      25   98.99    0.00    1.01    0.00    0.00    0.00    0.00    0.00    0.00
19:17:23      26   99.00    0.00    1.00    0.00    0.00    0.00    0.00    0.00    0.00
19:17:23      27   99.00    0.00    1.00    0.00    0.00    0.00    0.00    0.00    0.00
19:17:23      28   98.99    0.00    1.01    0.00    0.00    0.00    0.00    0.00    0.00
19:17:23      29   99.00    0.00    1.00    0.00    0.00    0.00    0.00    0.00    0.00
19:17:23      30   98.02    0.00    1.98    0.00    0.00    0.00    0.00    0.00    0.00
19:17:23      31  100.00    0.00    0.00    0.00    0.00    0.00    0.00    0.00    0.00

19:17:23     CPU    %usr   %nice    %sys %iowait    %irq   %soft  %steal  %guest   %idle
19:17:24     all   92.34    0.00    1.50    0.00    0.00    0.00    0.00    0.00    6.16
19:17:24       0   97.03    0.00    2.97    0.00    0.00    0.00    0.00    0.00    0.00
19:17:24       1   97.03    0.00    2.97    0.00    0.00    0.00    0.00    0.00    0.00
19:17:24       2   98.00    0.00    2.00    0.00    0.00    0.00    0.00    0.00    0.00
19:17:24       3   97.98    0.00    2.02    0.00    0.00    0.00    0.00    0.00    0.00
19:17:24       4   98.02    0.00    1.98    0.00    0.00    0.00    0.00    0.00    0.00
19:17:24       5    0.00    0.00    1.02    0.00    0.00    0.00    0.00    0.00   98.98
19:17:24       6   98.00    0.00    2.00    0.00    0.00    0.00    0.00    0.00    0.00
19:17:24       7    0.00    0.00    0.00    0.00    0.00    0.00    0.00    0.00  100.00
19:17:24       8   99.00    0.00    1.00    0.00    0.00    0.00    0.00    0.00    0.00
19:17:24       9   99.01    0.00    0.99    0.00    0.00    0.00    0.00    0.00    0.00
19:17:24      10   98.02    0.00    1.98    0.00    0.00    0.00    0.00    0.00    0.00
19:17:24      11   98.99    0.00    1.01    0.00    0.00    0.00    0.00    0.00    0.00
19:17:24      12   99.00    0.00    1.00    0.00    0.00    0.00    0.00    0.00    0.00
19:17:24      13   99.00    0.00    1.00    0.00    0.00    0.00    0.00    0.00    0.00
19:17:24      14   98.02    0.00    1.98    0.00    0.00    0.00    0.00    0.00    0.00
19:17:24      15   98.00    0.00    2.00    0.00    0.00    0.00    0.00    0.00    0.00
19:17:24      16   98.99    0.00    1.01    0.00    0.00    0.00    0.00    0.00    0.00
19:17:24      17   98.02    0.00    1.98    0.00    0.00    0.00    0.00    0.00    0.00
19:17:24      18   98.00    0.00    2.00    0.00    0.00    0.00    0.00    0.00    0.00
19:17:24      19   97.03    0.00    2.97    0.00    0.00    0.00    0.00    0.00    0.00
19:17:24      20   98.00    0.00    2.00    0.00    0.00    0.00    0.00    0.00    0.00
19:17:24      21   97.03    0.00    2.97    0.00    0.00    0.00    0.00    0.00    0.00
19:17:24      22   98.00    0.00    2.00    0.00    0.00    0.00    0.00    0.00    0.00
19:17:24      23   97.98    0.00    2.02    0.00    0.00    0.00    0.00    0.00    0.00
19:17:24      24  100.00    0.00    0.00    0.00    0.00    0.00    0.00    0.00    0.00
19:17:24      25   99.01    0.00    0.99    0.00    0.00    0.00    0.00    0.00    0.00
19:17:24      26   99.00    0.00    1.00    0.00    0.00    0.00    0.00    0.00    0.00
19:17:24      27   98.00    0.00    2.00    0.00    0.00    0.00    0.00    0.00    0.00
19:17:24      28   98.02    0.00    1.98    0.00    0.00    0.00    0.00    0.00    0.00
19:17:24      29   99.00    0.00    1.00    0.00    0.00    0.00    0.00    0.00    0.00
19:17:24      30   99.00    0.00    1.00    0.00    0.00    0.00    0.00    0.00    0.00
19:17:24      31   99.00    0.00    1.00    0.00    0.00    0.00    0.00    0.00    0.00

19:17:24     CPU    %usr   %nice    %sys %iowait    %irq   %soft  %steal  %guest   %idle
19:17:25     all   92.43    0.00    1.41    0.00    0.00    0.00    0.00    0.00    6.16
19:17:25       0   98.99    0.00    1.01    0.00    0.00    0.00    0.00    0.00    0.00
19:17:25       1   98.00    0.00    2.00    0.00    0.00    0.00    0.00    0.00    0.00
19:17:25       2   97.00    0.00    2.00    0.00    0.00    0.00    0.00    0.00    1.00
19:17:25       3   98.00    0.00    2.00    0.00    0.00    0.00    0.00    0.00    0.00
19:17:25       4   98.00    0.00    2.00    0.00    0.00    0.00    0.00    0.00    0.00
19:17:25       5    1.02    0.00    0.00    0.00    0.00    0.00    0.00    0.00   98.98
19:17:25       6   94.00    0.00    2.00    0.00    0.00    0.00    0.00    0.00    4.00
19:17:25       7    5.00    0.00    0.00    0.00    0.00    0.00    0.00    0.00   95.00
19:17:25       8   99.01    0.00    0.99    0.00    0.00    0.00    0.00    0.00    0.00
19:17:25       9  100.00    0.00    0.00    0.00    0.00    0.00    0.00    0.00    0.00
19:17:25      10   99.00    0.00    1.00    0.00    0.00    0.00    0.00    0.00    0.00
19:17:25      11   98.02    0.00    1.98    0.00    0.00    0.00    0.00    0.00    0.00
19:17:25      12   99.00    0.00    1.00    0.00    0.00    0.00    0.00    0.00    0.00
19:17:25      13   98.02    0.00    1.98    0.00    0.00    0.00    0.00    0.00    0.00
19:17:25      14   99.00    0.00    1.00    0.00    0.00    0.00    0.00    0.00    0.00
19:17:25      15  100.00    0.00    0.00    0.00    0.00    0.00    0.00    0.00    0.00
19:17:25      16   97.00    0.00    3.00    0.00    0.00    0.00    0.00    0.00    0.00
19:17:25      17   98.00    0.00    2.00    0.00    0.00    0.00    0.00    0.00    0.00
19:17:25      18   98.99    0.00    1.01    0.00    0.00    0.00    0.00    0.00    0.00
19:17:25      19   98.99    0.00    1.01    0.00    0.00    0.00    0.00    0.00    0.00
19:17:25      20   98.00    0.00    2.00    0.00    0.00    0.00    0.00    0.00    0.00
19:17:25      21   98.00    0.00    2.00    0.00    0.00    0.00    0.00    0.00    0.00
19:17:25      22   99.00    0.00    1.00    0.00    0.00    0.00    0.00    0.00    0.00
19:17:25      23   96.04    0.00    3.96    0.00    0.00    0.00    0.00    0.00    0.00
19:17:25      24   99.00    0.00    1.00    0.00    0.00    0.00    0.00    0.00    0.00
19:17:25      25   99.00    0.00    1.00    0.00    0.00    0.00    0.00    0.00    0.00
19:17:25      26   99.00    0.00    1.00    0.00    0.00    0.00    0.00    0.00    0.00
19:17:25      27   98.02    0.00    1.98    0.00    0.00    0.00    0.00    0.00    0.00
19:17:25      28   98.99    0.00    1.01    0.00    0.00    0.00    0.00    0.00    0.00
19:17:25      29   99.01    0.00    0.99    0.00    0.00    0.00    0.00    0.00    0.00
19:17:25      30   98.99    0.00    1.01    0.00    0.00    0.00    0.00    0.00    0.00
19:17:25      31   99.00    0.00    1.00    0.00    0.00    0.00    0.00    0.00    0.00

19:17:25     CPU    %usr   %nice    %sys %iowait    %irq   %soft  %steal  %guest   %idle
19:17:26     all   92.40    0.00    1.44    0.00    0.00    0.00    0.00    0.00    6.16
19:17:26       0   98.00    0.00    2.00    0.00    0.00    0.00    0.00    0.00    0.00
19:17:26       1   98.00    0.00    2.00    0.00    0.00    0.00    0.00    0.00    0.00
19:17:26       2   99.00    0.00    1.00    0.00    0.00    0.00    0.00    0.00    0.00
19:17:26       3   98.02    0.00    1.98    0.00    0.00    0.00    0.00    0.00    0.00
19:17:26       4   98.99    0.00    1.01    0.00    0.00    0.00    0.00    0.00    0.00
19:17:26       5    0.00    0.00    1.02    0.00    0.00    0.00    0.00    0.00   98.98
19:17:26       6   97.00    0.00    3.00    0.00    0.00    0.00    0.00    0.00    0.00
19:17:26       7    0.00    0.00    0.00    0.00    0.00    0.00    0.00    0.00  100.00
19:17:26       8  100.00    0.00    0.00    0.00    0.00    0.00    0.00    0.00    0.00
19:17:26       9   99.00    0.00    1.00    0.00    0.00    0.00    0.00    0.00    0.00
19:17:26      10   98.99    0.00    1.01    0.00    0.00    0.00    0.00    0.00    0.00
19:17:26      11   99.00    0.00    1.00    0.00    0.00    0.00    0.00    0.00    0.00
19:17:26      12   99.00    0.00    1.00    0.00    0.00    0.00    0.00    0.00    0.00
19:17:26      13   99.00    0.00    1.00    0.00    0.00    0.00    0.00    0.00    0.00
19:17:26      14   98.99    0.00    1.01    0.00    0.00    0.00    0.00    0.00    0.00
19:17:26      15   99.00    0.00    1.00    0.00    0.00    0.00    0.00    0.00    0.00
19:17:26      16   98.00    0.00    2.00    0.00    0.00    0.00    0.00    0.00    0.00
19:17:26      17   97.98    0.00    2.02    0.00    0.00    0.00    0.00    0.00    0.00
19:17:26      18   98.00    0.00    2.00    0.00    0.00    0.00    0.00    0.00    0.00
19:17:26      19   98.00    0.00    2.00    0.00    0.00    0.00    0.00    0.00    0.00
19:17:26      20   97.00    0.00    3.00    0.00    0.00    0.00    0.00    0.00    0.00
19:17:26      21   97.00    0.00    3.00    0.00    0.00    0.00    0.00    0.00    0.00
19:17:26      22   98.99    0.00    1.01    0.00    0.00    0.00    0.00    0.00    0.00
19:17:26      23   98.00    0.00    2.00    0.00    0.00    0.00    0.00    0.00    0.00
19:17:26      24  100.00    0.00    0.00    0.00    0.00    0.00    0.00    0.00    0.00
19:17:26      25   98.99    0.00    1.01    0.00    0.00    0.00    0.00    0.00    0.00
19:17:26      26   99.00    0.00    1.00    0.00    0.00    0.00    0.00    0.00    0.00
19:17:26      27  100.00    0.00    0.00    0.00    0.00    0.00    0.00    0.00    0.00
19:17:26      28   98.02    0.00    1.98    0.00    0.00    0.00    0.00    0.00    0.00
19:17:26      29   99.00    0.00    1.00    0.00    0.00    0.00    0.00    0.00    0.00
19:17:26      30   98.00    0.00    2.00    0.00    0.00    0.00    0.00    0.00    0.00
19:17:26      31   99.00    0.00    1.00    0.00    0.00    0.00    0.00    0.00    0.00

19:17:26     CPU    %usr   %nice    %sys %iowait    %irq   %soft  %steal  %guest   %idle
19:17:27     all   92.31    0.00    1.53    0.00    0.00    0.03    0.00    0.00    6.13
19:17:27       0   78.00    0.00    3.00    0.00    0.00    0.00    0.00    0.00   19.00
19:17:27       1   99.00    0.00    1.00    0.00    0.00    0.00    0.00    0.00    0.00
19:17:27       2   98.00    0.00    2.00    0.00    0.00    0.00    0.00    0.00    0.00
19:17:27       3   97.98    0.00    2.02    0.00    0.00    0.00    0.00    0.00    0.00
19:17:27       4   98.00    0.00    2.00    0.00    0.00    0.00    0.00    0.00    0.00
19:17:27       5    0.00    0.00    1.00    0.00    0.00    0.00    0.00    0.00   99.00
19:17:27       6   41.84    0.00    0.00    0.00    0.00    0.00    0.00    0.00   58.16
19:17:27       7   77.78    0.00    1.01    0.00    0.00    0.00    0.00    0.00   21.21
19:17:27       8  100.00    0.00    0.00    0.00    0.00    0.00    0.00    0.00    0.00
19:17:27       9   99.00    0.00    1.00    0.00    0.00    0.00    0.00    0.00    0.00
19:17:27      10   98.02    0.00    1.98    0.00    0.00    0.00    0.00    0.00    0.00
19:17:27      11   98.99    0.00    1.01    0.00    0.00    0.00    0.00    0.00    0.00
19:17:27      12   99.00    0.00    1.00    0.00    0.00    0.00    0.00    0.00    0.00
19:17:27      13   98.99    0.00    1.01    0.00    0.00    0.00    0.00    0.00    0.00
19:17:27      14   98.00    0.00    2.00    0.00    0.00    0.00    0.00    0.00    0.00
19:17:27      15   99.01    0.00    0.99    0.00    0.00    0.00    0.00    0.00    0.00
19:17:27      16   97.03    0.00    2.97    0.00    0.00    0.00    0.00    0.00    0.00
19:17:27      17   98.02    0.00    1.98    0.00    0.00    0.00    0.00    0.00    0.00
19:17:27      18   98.00    0.00    2.00    0.00    0.00    0.00    0.00    0.00    0.00
19:17:27      19   97.03    0.00    2.97    0.00    0.00    0.00    0.00    0.00    0.00
19:17:27      20   98.00    0.00    2.00    0.00    0.00    0.00    0.00    0.00    0.00
19:17:27      21   98.00    0.00    2.00    0.00    0.00    0.00    0.00    0.00    0.00
19:17:27      22   97.03    0.00    2.97    0.00    0.00    0.00    0.00    0.00    0.00
19:17:27      23   97.00    0.00    3.00    0.00    0.00    0.00    0.00    0.00    0.00
19:17:27      24   99.00    0.00    1.00    0.00    0.00    0.00    0.00    0.00    0.00
19:17:27      25   98.02    0.00    1.98    0.00    0.00    0.00    0.00    0.00    0.00
19:17:27      26   98.99    0.00    1.01    0.00    0.00    0.00    0.00    0.00    0.00
19:17:27      27   99.00    0.00    1.00    0.00    0.00    0.00    0.00    0.00    0.00
19:17:27      28   99.00    0.00    1.00    0.00    0.00    0.00    0.00    0.00    0.00
19:17:27      29   99.00    0.00    1.00    0.00    0.00    0.00    0.00    0.00    0.00
19:17:27      30   98.00    0.00    2.00    0.00    0.00    0.00    0.00    0.00    0.00
19:17:27      31  100.00    0.00    0.00    0.00    0.00    0.00    0.00    0.00    0.00
