Linux 2.6.32-279.14.1.el6.x86_64 (compute-641-14.local) 	04/20/20 	_x86_64_	(32 CPU)

19:20:07     CPU    %usr   %nice    %sys %iowait    %irq   %soft  %steal  %guest   %idle
19:20:08     all   87.26    0.00    2.50    0.00    0.00    0.00    0.00    0.00   10.24
19:20:08       0   97.00    0.00    2.00    0.00    0.00    0.00    0.00    0.00    1.00
19:20:08       1   96.04    0.00    2.97    0.00    0.00    0.00    0.00    0.00    0.99
19:20:08       2   96.00    0.00    3.00    0.00    0.00    0.00    0.00    0.00    1.00
19:20:08       3   95.96    0.00    3.03    0.00    0.00    0.00    0.00    0.00    1.01
19:20:08       4   97.00    0.00    2.00    0.00    0.00    0.00    0.00    0.00    1.00
19:20:08       5   97.00    0.00    2.00    0.00    0.00    0.00    0.00    0.00    1.00
19:20:08       6   88.00    0.00    1.00    0.00    0.00    0.00    0.00    0.00   11.00
19:20:08       7   95.10    0.00    2.94    0.00    0.00    0.00    0.00    0.00    1.96
19:20:08       8   46.00    0.00    2.00    0.00    0.00    0.00    0.00    0.00   52.00
19:20:08       9   91.00    0.00    4.00    0.00    0.00    0.00    0.00    0.00    5.00
19:20:08      10   95.05    0.00    3.96    0.00    0.00    0.00    0.00    0.00    0.99
19:20:08      11   96.00    0.00    3.00    0.00    0.00    0.00    0.00    0.00    1.00
19:20:08      12   95.05    0.00    2.97    0.00    0.00    0.00    0.00    0.00    1.98
19:20:08      13   95.00    0.00    3.00    0.00    0.00    0.00    0.00    0.00    2.00
19:20:08      14   93.07    0.00    4.95    0.00    0.00    0.00    0.00    0.00    1.98
19:20:08      15   95.00    0.00    4.00    0.00    0.00    0.00    0.00    0.00    1.00
19:20:08      16   89.90    0.00    2.02    0.00    0.00    0.00    0.00    0.00    8.08
19:20:08      17   94.06    0.00    3.96    0.00    0.00    0.00    0.00    0.00    1.98
19:20:08      18   95.00    0.00    3.00    0.00    0.00    0.00    0.00    0.00    2.00
19:20:08      19   87.88    0.00    2.02    0.00    0.00    0.00    0.00    0.00   10.10
19:20:08      20   96.00    0.00    3.00    0.00    0.00    0.00    0.00    0.00    1.00
19:20:08      21   86.00    0.00    2.00    0.00    0.00    0.00    0.00    0.00   12.00
19:20:08      22   88.00    0.00    1.00    0.00    0.00    0.00    0.00    0.00   11.00
19:20:08      23   87.88    0.00    1.01    0.00    0.00    0.00    0.00    0.00   11.11
19:20:08      24   95.05    0.00    3.96    0.00    0.00    0.00    0.00    0.00    0.99
19:20:08      25   95.00    0.00    4.00    0.00    0.00    0.00    0.00    0.00    1.00
19:20:08      26   86.87    0.00    1.01    0.00    0.00    0.00    0.00    0.00   12.12
19:20:08      27   85.00    0.00    2.00    0.00    0.00    0.00    0.00    0.00   13.00
19:20:08      28   86.00    0.00    1.00    0.00    0.00    0.00    0.00    0.00   13.00
19:20:08      29    0.00    0.00    0.00    0.00    0.00    0.00    0.00    0.00  100.00
19:20:08      30   54.00    0.00    1.00    0.00    0.00    0.00    0.00    0.00   45.00
19:20:08      31   95.05    0.00    3.96    0.00    0.00    0.00    0.00    0.00    0.99

19:20:08     CPU    %usr   %nice    %sys %iowait    %irq   %soft  %steal  %guest   %idle
19:20:09     all   92.31    0.00    1.47    0.00    0.00    0.00    0.00    0.00    6.22
19:20:09       0   98.02    0.00    1.98    0.00    0.00    0.00    0.00    0.00    0.00
19:20:09       1  100.00    0.00    0.00    0.00    0.00    0.00    0.00    0.00    0.00
19:20:09       2   98.00    0.00    2.00    0.00    0.00    0.00    0.00    0.00    0.00
19:20:09       3   99.00    0.00    1.00    0.00    0.00    0.00    0.00    0.00    0.00
19:20:09       4  100.00    0.00    0.00    0.00    0.00    0.00    0.00    0.00    0.00
19:20:09       5   98.99    0.00    1.01    0.00    0.00    0.00    0.00    0.00    0.00
19:20:09       6   98.00    0.00    2.00    0.00    0.00    0.00    0.00    0.00    0.00
19:20:09       7   98.99    0.00    1.01    0.00    0.00    0.00    0.00    0.00    0.00
19:20:09       8   97.00    0.00    3.00    0.00    0.00    0.00    0.00    0.00    0.00
19:20:09       9   58.00    0.00    1.00    0.00    0.00    0.00    0.00    0.00   41.00
19:20:09      10   54.55    0.00    0.00    0.00    0.00    0.00    0.00    0.00   45.45
19:20:09      11   99.00    0.00    1.00    0.00    0.00    0.00    0.00    0.00    0.00
19:20:09      12   98.00    0.00    2.00    0.00    0.00    0.00    0.00    0.00    0.00
19:20:09      13   84.00    0.00    2.00    0.00    0.00    0.00    0.00    0.00   14.00
19:20:09      14   98.00    0.00    2.00    0.00    0.00    0.00    0.00    0.00    0.00
19:20:09      15   98.00    0.00    2.00    0.00    0.00    0.00    0.00    0.00    0.00
19:20:09      16   99.00    0.00    1.00    0.00    0.00    0.00    0.00    0.00    0.00
19:20:09      17   98.99    0.00    1.01    0.00    0.00    0.00    0.00    0.00    0.00
19:20:09      18   98.00    0.00    2.00    0.00    0.00    0.00    0.00    0.00    0.00
19:20:09      19   99.00    0.00    1.00    0.00    0.00    0.00    0.00    0.00    0.00
19:20:09      20   99.00    0.00    1.00    0.00    0.00    0.00    0.00    0.00    0.00
19:20:09      21   99.00    0.00    1.00    0.00    0.00    0.00    0.00    0.00    0.00
19:20:09      22   99.00    0.00    1.00    0.00    0.00    0.00    0.00    0.00    0.00
19:20:09      23   99.01    0.00    0.99    0.00    0.00    0.00    0.00    0.00    0.00
19:20:09      24   98.00    0.00    2.00    0.00    0.00    0.00    0.00    0.00    0.00
19:20:09      25   96.04    0.00    3.96    0.00    0.00    0.00    0.00    0.00    0.00
19:20:09      26   97.03    0.00    2.97    0.00    0.00    0.00    0.00    0.00    0.00
19:20:09      27   98.00    0.00    2.00    0.00    0.00    0.00    0.00    0.00    0.00
19:20:09      28   98.00    0.00    2.00    0.00    0.00    0.00    0.00    0.00    0.00
19:20:09      29    0.00    0.00    0.00    0.00    0.00    0.00    0.00    0.00  100.00
19:20:09      30   98.00    0.00    2.00    0.00    0.00    0.00    0.00    0.00    0.00
19:20:09      31   99.00    0.00    1.00    0.00    0.00    0.00    0.00    0.00    0.00

19:20:09     CPU    %usr   %nice    %sys %iowait    %irq   %soft  %steal  %guest   %idle
19:20:10     all   92.15    0.00    1.63    0.00    0.00    0.00    0.00    0.00    6.22
19:20:10       0   98.00    0.00    2.00    0.00    0.00    0.00    0.00    0.00    0.00
19:20:10       1   99.00    0.00    1.00    0.00    0.00    0.00    0.00    0.00    0.00
19:20:10       2   97.98    0.00    2.02    0.00    0.00    0.00    0.00    0.00    0.00
19:20:10       3   98.02    0.00    1.98    0.00    0.00    0.00    0.00    0.00    0.00
19:20:10       4   99.00    0.00    1.00    0.00    0.00    0.00    0.00    0.00    0.00
19:20:10       5   99.00    0.00    1.00    0.00    0.00    0.00    0.00    0.00    0.00
19:20:10       6   99.00    0.00    1.00    0.00    0.00    0.00    0.00    0.00    0.00
19:20:10       7   98.02    0.00    1.98    0.00    0.00    0.00    0.00    0.00    0.00
19:20:10       8   74.00    0.00    1.00    0.00    0.00    0.00    0.00    0.00   25.00
19:20:10       9   55.00    0.00    1.00    0.00    0.00    0.00    0.00    0.00   44.00
19:20:10      10   97.03    0.00    2.97    0.00    0.00    0.00    0.00    0.00    0.00
19:20:10      11   99.00    0.00    1.00    0.00    0.00    0.00    0.00    0.00    0.00
19:20:10      12   98.00    0.00    2.00    0.00    0.00    0.00    0.00    0.00    0.00
19:20:10      13   68.69    0.00    1.01    0.00    0.00    0.00    0.00    0.00   30.30
19:20:10      14   97.98    0.00    2.02    0.00    0.00    0.00    0.00    0.00    0.00
19:20:10      15   97.98    0.00    2.02    0.00    0.00    0.00    0.00    0.00    0.00
19:20:10      16   99.00    0.00    1.00    0.00    0.00    0.00    0.00    0.00    0.00
19:20:10      17   99.00    0.00    1.00    0.00    0.00    0.00    0.00    0.00    0.00
19:20:10      18   97.00    0.00    3.00    0.00    0.00    0.00    0.00    0.00    0.00
19:20:10      19   99.00    0.00    1.00    0.00    0.00    0.00    0.00    0.00    0.00
19:20:10      20   99.00    0.00    1.00    0.00    0.00    0.00    0.00    0.00    0.00
19:20:10      21   99.00    0.00    1.00    0.00    0.00    0.00    0.00    0.00    0.00
19:20:10      22   99.00    0.00    1.00    0.00    0.00    0.00    0.00    0.00    0.00
19:20:10      23   98.00    0.00    2.00    0.00    0.00    0.00    0.00    0.00    0.00
19:20:10      24   98.00    0.00    2.00    0.00    0.00    0.00    0.00    0.00    0.00
19:20:10      25   97.98    0.00    2.02    0.00    0.00    0.00    0.00    0.00    0.00
19:20:10      26   99.00    0.00    1.00    0.00    0.00    0.00    0.00    0.00    0.00
19:20:10      27   98.00    0.00    2.00    0.00    0.00    0.00    0.00    0.00    0.00
19:20:10      28   99.00    0.00    1.00    0.00    0.00    0.00    0.00    0.00    0.00
19:20:10      29    0.00    0.00    0.00    0.00    0.00    0.00    0.00    0.00  100.00
19:20:10      30   98.00    0.00    2.00    0.00    0.00    0.00    0.00    0.00    0.00
19:20:10      31   98.99    0.00    1.01    0.00    0.00    0.00    0.00    0.00    0.00

19:20:10     CPU    %usr   %nice    %sys %iowait    %irq   %soft  %steal  %guest   %idle
19:20:11     all   92.19    0.00    1.59    0.00    0.00    0.00    0.00    0.00    6.22
19:20:11       0   98.99    0.00    1.01    0.00    0.00    0.00    0.00    0.00    0.00
19:20:11       1   99.00    0.00    1.00    0.00    0.00    0.00    0.00    0.00    0.00
19:20:11       2   98.02    0.00    1.98    0.00    0.00    0.00    0.00    0.00    0.00
19:20:11       3   98.99    0.00    1.01    0.00    0.00    0.00    0.00    0.00    0.00
19:20:11       4   99.00    0.00    1.00    0.00    0.00    0.00    0.00    0.00    0.00
19:20:11       5   98.02    0.00    1.98    0.00    0.00    0.00    0.00    0.00    0.00
19:20:11       6   98.00    0.00    2.00    0.00    0.00    0.00    0.00    0.00    0.00
19:20:11       7   98.99    0.00    1.01    0.00    0.00    0.00    0.00    0.00    0.00
19:20:11       8   38.38    0.00    0.00    0.00    0.00    0.00    0.00    0.00   61.62
19:20:11       9   98.00    0.00    1.00    0.00    0.00    0.00    0.00    0.00    1.00
19:20:11      10   98.00    0.00    2.00    0.00    0.00    0.00    0.00    0.00    0.00
19:20:11      11   98.00    0.00    2.00    0.00    0.00    0.00    0.00    0.00    0.00
19:20:11      12   98.00    0.00    2.00    0.00    0.00    0.00    0.00    0.00    0.00
19:20:11      13   59.41    0.00    1.98    0.00    0.00    0.00    0.00    0.00   38.61
19:20:11      14   97.00    0.00    3.00    0.00    0.00    0.00    0.00    0.00    0.00
19:20:11      15   98.02    0.00    1.98    0.00    0.00    0.00    0.00    0.00    0.00
19:20:11      16   98.00    0.00    2.00    0.00    0.00    0.00    0.00    0.00    0.00
19:20:11      17   98.00    0.00    2.00    0.00    0.00    0.00    0.00    0.00    0.00
19:20:11      18   97.00    0.00    3.00    0.00    0.00    0.00    0.00    0.00    0.00
19:20:11      19   99.00    0.00    1.00    0.00    0.00    0.00    0.00    0.00    0.00
19:20:11      20   99.00    0.00    1.00    0.00    0.00    0.00    0.00    0.00    0.00
19:20:11      21   98.00    0.00    2.00    0.00    0.00    0.00    0.00    0.00    0.00
19:20:11      22   98.99    0.00    1.01    0.00    0.00    0.00    0.00    0.00    0.00
19:20:11      23   97.98    0.00    2.02    0.00    0.00    0.00    0.00    0.00    0.00
19:20:11      24   97.98    0.00    2.02    0.00    0.00    0.00    0.00    0.00    0.00
19:20:11      25   98.00    0.00    2.00    0.00    0.00    0.00    0.00    0.00    0.00
19:20:11      26   98.00    0.00    2.00    0.00    0.00    0.00    0.00    0.00    0.00
19:20:11      27   99.00    0.00    1.00    0.00    0.00    0.00    0.00    0.00    0.00
19:20:11      28   99.00    0.00    1.00    0.00    0.00    0.00    0.00    0.00    0.00
19:20:11      29    0.00    0.00    0.00    0.00    0.00    0.00    0.00    0.00  100.00
19:20:11      30   98.00    0.00    2.00    0.00    0.00    0.00    0.00    0.00    0.00
19:20:11      31   98.02    0.00    1.98    0.00    0.00    0.00    0.00    0.00    0.00

19:20:11     CPU    %usr   %nice    %sys %iowait    %irq   %soft  %steal  %guest   %idle
19:20:12     all   92.16    0.00    1.59    0.00    0.00    0.00    0.00    0.00    6.25
19:20:12       0   98.00    0.00    2.00    0.00    0.00    0.00    0.00    0.00    0.00
19:20:12       1   99.00    0.00    1.00    0.00    0.00    0.00    0.00    0.00    0.00
19:20:12       2   98.00    0.00    2.00    0.00    0.00    0.00    0.00    0.00    0.00
19:20:12       3   99.00    0.00    1.00    0.00    0.00    0.00    0.00    0.00    0.00
19:20:12       4   99.00    0.00    1.00    0.00    0.00    0.00    0.00    0.00    0.00
19:20:12       5   99.00    0.00    1.00    0.00    0.00    0.00    0.00    0.00    0.00
19:20:12       6   99.00    0.00    1.00    0.00    0.00    0.00    0.00    0.00    0.00
19:20:12       7   99.00    0.00    1.00    0.00    0.00    0.00    0.00    0.00    0.00
19:20:12       8    0.00    0.00    0.00    0.99    0.00    0.00    0.00    0.00   99.01
19:20:12       9   97.00    0.00    3.00    0.00    0.00    0.00    0.00    0.00    0.00
19:20:12      10   98.00    0.00    2.00    0.00    0.00    0.00    0.00    0.00    0.00
19:20:12      11   98.99    0.00    1.01    0.00    0.00    0.00    0.00    0.00    0.00
19:20:12      12   99.00    0.00    1.00    0.00    0.00    0.00    0.00    0.00    0.00
19:20:12      13   96.00    0.00    4.00    0.00    0.00    0.00    0.00    0.00    0.00
19:20:12      14   98.00    0.00    2.00    0.00    0.00    0.00    0.00    0.00    0.00
19:20:12      15   98.00    0.00    2.00    0.00    0.00    0.00    0.00    0.00    0.00
19:20:12      16   98.00    0.00    2.00    0.00    0.00    0.00    0.00    0.00    0.00
19:20:12      17   99.00    0.00    1.00    0.00    0.00    0.00    0.00    0.00    0.00
19:20:12      18   97.03    0.00    2.97    0.00    0.00    0.00    0.00    0.00    0.00
19:20:12      19   98.00    0.00    2.00    0.00    0.00    0.00    0.00    0.00    0.00
19:20:12      20   99.00    0.00    1.00    0.00    0.00    0.00    0.00    0.00    0.00
19:20:12      21   99.00    0.00    1.00    0.00    0.00    0.00    0.00    0.00    0.00
19:20:12      22   99.00    0.00    1.00    0.00    0.00    0.00    0.00    0.00    0.00
19:20:12      23   99.00    0.00    1.00    0.00    0.00    0.00    0.00    0.00    0.00
19:20:12      24   97.03    0.00    2.97    0.00    0.00    0.00    0.00    0.00    0.00
19:20:12      25   99.00    0.00    1.00    0.00    0.00    0.00    0.00    0.00    0.00
19:20:12      26   98.00    0.00    2.00    0.00    0.00    0.00    0.00    0.00    0.00
19:20:12      27   98.00    0.00    2.00    0.00    0.00    0.00    0.00    0.00    0.00
19:20:12      28   97.98    0.00    2.02    0.00    0.00    0.00    0.00    0.00    0.00
19:20:12      29    0.00    0.00    0.00    0.00    0.00    0.00    0.00    0.00  100.00
19:20:12      30   98.00    0.00    2.00    0.00    0.00    0.00    0.00    0.00    0.00
19:20:12      31   97.98    0.00    2.02    0.00    0.00    0.00    0.00    0.00    0.00

19:20:12     CPU    %usr   %nice    %sys %iowait    %irq   %soft  %steal  %guest   %idle
19:20:13     all   91.97    0.00    1.78    0.00    0.00    0.00    0.00    0.00    6.25
19:20:13       0   99.00    0.00    1.00    0.00    0.00    0.00    0.00    0.00    0.00
19:20:13       1   99.00    0.00    1.00    0.00    0.00    0.00    0.00    0.00    0.00
19:20:13       2   98.99    0.00    1.01    0.00    0.00    0.00    0.00    0.00    0.00
19:20:13       3   99.00    0.00    1.00    0.00    0.00    0.00    0.00    0.00    0.00
19:20:13       4   99.00    0.00    1.00    0.00    0.00    0.00    0.00    0.00    0.00
19:20:13       5   98.00    0.00    2.00    0.00    0.00    0.00    0.00    0.00    0.00
19:20:13       6   98.00    0.00    2.00    0.00    0.00    0.00    0.00    0.00    0.00
19:20:13       7   99.00    0.00    1.00    0.00    0.00    0.00    0.00    0.00    0.00
19:20:13       8    0.00    0.00    0.00    0.00    0.00    0.00    0.00    0.00  100.00
19:20:13       9   98.00    0.00    2.00    0.00    0.00    0.00    0.00    0.00    0.00
19:20:13      10   98.00    0.00    2.00    0.00    0.00    0.00    0.00    0.00    0.00
19:20:13      11   97.03    0.00    2.97    0.00    0.00    0.00    0.00    0.00    0.00
19:20:13      12   97.00    0.00    3.00    0.00    0.00    0.00    0.00    0.00    0.00
19:20:13      13   96.00    0.00    4.00    0.00    0.00    0.00    0.00    0.00    0.00
19:20:13      14   97.00    0.00    3.00    0.00    0.00    0.00    0.00    0.00    0.00
19:20:13      15   97.98    0.00    2.02    0.00    0.00    0.00    0.00    0.00    0.00
19:20:13      16   99.00    0.00    1.00    0.00    0.00    0.00    0.00    0.00    0.00
19:20:13      17   98.02    0.00    1.98    0.00    0.00    0.00    0.00    0.00    0.00
19:20:13      18   97.98    0.00    2.02    0.00    0.00    0.00    0.00    0.00    0.00
19:20:13      19   99.00    0.00    1.00    0.00    0.00    0.00    0.00    0.00    0.00
19:20:13      20   99.00    0.00    1.00    0.00    0.00    0.00    0.00    0.00    0.00
19:20:13      21   98.00    0.00    2.00    0.00    0.00    0.00    0.00    0.00    0.00
19:20:13      22   99.01    0.00    0.99    0.00    0.00    0.00    0.00    0.00    0.00
19:20:13      23   98.00    0.00    2.00    0.00    0.00    0.00    0.00    0.00    0.00
19:20:13      24   98.00    0.00    2.00    0.00    0.00    0.00    0.00    0.00    0.00
19:20:13      25   97.00    0.00    3.00    0.00    0.00    0.00    0.00    0.00    0.00
19:20:13      26   97.00    0.00    3.00    0.00    0.00    0.00    0.00    0.00    0.00
19:20:13      27   97.00    0.00    3.00    0.00    0.00    0.00    0.00    0.00    0.00
19:20:13      28   97.03    0.00    2.97    0.00    0.00    0.00    0.00    0.00    0.00
19:20:13      29    0.00    0.00    0.00    0.00    0.00    0.00    0.00    0.00  100.00
19:20:13      30   98.00    0.00    2.00    0.00    0.00    0.00    0.00    0.00    0.00
19:20:13      31   98.00    0.00    2.00    0.00    0.00    0.00    0.00    0.00    0.00

19:20:13     CPU    %usr   %nice    %sys %iowait    %irq   %soft  %steal  %guest   %idle
19:20:14     all   92.28    0.00    1.47    0.00    0.00    0.00    0.00    0.00    6.25
19:20:14       0   98.00    0.00    2.00    0.00    0.00    0.00    0.00    0.00    0.00
19:20:14       1   99.00    0.00    1.00    0.00    0.00    0.00    0.00    0.00    0.00
19:20:14       2   99.00    0.00    1.00    0.00    0.00    0.00    0.00    0.00    0.00
19:20:14       3   99.00    0.00    1.00    0.00    0.00    0.00    0.00    0.00    0.00
19:20:14       4   99.00    0.00    1.00    0.00    0.00    0.00    0.00    0.00    0.00
19:20:14       5   99.00    0.00    1.00    0.00    0.00    0.00    0.00    0.00    0.00
19:20:14       6   99.00    0.00    1.00    0.00    0.00    0.00    0.00    0.00    0.00
19:20:14       7   98.02    0.00    1.98    0.00    0.00    0.00    0.00    0.00    0.00
19:20:14       8    0.00    0.00    0.00    0.00    0.00    0.00    0.00    0.00  100.00
19:20:14       9   99.00    0.00    1.00    0.00    0.00    0.00    0.00    0.00    0.00
19:20:14      10   98.00    0.00    2.00    0.00    0.00    0.00    0.00    0.00    0.00
19:20:14      11   98.00    0.00    2.00    0.00    0.00    0.00    0.00    0.00    0.00
19:20:14      12   98.00    0.00    2.00    0.00    0.00    0.00    0.00    0.00    0.00
19:20:14      13   98.00    0.00    2.00    0.00    0.00    0.00    0.00    0.00    0.00
19:20:14      14   82.00    0.00    2.00    0.00    0.00    0.00    0.00    0.00   16.00
19:20:14      15   98.00    0.00    2.00    0.00    0.00    0.00    0.00    0.00    0.00
19:20:14      16   98.00    0.00    2.00    0.00    0.00    0.00    0.00    0.00    0.00
19:20:14      17   99.00    0.00    1.00    0.00    0.00    0.00    0.00    0.00    0.00
19:20:14      18   97.00    0.00    3.00    0.00    0.00    0.00    0.00    0.00    0.00
19:20:14      19   98.00    0.00    2.00    0.00    0.00    0.00    0.00    0.00    0.00
19:20:14      20   99.00    0.00    1.00    0.00    0.00    0.00    0.00    0.00    0.00
19:20:14      21   99.00    0.00    1.00    0.00    0.00    0.00    0.00    0.00    0.00
19:20:14      22   98.99    0.00    1.01    0.00    0.00    0.00    0.00    0.00    0.00
19:20:14      23   98.02    0.00    1.98    0.00    0.00    0.00    0.00    0.00    0.00
19:20:14      24   98.00    0.00    2.00    0.00    0.00    0.00    0.00    0.00    0.00
19:20:14      25   98.00    0.00    2.00    0.00    0.00    0.00    0.00    0.00    0.00
19:20:14      26   98.99    0.00    1.01    0.00    0.00    0.00    0.00    0.00    0.00
19:20:14      27   99.00    0.00    1.00    0.00    0.00    0.00    0.00    0.00    0.00
19:20:14      28   99.00    0.00    1.00    0.00    0.00    0.00    0.00    0.00    0.00
19:20:14      29   16.00    0.00    0.00    0.00    0.00    0.00    0.00    0.00   84.00
19:20:14      30   98.00    0.00    2.00    0.00    0.00    0.00    0.00    0.00    0.00
19:20:14      31   97.03    0.00    2.97    0.00    0.00    0.00    0.00    0.00    0.00

19:20:14     CPU    %usr   %nice    %sys %iowait    %irq   %soft  %steal  %guest   %idle
19:20:15     all   92.25    0.00    1.53    0.00    0.00    0.00    0.00    0.00    6.22
19:20:15       0   99.00    0.00    1.00    0.00    0.00    0.00    0.00    0.00    0.00
19:20:15       1   99.00    0.00    1.00    0.00    0.00    0.00    0.00    0.00    0.00
19:20:15       2   98.02    0.00    1.98    0.00    0.00    0.00    0.00    0.00    0.00
19:20:15       3   99.00    0.00    1.00    0.00    0.00    0.00    0.00    0.00    0.00
19:20:15       4   99.00    0.00    1.00    0.00    0.00    0.00    0.00    0.00    0.00
19:20:15       5   99.00    0.00    1.00    0.00    0.00    0.00    0.00    0.00    0.00
19:20:15       6   99.00    0.00    1.00    0.00    0.00    0.00    0.00    0.00    0.00
19:20:15       7   98.99    0.00    1.01    0.00    0.00    0.00    0.00    0.00    0.00
19:20:15       8    0.00    0.00    0.00    0.00    0.00    0.00    0.00    0.00  100.00
19:20:15       9   98.00    0.00    2.00    0.00    0.00    0.00    0.00    0.00    0.00
19:20:15      10   60.40    0.00    0.99    0.00    0.00    0.00    0.00    0.00   38.61
19:20:15      11   98.99    0.00    1.01    0.00    0.00    0.00    0.00    0.00    0.00
19:20:15      12   98.00    0.00    2.00    0.00    0.00    0.00    0.00    0.00    0.00
19:20:15      13   97.00    0.00    3.00    0.00    0.00    0.00    0.00    0.00    0.00
19:20:15      14   38.38    0.00    0.00    0.00    0.00    0.00    0.00    0.00   61.62
19:20:15      15   99.00    0.00    1.00    0.00    0.00    0.00    0.00    0.00    0.00
19:20:15      16   99.00    0.00    1.00    0.00    0.00    0.00    0.00    0.00    0.00
19:20:15      17   99.00    0.00    1.00    0.00    0.00    0.00    0.00    0.00    0.00
19:20:15      18   97.00    0.00    3.00    0.00    0.00    0.00    0.00    0.00    0.00
19:20:15      19   99.00    0.00    1.00    0.00    0.00    0.00    0.00    0.00    0.00
19:20:15      20   98.99    0.00    1.01    0.00    0.00    0.00    0.00    0.00    0.00
19:20:15      21   99.00    0.00    1.00    0.00    0.00    0.00    0.00    0.00    0.00
19:20:15      22   98.02    0.00    1.98    0.00    0.00    0.00    0.00    0.00    0.00
19:20:15      23   98.00    0.00    2.00    0.00    0.00    0.00    0.00    0.00    0.00
19:20:15      24   97.98    0.00    2.02    0.00    0.00    0.00    0.00    0.00    0.00
19:20:15      25   99.00    0.00    1.00    0.00    0.00    0.00    0.00    0.00    0.00
19:20:15      26   97.03    0.00    2.97    0.00    0.00    0.00    0.00    0.00    0.00
19:20:15      27   98.00    0.00    2.00    0.00    0.00    0.00    0.00    0.00    0.00
19:20:15      28   98.00    0.00    2.00    0.00    0.00    0.00    0.00    0.00    0.00
19:20:15      29   98.00    0.00    2.00    0.00    0.00    0.00    0.00    0.00    0.00
19:20:15      30   97.98    0.00    2.02    0.00    0.00    0.00    0.00    0.00    0.00
19:20:15      31   98.99    0.00    1.01    0.00    0.00    0.00    0.00    0.00    0.00

19:20:15     CPU    %usr   %nice    %sys %iowait    %irq   %soft  %steal  %guest   %idle
19:20:16     all   92.25    0.00    1.53    0.00    0.00    0.00    0.00    0.00    6.22
19:20:16       0   99.00    0.00    1.00    0.00    0.00    0.00    0.00    0.00    0.00
19:20:16       1   99.00    0.00    1.00    0.00    0.00    0.00    0.00    0.00    0.00
19:20:16       2   98.00    0.00    2.00    0.00    0.00    0.00    0.00    0.00    0.00
19:20:16       3   98.00    0.00    2.00    0.00    0.00    0.00    0.00    0.00    0.00
19:20:16       4   98.00    0.00    2.00    0.00    0.00    0.00    0.00    0.00    0.00
19:20:16       5   98.99    0.00    1.01    0.00    0.00    0.00    0.00    0.00    0.00
19:20:16       6   98.00    0.00    2.00    0.00    0.00    0.00    0.00    0.00    0.00
19:20:16       7   98.02    0.00    1.98    0.00    0.00    0.00    0.00    0.00    0.00
19:20:16       8   10.89    0.00    0.99    0.00    0.00    0.00    0.00    0.00   88.12
19:20:16       9   98.00    0.00    2.00    0.00    0.00    0.00    0.00    0.00    0.00
19:20:16      10   50.51    0.00    1.01    0.00    0.00    0.00    0.00    0.00   48.48
19:20:16      11   97.03    0.00    2.97    0.00    0.00    0.00    0.00    0.00    0.00
19:20:16      12   99.00    0.00    1.00    0.00    0.00    0.00    0.00    0.00    0.00
19:20:16      13   98.00    0.00    2.00    0.00    0.00    0.00    0.00    0.00    0.00
19:20:16      14   37.62    0.00    0.99    0.00    0.00    0.00    0.00    0.00   61.39
19:20:16      15   98.00    0.00    2.00    0.00    0.00    0.00    0.00    0.00    0.00
19:20:16      16   99.00    0.00    1.00    0.00    0.00    0.00    0.00    0.00    0.00
19:20:16      17   98.99    0.00    1.01    0.00    0.00    0.00    0.00    0.00    0.00
19:20:16      18   98.00    0.00    2.00    0.00    0.00    0.00    0.00    0.00    0.00
19:20:16      19   99.00    0.00    1.00    0.00    0.00    0.00    0.00    0.00    0.00
19:20:16      20   99.00    0.00    1.00    0.00    0.00    0.00    0.00    0.00    0.00
19:20:16      21   98.00    0.00    2.00    0.00    0.00    0.00    0.00    0.00    0.00
19:20:16      22   99.00    0.00    1.00    0.00    0.00    0.00    0.00    0.00    0.00
19:20:16      23   99.00    0.00    1.00    0.00    0.00    0.00    0.00    0.00    0.00
19:20:16      24   97.03    0.00    2.97    0.00    0.00    0.00    0.00    0.00    0.00
19:20:16      25   97.00    0.00    3.00    0.00    0.00    0.00    0.00    0.00    0.00
19:20:16      26   98.00    0.00    2.00    0.00    0.00    0.00    0.00    0.00    0.00
19:20:16      27   98.00    0.00    2.00    0.00    0.00    0.00    0.00    0.00    0.00
19:20:16      28   98.00    0.00    2.00    0.00    0.00    0.00    0.00    0.00    0.00
19:20:16      29   98.99    0.00    1.01    0.00    0.00    0.00    0.00    0.00    0.00
19:20:16      30   98.02    0.00    1.98    0.00    0.00    0.00    0.00    0.00    0.00
19:20:16      31   98.00    0.00    2.00    0.00    0.00    0.00    0.00    0.00    0.00

19:20:16     CPU    %usr   %nice    %sys %iowait    %irq   %soft  %steal  %guest   %idle
19:20:17     all   92.18    0.00    1.59    0.00    0.00    0.00    0.00    0.00    6.22
19:20:17       0   99.00    0.00    1.00    0.00    0.00    0.00    0.00    0.00    0.00
19:20:17       1   99.00    0.00    1.00    0.00    0.00    0.00    0.00    0.00    0.00
19:20:17       2   98.99    0.00    1.01    0.00    0.00    0.00    0.00    0.00    0.00
19:20:17       3   99.00    0.00    1.00    0.00    0.00    0.00    0.00    0.00    0.00
19:20:17       4   99.01    0.00    0.99    0.00    0.00    0.00    0.00    0.00    0.00
19:20:17       5   98.02    0.00    1.98    0.00    0.00    0.00    0.00    0.00    0.00
19:20:17       6  100.00    0.00    0.00    0.00    0.00    0.00    0.00    0.00    0.00
19:20:17       7   98.00    0.00    2.00    0.00    0.00    0.00    0.00    0.00    0.00
19:20:17       8   99.00    0.00    1.00    0.00    0.00    0.00    0.00    0.00    0.00
19:20:17       9   99.00    0.00    1.00    0.00    0.00    0.00    0.00    0.00    0.00
19:20:17      10   39.39    0.00    0.00    0.00    0.00    0.00    0.00    0.00   60.61
19:20:17      11   97.98    0.00    1.01    0.00    0.00    0.00    0.00    0.00    1.01
19:20:17      12   97.00    0.00    2.00    0.00    0.00    0.00    0.00    0.00    1.00
19:20:17      13   61.00    0.00    1.00    0.00    0.00    0.00    0.00    0.00   38.00
19:20:17      14    0.00    0.00    0.00    0.00    0.00    0.00    0.00    0.00  100.00
19:20:17      15   98.00    0.00    2.00    0.00    0.00    0.00    0.00    0.00    0.00
19:20:17      16   98.00    0.00    2.00    0.00    0.00    0.00    0.00    0.00    0.00
19:20:17      17   98.02    0.00    1.98    0.00    0.00    0.00    0.00    0.00    0.00
19:20:17      18   98.00    0.00    2.00    0.00    0.00    0.00    0.00    0.00    0.00
19:20:17      19   97.98    0.00    2.02    0.00    0.00    0.00    0.00    0.00    0.00
19:20:17      20   98.02    0.00    1.98    0.00    0.00    0.00    0.00    0.00    0.00
19:20:17      21   98.00    0.00    2.00    0.00    0.00    0.00    0.00    0.00    0.00
19:20:17      22   99.00    0.00    1.00    0.00    0.00    0.00    0.00    0.00    0.00
19:20:17      23   97.98    0.00    2.02    0.00    0.00    0.00    0.00    0.00    0.00
19:20:17      24   97.98    0.00    2.02    0.00    0.00    0.00    0.00    0.00    0.00
19:20:17      25   98.00    0.00    2.00    0.00    0.00    0.00    0.00    0.00    0.00
19:20:17      26   96.97    0.00    3.03    0.00    0.00    0.00    0.00    0.00    0.00
19:20:17      27   99.00    0.00    1.00    0.00    0.00    0.00    0.00    0.00    0.00
19:20:17      28   97.98    0.00    2.02    0.00    0.00    0.00    0.00    0.00    0.00
19:20:17      29   98.00    0.00    2.00    0.00    0.00    0.00    0.00    0.00    0.00
19:20:17      30   97.00    0.00    3.00    0.00    0.00    0.00    0.00    0.00    0.00
19:20:17      31   98.02    0.00    1.98    0.00    0.00    0.00    0.00    0.00    0.00

19:20:17     CPU    %usr   %nice    %sys %iowait    %irq   %soft  %steal  %guest   %idle
19:20:18     all   92.15    0.00    1.63    0.00    0.00    0.00    0.00    0.00    6.22
19:20:18       0   99.00    0.00    1.00    0.00    0.00    0.00    0.00    0.00    0.00
19:20:18       1   99.00    0.00    1.00    0.00    0.00    0.00    0.00    0.00    0.00
19:20:18       2   98.00    0.00    2.00    0.00    0.00    0.00    0.00    0.00    0.00
19:20:18       3   98.02    0.00    1.98    0.00    0.00    0.00    0.00    0.00    0.00
19:20:18       4   98.99    0.00    1.01    0.00    0.00    0.00    0.00    0.00    0.00
19:20:18       5  100.00    0.00    0.00    0.00    0.00    0.00    0.00    0.00    0.00
19:20:18       6   98.02    0.00    1.98    0.00    0.00    0.00    0.00    0.00    0.00
19:20:18       7   99.00    0.00    1.00    0.00    0.00    0.00    0.00    0.00    0.00
19:20:18       8   97.98    0.00    2.02    0.00    0.00    0.00    0.00    0.00    0.00
19:20:18       9   98.00    0.00    2.00    0.00    0.00    0.00    0.00    0.00    0.00
19:20:18      10   97.00    0.00    3.00    0.00    0.00    0.00    0.00    0.00    0.00
19:20:18      11   98.02    0.00    1.98    0.00    0.00    0.00    0.00    0.00    0.00
19:20:18      12   98.00    0.00    2.00    0.00    0.00    0.00    0.00    0.00    0.00
19:20:18      13    0.00    0.00    0.00    0.00    0.00    0.00    0.00    0.00  100.00
19:20:18      14    0.00    0.00    0.00    0.00    0.00    0.00    0.00    0.00  100.00
19:20:18      15   98.02    0.00    1.98    0.00    0.00    0.00    0.00    0.00    0.00
19:20:18      16   98.00    0.00    2.00    0.00    0.00    0.00    0.00    0.00    0.00
19:20:18      17  100.00    0.00    0.00    0.00    0.00    0.00    0.00    0.00    0.00
19:20:18      18   98.00    0.00    2.00    0.00    0.00    0.00    0.00    0.00    0.00
19:20:18      19   98.02    0.00    1.98    0.00    0.00    0.00    0.00    0.00    0.00
19:20:18      20  100.00    0.00    0.00    0.00    0.00    0.00    0.00    0.00    0.00
19:20:18      21   98.99    0.00    1.01    0.00    0.00    0.00    0.00    0.00    0.00
19:20:18      22   98.00    0.00    2.00    0.00    0.00    0.00    0.00    0.00    0.00
19:20:18      23   98.02    0.00    1.98    0.00    0.00    0.00    0.00    0.00    0.00
19:20:18      24   98.02    0.00    1.98    0.00    0.00    0.00    0.00    0.00    0.00
19:20:18      25   98.00    0.00    2.00    0.00    0.00    0.00    0.00    0.00    0.00
19:20:18      26   97.03    0.00    2.97    0.00    0.00    0.00    0.00    0.00    0.00
19:20:18      27   98.00    0.00    2.00    0.00    0.00    0.00    0.00    0.00    0.00
19:20:18      28   98.00    0.00    2.00    0.00    0.00    0.00    0.00    0.00    0.00
19:20:18      29   97.03    0.00    2.97    0.00    0.00    0.00    0.00    0.00    0.00
19:20:18      30   97.00    0.00    3.00    0.00    0.00    0.00    0.00    0.00    0.00
19:20:18      31   97.98    0.00    2.02    0.00    0.00    0.00    0.00    0.00    0.00

19:20:18     CPU    %usr   %nice    %sys %iowait    %irq   %soft  %steal  %guest   %idle
19:20:19     all   92.22    0.00    1.56    0.00    0.00    0.00    0.00    0.00    6.22
19:20:19       0   99.00    0.00    1.00    0.00    0.00    0.00    0.00    0.00    0.00
19:20:19       1   99.00    0.00    1.00    0.00    0.00    0.00    0.00    0.00    0.00
19:20:19       2   98.00    0.00    2.00    0.00    0.00    0.00    0.00    0.00    0.00
19:20:19       3   99.00    0.00    1.00    0.00    0.00    0.00    0.00    0.00    0.00
19:20:19       4   98.02    0.00    1.98    0.00    0.00    0.00    0.00    0.00    0.00
19:20:19       5   98.02    0.00    1.98    0.00    0.00    0.00    0.00    0.00    0.00
19:20:19       6   99.00    0.00    1.00    0.00    0.00    0.00    0.00    0.00    0.00
19:20:19       7   98.99    0.00    1.01    0.00    0.00    0.00    0.00    0.00    0.00
19:20:19       8   98.00    0.00    2.00    0.00    0.00    0.00    0.00    0.00    0.00
19:20:19       9   98.02    0.00    1.98    0.00    0.00    0.00    0.00    0.00    0.00
19:20:19      10   97.03    0.00    2.97    0.00    0.00    0.00    0.00    0.00    0.00
19:20:19      11   99.00    0.00    1.00    0.00    0.00    0.00    0.00    0.00    0.00
19:20:19      12   98.00    0.00    2.00    0.00    0.00    0.00    0.00    0.00    0.00
19:20:19      13    0.00    0.00    0.00    0.00    0.00    0.00    0.00    0.00  100.00
19:20:19      14    0.00    0.00    0.00    0.00    0.00    0.00    0.00    0.00  100.00
19:20:19      15   98.00    0.00    2.00    0.00    0.00    0.00    0.00    0.00    0.00
19:20:19      16   99.00    0.00    1.00    0.00    0.00    0.00    0.00    0.00    0.00
19:20:19      17   98.02    0.00    1.98    0.00    0.00    0.00    0.00    0.00    0.00
19:20:19      18   99.00    0.00    1.00    0.00    0.00    0.00    0.00    0.00    0.00
19:20:19      19   98.00    0.00    2.00    0.00    0.00    0.00    0.00    0.00    0.00
19:20:19      20   99.00    0.00    1.00    0.00    0.00    0.00    0.00    0.00    0.00
19:20:19      21   99.01    0.00    0.99    0.00    0.00    0.00    0.00    0.00    0.00
19:20:19      22   98.99    0.00    1.01    0.00    0.00    0.00    0.00    0.00    0.00
19:20:19      23   98.99    0.00    1.01    0.00    0.00    0.00    0.00    0.00    0.00
19:20:19      24   98.99    0.00    1.01    0.00    0.00    0.00    0.00    0.00    0.00
19:20:19      25   98.00    0.00    2.00    0.00    0.00    0.00    0.00    0.00    0.00
19:20:19      26   97.98    0.00    2.02    0.00    0.00    0.00    0.00    0.00    0.00
19:20:19      27   98.99    0.00    1.01    0.00    0.00    0.00    0.00    0.00    0.00
19:20:19      28   98.00    0.00    2.00    0.00    0.00    0.00    0.00    0.00    0.00
19:20:19      29   96.00    0.00    4.00    0.00    0.00    0.00    0.00    0.00    0.00
19:20:19      30   97.98    0.00    2.02    0.00    0.00    0.00    0.00    0.00    0.00
19:20:19      31   99.00    0.00    1.00    0.00    0.00    0.00    0.00    0.00    0.00

19:20:19     CPU    %usr   %nice    %sys %iowait    %irq   %soft  %steal  %guest   %idle
19:20:20     all   92.21    0.00    1.56    0.00    0.00    0.00    0.00    0.00    6.22
19:20:20       0   98.00    0.00    2.00    0.00    0.00    0.00    0.00    0.00    0.00
19:20:20       1   99.00    0.00    1.00    0.00    0.00    0.00    0.00    0.00    0.00
19:20:20       2   98.00    0.00    2.00    0.00    0.00    0.00    0.00    0.00    0.00
19:20:20       3  100.00    0.00    0.00    0.00    0.00    0.00    0.00    0.00    0.00
19:20:20       4   98.99    0.00    1.01    0.00    0.00    0.00    0.00    0.00    0.00
19:20:20       5   98.99    0.00    1.01    0.00    0.00    0.00    0.00    0.00    0.00
19:20:20       6   98.00    0.00    2.00    0.00    0.00    0.00    0.00    0.00    0.00
19:20:20       7   98.00    0.00    2.00    0.00    0.00    0.00    0.00    0.00    0.00
19:20:20       8   98.00    0.00    2.00    0.00    0.00    0.00    0.00    0.00    0.00
19:20:20       9   98.99    0.00    1.01    0.00    0.00    0.00    0.00    0.00    0.00
19:20:20      10   98.99    0.00    1.01    0.00    0.00    0.00    0.00    0.00    0.00
19:20:20      11   98.99    0.00    1.01    0.00    0.00    0.00    0.00    0.00    0.00
19:20:20      12   97.00    0.00    3.00    0.00    0.00    0.00    0.00    0.00    0.00
19:20:20      13    0.00    0.00    0.00    0.00    0.00    0.00    0.00    0.00  100.00
19:20:20      14    0.00    0.00    0.00    0.00    0.00    0.00    0.00    0.00  100.00
19:20:20      15   98.99    0.00    1.01    0.00    0.00    0.00    0.00    0.00    0.00
19:20:20      16   98.99    0.00    1.01    0.00    0.00    0.00    0.00    0.00    0.00
19:20:20      17  100.00    0.00    0.00    0.00    0.00    0.00    0.00    0.00    0.00
19:20:20      18   97.00    0.00    3.00    0.00    0.00    0.00    0.00    0.00    0.00
19:20:20      19   98.99    0.00    1.01    0.00    0.00    0.00    0.00    0.00    0.00
19:20:20      20   99.00    0.00    1.00    0.00    0.00    0.00    0.00    0.00    0.00
19:20:20      21   97.98    0.00    2.02    0.00    0.00    0.00    0.00    0.00    0.00
19:20:20      22   98.02    0.00    1.98    0.00    0.00    0.00    0.00    0.00    0.00
19:20:20      23   98.00    0.00    2.00    0.00    0.00    0.00    0.00    0.00    0.00
19:20:20      24   99.00    0.00    1.00    0.00    0.00    0.00    0.00    0.00    0.00
19:20:20      25   98.00    0.00    2.00    0.00    0.00    0.00    0.00    0.00    0.00
19:20:20      26   98.02    0.00    1.98    0.00    0.00    0.00    0.00    0.00    0.00
19:20:20      27   99.01    0.00    0.99    0.00    0.00    0.00    0.00    0.00    0.00
19:20:20      28   98.02    0.00    1.98    0.00    0.00    0.00    0.00    0.00    0.00
19:20:20      29   96.00    0.00    4.00    0.00    0.00    0.00    0.00    0.00    0.00
19:20:20      30   96.04    0.00    3.96    0.00    0.00    0.00    0.00    0.00    0.00
19:20:20      31   98.00    0.00    2.00    0.00    0.00    0.00    0.00    0.00    0.00
