procs -----------memory---------- ---swap-- -----io---- --system-- -----cpu-----
 r  b   swpd   free   buff  cache   si   so    bi    bo   in   cs us sy id wa st
 2  0      0 64617708 214864 341792    0    0     0     1    0    0 38  2 60  0  0	
30  0      0 60779180 214864 341420    0    0     0     0 23060 33344 65  3 32  0  0	
32  0      0 58099660 214864 341424    0    0     0     0 31971 7872 81 10  9  0  0	
32  0      0 54946056 214864 341428    0    0     0    48 32975 8344 93  7  0  0  0	
32  0      0 52753260 214864 341432    0    0     0     0 33012 8347 95  5  0  0  0	
32  0      0 52753640 214864 341432    0    0     0    12 33023 8361 100  0  0  0  0	
32  0      0 52753640 214864 341436    0    0     0     0 32985 8329 100  0  0  0  0	
32  0      0 52754252 214864 341440    0    0     0     0 33008 8343 100  0  0  0  0	
33  0      0 52754708 214864 341444    0    0     0   104 33018 8394 100  0  0  0  0	
32  0      0 52754708 214864 341444    0    0     0     0 32975 8334 100  0  0  0  0	
32  0      0 52755328 214864 341448    0    0     0     0 33026 8396 100  0  0  0  0	
32  0      0 52755700 214864 341452    0    0     0    12 32990 8339 100  0  0  0  0	
32  0      0 52755596 214864 341456    0    0     0     0 32994 8331 100  0  0  0  0	
32  0      0 52756232 214864 341456    0    0     0     0 32977 8325 100  0  0  0  0	
32  0      0 52756512 214864 341460    0    0     0     0 33008 8412 100  0  0  0  0	
32  0      0 52756512 214864 341464    0    0     0     0 32978 8328 100  0  0  0  0	
32  0      0 52757156 214864 341468    0    0     0     0 32987 8333 100  0  0  0  0	
32  0      0 52757364 214864 341468    0    0     0     0 32991 8328 100  0  0  0  0	
32  0      0 52757364 214864 341476    0    0     0     0 32999 8340 100  0  0  0  0	
32  0      0 52757608 214864 341484    0    0     0     0 32965 8327 100  0  0  0  0	
32  0      0 52757696 214864 341488    0    0     0     0 32995 8331 100  0  0  0  0	
procs -----------memory---------- ---swap-- -----io---- --system-- -----cpu-----
 r  b   swpd   free   buff  cache   si   so    bi    bo   in   cs us sy id wa st
32  0      0 52757704 214864 341488    0    0     0     0 33000 8323 100  0  0  0  0	
33  0      0 52757704 214864 341492    0    0     0     0 33024 8459 100  0  0  0  0	
32  0      0 52757704 214864 341496    0    0     0     4 32978 8344 100  0  0  0  0	
32  0      0 52757580 214864 341500    0    0     0     0 33001 8328 100  0  0  0  0	
32  0      0 52757580 214864 341500    0    0     0     0 32973 8337 100  0  0  0  0	
32  0      0 52757580 214864 341504    0    0     0     0 32997 8336 100  0  0  0  0	
32  0      0 52757572 214864 341508    0    0     0     0 32995 8337 100  0  0  0  0	
32  0      0 52757572 214864 341508    0    0     0   804 33094 8487 100  0  0  0  0	
32  0      0 52757448 214864 341512    0    0     0     0 32983 8331 100  0  0  0  0	
32  0      0 52757448 214864 341516    0    0     0     0 32996 8327 100  0  0  0  0	
32  0      0 52757448 214864 341520    0    0     0     0 32989 8338 100  0  0  0  0	
32  0      0 52757448 214864 341520    0    0     0     0 32991 8329 100  0  0  0  0	
32  0      0 52757456 214864 341524    0    0     0     0 33025 8354 100  0  0  0  0	
32  0      0 52757448 214864 341528    0    0     0     0 33022 8384 100  0  0  0  0	
32  0      0 52757448 214864 341532    0    0     0     0 32992 8334 100  0  0  0  0	
32  0      0 52757324 214864 341536    0    0     0     0 32996 8348 100  0  0  0  0	
33  0      0 52757308 214864 341540    0    0     0     0 32997 8389 100  0  0  0  0	
32  0      0 52757308 214864 341544    0    0     0     0 33000 8338 100  0  0  0  0	
32  0      0 52757308 214864 341552    0    0     0     0 32990 8327 100  0  0  0  0	
32  0      0 52757308 214864 341552    0    0     0     0 32981 8343 100  0  0  0  0	
32  0      0 52757324 214864 341556    0    0     0     0 33000 8333 100  0  0  0  0	
procs -----------memory---------- ---swap-- -----io---- --system-- -----cpu-----
 r  b   swpd   free   buff  cache   si   so    bi    bo   in   cs us sy id wa st
32  0      0 52757324 214864 341560    0    0     0     0 33006 8334 100  0  0  0  0	
32  0      0 52757324 214864 341568    0    0     0    16 32995 8349 100  0  0  0  0	
32  0      0 52757324 214864 341568    0    0     0     0 32997 8325 100  0  0  0  0	
32  0      0 52757324 214864 341572    0    0     0     0 32993 8325 100  0  0  0  0	
32  0      0 52757324 214864 341576    0    0     0    20 33021 8419 100  0  0  0  0	
32  0      0 52757320 214864 341580    0    0     0     0 32979 8334 100  0  0  0  0	
32  0      0 52757328 214864 341580    0    0     0     0 33004 8336 100  0  0  0  0	
32  0      0 52757328 214864 341584    0    0     0     0 32985 8325 100  0  0  0  0	
33  0      0 52757328 214864 341588    0    0     0     0 32982 8378 100  0  0  0  0	
32  0      0 52757328 214864 341588    0    0     0     0 32993 8349 100  0  0  0  0	
32  0      0 52757328 214864 341592    0    0     0     0 32985 8330 100  0  0  0  0	
32  0      0 52757336 214864 341596    0    0     0     0 32986 8347 100  0  0  0  0	
32  0      0 52757212 214864 341604    0    0     0     0 33014 8330 100  0  0  0  0	
32  0      0 52757212 214864 341604    0    0     0     0 32980 8338 100  0  0  0  0	
33  0      0 52757220 214864 341608    0    0     0     0 32978 8331 100  0  0  0  0	
32  0      0 52757080 214864 341612    0    0     0     0 32991 8372 100  0  0  0  0	
32  0      0 52757080 214864 341620    0    0     0     0 33020 8398 100  0  0  0  0	
32  0      0 52757080 214864 341620    0    0     0     0 32979 8335 100  0  0  0  0	
33  0      0 52757080 214864 341624    0    0     0     0 32998 8334 100  0  0  0  0	
32  0      0 52757088 214864 341628    0    0     0     0 32991 8338 100  0  0  0  0	
32  0      0 52757088 214864 341632    0    0     0     0 32980 8325 100  0  0  0  0	
procs -----------memory---------- ---swap-- -----io---- --system-- -----cpu-----
 r  b   swpd   free   buff  cache   si   so    bi    bo   in   cs us sy id wa st
32  0      0 52757088 214864 341632    0    0     0     0 32990 8345 100  0  0  0  0	
32  0      0 52757088 214864 341636    0    0     0     0 33001 8326 100  0  0  0  0	
33  0      0 52757088 214864 341640    0    0     0     0 32966 8392 100  0  0  0  0	
32  0      0 52757088 214864 341644    0    0     0     0 32991 8352 100  0  0  0  0	
32  0      0 52757080 214864 341644    0    0     0     0 32980 8324 100  0  0  0  0	
32  0      0 52757080 214864 341648    0    0     0     0 33020 8355 100  0  0  0  0	
32  0      0 52757072 214864 341652    0    0     0     0 32995 8327 100  0  0  0  0	
32  0      0 52757072 214864 341656    0    0     0     0 33008 8403 100  0  0  0  0	
32  0      0 52757072 214864 341660    0    0     0     0 32990 8333 100  0  0  0  0	
33  0      0 52757072 214864 341664    0    0     0     0 33008 8335 100  0  0  0  0	
32  0      0 52757080 214864 341668    0    0     0     0 33013 8340 100  0  0  0  0	
32  0      0 52757080 214864 341668    0    0     0     0 32981 8342 100  0  0  0  0	
32  0      0 52757080 214864 341672    0    0     0     0 32972 8328 100  0  0  0  0	
32  0      0 52757088 214864 341676    0    0     0     0 33009 8339 100  0  0  0  0	
32  0      0 52757072 214864 341684    0    0     0     0 32985 8329 100  0  0  0  0	
32  0      0 52757072 214864 341684    0    0     0     4 32983 8340 100  0  0  0  0	
32  0      0 52757072 214864 341688    0    0     0     0 33003 8333 100  0  0  0  0	
33  0      0 52757072 214864 341692    0    0     0     0 32990 8392 100  0  0  0  0	
33  0      0 52757080 214864 341696    0    0     0     0 32982 8335 100  0  0  0  0	
32  0      0 52757080 214864 341696    0    0     0     0 33036 8405 100  0  0  0  0	
32  0      0 52757080 214864 341700    0    0     0     0 32984 8339 100  0  0  0  0	
procs -----------memory---------- ---swap-- -----io---- --system-- -----cpu-----
 r  b   swpd   free   buff  cache   si   so    bi    bo   in   cs us sy id wa st
32  0      0 52757080 214864 341704    0    0     0    16 32987 8343 100  0  0  0  0	
32  0      0 52756956 214864 341708    0    0     0     0 32993 8333 100  0  0  0  0	
32  0      0 52756956 214864 341712    0    0     0     0 32989 8331 100  0  0  0  0	
32  0      0 52756948 214864 341716    0    0     0     0 32971 8333 100  0  0  0  0	
32  0      0 52756956 214864 341720    0    0     0     0 33013 8338 100  0  0  0  0	
32  0      0 52756956 214864 341728    0    0     0     0 32993 8327 100  0  0  0  0	
33  0      0 52756956 214864 341728    0    0     0     0 32978 8329 100  0  0  0  0	
32  0      0 52756956 214864 341732    0    0     0     0 32993 8340 100  0  0  0  0	
32  0      0 52756960 214864 341736    0    0     0     0 32995 8326 100  0  0  0  0	
32  0      0 52756968 214864 341740    0    0     0     0 32983 8335 100  0  0  0  0	
32  0      0 52756968 214864 341740    0    0     0     0 33011 8413 100  0  0  0  0	
33  0      0 52756968 214864 341744    0    0     0     0 32998 8373 100  0  0  0  0	
32  0      0 52756844 214864 341752    0    0     0     0 32989 8342 100  0  0  0  0	
32  0      0 52756704 214864 341752    0    0     0     0 32979 8327 100  0  0  0  0	
32  0      0 52756704 214864 341756    0    0     0     0 33008 8332 100  0  0  0  0	
32  0      0 52756704 214864 341760    0    0     0     0 32989 8332 100  0  0  0  0	
32  0      0 52756720 214864 341764    0    0     0     0 32976 8341 100  0  0  0  0	
32  0      0 52756720 214864 341764    0    0     0     0 32985 8326 100  0  0  0  0	
32  0      0 52756720 214864 341768    0    0     0     0 33003 8334 100  0  0  0  0	
32  0      0 52756720 214864 341772    0    0     0     0 32997 8346 100  0  0  0  0	
32  0      0 52756712 214864 341776    0    0     0     0 33001 8337 100  0  0  0  0	
procs -----------memory---------- ---swap-- -----io---- --system-- -----cpu-----
 r  b   swpd   free   buff  cache   si   so    bi    bo   in   cs us sy id wa st
32  0      0 52756712 214864 341776    0    0     0     0 32986 8324 100  0  0  0  0	
32  0      0 52756704 214864 341780    0    0     0    12 33026 8412 100  0  0  0  0	
32  0      0 52756704 214864 341788    0    0     0     0 32998 8325 100  0  0  0  0	
32  0      0 52756704 214864 341792    0    0     0     0 33027 8353 100  0  0  0  0	
33  0      0 52756704 214864 341792    0    0     0     0 32972 8381 100  0  0  0  0	
33  0      0 52756704 214864 341796    0    0     0     0 32994 8348 100  0  0  0  0	
32  0      0 52756704 214864 341800    0    0     0     0 32991 8324 100  0  0  0  0	
32  0      0 52756712 214864 341804    0    0     0     0 32977 8316 100  0  0  0  0	
32  0      0 52756712 214864 341804    0    0     0     0 32998 8336 100  0  0  0  0	
32  0      0 52756712 214864 341808    0    0     0     0 33011 8326 100  0  0  0  0	
32  0      0 52756712 214864 341816    0    0     0     0 32976 8333 100  0  0  0  0	
32  0      0 52756588 214864 341820    0    0     0     0 33011 8326 100  0  0  0  0	
32  0      0 52756580 214864 341820    0    0     0     0 32989 8332 100  0  0  0  0	
32  0      0 52756580 214864 341828    0    0     0     4 33018 8388 100  0  0  0  0	
32  0      0 52756580 214864 341828    0    0     0     0 32990 8326 100  0  0  0  0	
32  0      0 52756588 214864 341832    0    0     0     0 33005 8313 100  0  0  0  0	
32  0      0 52756588 214864 341836    0    0     0    16 33003 8352 100  0  0  0  0	
32  0      0 52756588 214864 341840    0    0     0     0 32971 8320 100  0  0  0  0	
33  0      0 52756588 214864 341840    0    0     0     0 32991 8333 100  0  0  0  0	
33  0      0 52756596 214864 341844    0    0     0     0 32997 8383 100  0  0  0  0	
32  0      0 52756596 214864 341852    0    0     0     0 32977 8320 100  0  0  0  0	
procs -----------memory---------- ---swap-- -----io---- --system-- -----cpu-----
 r  b   swpd   free   buff  cache   si   so    bi    bo   in   cs us sy id wa st
32  0      0 52756588 214864 341856    0    0     0     0 32990 8329 100  0  0  0  0	
32  0      0 52756588 214864 341856    0    0     0     0 32968 8312 100  0  0  0  0	
32  0      0 52756588 214864 341860    0    0     0     0 33009 8335 100  0  0  0  0	
32  0      0 52756588 214864 341864    0    0     0     0 32979 8314 100  0  0  0  0	
32  0      0 52756588 214864 341872    0    0     0     0 33014 8384 100  0  0  0  0	
32  0      0 52756588 214864 341872    0    0     0     0 32995 8319 100  0  0  0  0	
32  0      0 52756596 214864 341876    0    0     0     0 33006 8343 100  0  0  0  0	
32  0      0 52756596 214864 341880    0    0     0     0 32972 8319 100  0  0  0  0	
32  0      0 52756596 214864 341884    0    0     0     0 32998 8323 100  0  0  0  0	
32  0      0 52756596 214864 341888    0    0     0     0 32994 8316 100  0  0  0  0	
32  0      0 52756588 214864 341892    0    0     0     0 32994 8330 100  0  0  0  0	
32  0      0 52756464 214864 341896    0    0     0     0 32986 8324 100  0  0  0  0	
33  0      0 52756464 214864 341900    0    0     0     0 33014 8398 100  0  0  0  0	
32  0      0 52756456 214864 341900    0    0     0     0 32967 8326 100  0  0  0  0	
32  0      0 52756464 214864 341904    0    0     0     0 33011 8316 100  0  0  0  0	
32  0      0 52756464 214864 341912    0    0     0     0 32989 8334 100  0  0  0  0	
32  0      0 52756464 214864 341912    0    0     0     0 33006 8387 100  0  0  0  0	
32  0      0 52756464 214864 341916    0    0     0     0 33012 8339 100  0  0  0  0	
32  0      0 52756464 214864 341920    0    0     0     0 33004 8313 100  0  0  0  0	
32  0      0 52756464 214864 341924    0    0     0     0 32997 8332 100  0  0  0  0	
32  0      0 52756456 214864 341924    0    0     0     0 32977 8326 100  0  0  0  0	
procs -----------memory---------- ---swap-- -----io---- --system-- -----cpu-----
 r  b   swpd   free   buff  cache   si   so    bi    bo   in   cs us sy id wa st
32  0      0 52756456 214864 341928    0    0     0     0 32989 8324 100  0  0  0  0	
32  0      0 52756456 214864 341932    0    0     0     0 32997 8328 100  0  0  0  0	
33  0      0 52756456 214864 341936    0    0     0     0 32976 8328 100  0  0  0  0	
32  0      0 52756456 214864 341936    0    0     0     0 32994 8315 100  0  0  0  0	
32  0      0 52756456 214864 341940    0    0     0     0 33000 8333 100  0  0  0  0	
33  0      0 52756464 214864 341944    0    0     0     0 32973 8385 100  0  0  0  0	
32  0      0 52756464 214864 341952    0    0     0     0 32987 8326 100  0  0  0  0	
32  0      0 52756464 214864 341952    0    0     0     0 33031 8395 100  0  0  0  0	
32  0      0 52756472 214864 341956    0    0     0     0 32989 8320 100  0  0  0  0	
32  0      0 52756324 214864 341960    0    0     0     0 32981 8328 100  0  0  0  0	
32  0      0 52756324 214864 341964    0    0     0     0 32988 8318 100  0  0  0  0	
32  0      0 52756324 214864 341964    0    0     0    16 33005 8345 100  0  0  0  0	
33  0      0 52756332 214864 341972    0    0     0     0 32965 8313 100  0  0  0  0	
32  0      0 52756348 214864 341976    0    0     0     0 33011 8336 100  0  0  0  0	
32  0      0 52756348 214864 341980    0    0     0     0 32990 8332 100  0  0  0  0	
32  0      0 52756348 214864 341980    0    0     0     0 32980 8328 100  0  0  0  0	
32  0      0 52756348 214864 341984    0    0     0     0 32986 8323 100  0  0  0  0	
32  0      0 52756348 214864 341988    0    0     0     0 33005 8326 100  0  0  0  0	
32  0      0 52756348 214864 341988    0    0     0     0 32977 8316 100  0  0  0  0	
33  0      0 52756340 214864 341992    0    0     0    12 33034 8423 100  0  0  0  0	
33  0      0 52756340 214864 341996    0    0     0     0 32992 8381 100  0  0  0  0	
procs -----------memory---------- ---swap-- -----io---- --system-- -----cpu-----
 r  b   swpd   free   buff  cache   si   so    bi    bo   in   cs us sy id wa st
33  0      0 52756340 214864 342000    0    0     0     0 33014 8335 100  0  0  0  0	
32  0      0 52756332 214864 342000    0    0     0     0 32984 8327 100  0  0  0  0	
32  0      0 52756332 214864 342004    0    0     0     0 32984 8316 100  0  0  0  0	
32  0      0 52756332 214864 342008    0    0     0     0 32986 8326 100  0  0  0  0	
32  0      0 52756340 214864 342016    0    0     0     0 32996 8316 100  0  0  0  0	
32  0      0 52756340 214864 342016    0    0     0     0 33026 8346 100  0  0  0  0	
32  0      0 52756340 214864 342024    0    0     0     0 32982 8321 100  0  0  0  0	
32  0      0 52756348 214864 342028    0    0     0     0 33000 8331 100  0  0  0  0	
32  0      0 52756332 214864 342032    0    0     0     0 32983 8327 100  0  0  0  0	
32  0      0 52756332 214864 342036    0    0     0     0 32986 8350 100  0  0  0  0	
32  0      0 52756332 214864 342040    0    0     0     0 33038 8392 100  0  0  0  0	
32  0      0 52756208 214864 342044    0    0     0     0 32993 8326 100  0  0  0  0	
34  0      0 52756216 214864 342048    0    0     0     0 32988 8375 100  0  0  0  0	
32  0      0 52756220 214864 342048    0    0     0     0 32979 8332 100  0  0  0  0	
32  0      0 52756220 214864 342052    0    0     0     0 32991 8327 100  0  0  0  0	
32  0      0 52756220 214864 342056    0    0     0     0 32986 8320 100  0  0  0  0	
32  0      0 52756220 214864 342056    0    0     0     0 32983 8328 100  0  0  0  0	
32  0      0 52756220 214864 342060    0    0     0     0 33000 8312 100  0  0  0  0	
32  0      0 52756212 214864 342064    0    0     0     0 32994 8332 100  0  0  0  0	
32  0      0 52756220 214864 342068    0    0     0     0 32976 8321 100  0  0  0  0	
32  0      0 52756220 214864 342068    0    0     0     8 32996 8330 100  0  0  0  0	
procs -----------memory---------- ---swap-- -----io---- --system-- -----cpu-----
 r  b   swpd   free   buff  cache   si   so    bi    bo   in   cs us sy id wa st
32  0      0 52756220 214864 342072    0    0     0     0 32984 8320 100  0  0  0  0	
32  0      0 52756220 214864 342076    0    0     0     0 33014 8394 100  0  0  0  0	
32  0      0 52756220 214864 342084    0    0     0     0 32983 8322 100  0  0  0  0	
32  0      0 52756228 214864 342084    0    0     0     0 33008 8326 100  0  0  0  0	
32  0      0 52756228 214864 342088    0    0     0     0 32968 8325 100  0  0  0  0	
32  0      0 52756228 214864 342092    0    0     0     0 32981 8353 100  0  0  0  0	
32  0      0 52756236 214864 342100    0    0     0     0 32992 8359 100  0  0  0  0	
34  0      0 52756220 214864 342100    0    0     0    16 32982 8345 100  0  0  0  0	
33  0      0 52756220 214864 342104    0    0     0     0 32981 8327 100  0  0  0  0	
32  0      0 52756220 214864 342108    0    0     0     0 33006 8332 100  0  0  0  0	
32  0      0 52756088 214864 342112    0    0     0     0 32972 8327 100  0  0  0  0	
32  0      0 52756096 214864 342112    0    0     0     0 32991 8316 100  0  0  0  0	
32  0      0 52756100 214864 342116    0    0     0     0 33001 8330 100  0  0  0  0	
32  0      0 52756100 214864 342120    0    0     0     0 33013 8393 100  0  0  0  0	
32  0      0 52756100 214864 342124    0    0     0     0 33006 8340 100  0  0  0  0	
32  0      0 52756100 214864 342124    0    0     0     0 32995 8312 100  0  0  0  0	
32  0      0 52756100 214864 342128    0    0     0     0 32993 8332 100  0  0  0  0	
32  0      0 52756092 214864 342132    0    0     0     0 32968 8330 100  0  0  0  0	
32  0      0 52756092 214864 342132    0    0     0     0 32986 8326 100  0  0  0  0	
32  0      0 52756092 214864 342136    0    0     0     0 32998 8327 100  0  0  0  0	
33  0      0 52756092 214864 342140    0    0     0     0 32967 8378 100  0  0  0  0	
procs -----------memory---------- ---swap-- -----io---- --system-- -----cpu-----
 r  b   swpd   free   buff  cache   si   so    bi    bo   in   cs us sy id wa st
32  0      0 52756092 214864 342144    0    0     0     0 32992 8335 100  0  0  0  0	
32  0      0 52756092 214864 342148    0    0     0     0 32983 8325 100  0  0  0  0	
32  0      0 52756100 214864 342156    0    0     0     0 32994 8318 100  0  0  0  0	
32  0      0 52756100 214864 342160    0    0     0     0 32966 8317 100  0  0  0  0	
32  0      0 52756100 214864 342164    0    0     0     0 33027 8394 100  0  0  0  0	
32  0      0 52756108 214864 342164    0    0     0     0 32986 8312 100  0  0  0  0	
32  0      0 52756084 214864 342168    0    0     0     0 32994 8328 100  0  0  0  0	
32  0      0 52756084 214864 342172    0    0     0     0 32984 8320 100  0  0  0  0	
32  0      0 52756084 214864 342180    0    0     0     0 33005 8326 100  0  0  0  0	
32  0      0 52756092 214864 342180    0    0     0     0 32980 8321 100  0  0  0  0	
32  0      0 52756108 214864 342184    0    0     0     0 32996 8331 100  0  0  0  0	
32  0      0 52755984 214864 342188    0    0     0     0 32981 8322 100  0  0  0  0	
33  0      0 52755984 214864 342192    0    0     0     0 32999 8330 100  0  0  0  0	
32  0      0 52755984 214864 342192    0    0     0     0 32984 8370 100  0  0  0  0	
32  0      0 52755984 214864 342196    0    0     0     0 32995 8347 100  0  0  0  0	
32  1      0 52755984 214864 342200    0    0     0    16 32990 8330 100  0  0  0  0	
32  0      0 52755852 214864 342204    0    0     0     0 33004 8390 100  0  0  0  0	
32  0      0 52755852 214864 342204    0    0     0     0 33002 8326 100  0  0  0  0	
32  0      0 52755844 214864 342208    0    0     0     8 33003 8330 100  0  0  0  0	
32  0      0 52755844 214864 342212    0    0     0     0 32982 8334 100  0  0  0  0	
32  0      0 52755844 214864 342220    0    0     0     0 32993 8322 100  0  0  0  0	
procs -----------memory---------- ---swap-- -----io---- --system-- -----cpu-----
 r  b   swpd   free   buff  cache   si   so    bi    bo   in   cs us sy id wa st
32  0      0 52755844 214864 342224    0    0     0     0 32985 8328 100  0  0  0  0	
32  0      0 52755852 214864 342228    0    0     0    16 32973 8331 100  0  0  0  0	
32  0      0 52755852 214864 342232    0    0     0     0 33027 8351 100  0  0  0  0	
32  0      0 52755852 214864 342232    0    0     0     0 33010 8324 100  0  0  0  0	
32  0      0 52755860 214864 342236    0    0     0     0 33000 8331 100  0  0  0  0	
32  0      0 52755844 214864 342240    0    0     0     0 32960 8327 100  0  0  0  0	
32  0      0 52755844 214864 342244    0    0     0     0 33005 8329 100  0  0  0  0	
33  0      0 52755844 214864 342244    0    0     0     0 33014 8456 100  0  0  0  0	
32  0      0 52755968 214864 342248    0    0     0     0 32991 8320 100  0  0  0  0	
32  0      0 52755976 214864 342252    0    0     0     0 32987 8320 100  0  0  0  0	
32  0      0 52755976 214864 342256    0    0     0     0 32990 8324 100  0  0  0  0	
32  0      0 52755976 214864 342256    0    0     0     0 32993 8334 100  0  0  0  0	
32  0      0 52755976 214864 342260    0    0     0     0 32983 8321 100  0  0  0  0	
32  0      0 52755976 214864 342264    0    0     0     0 32993 8329 100  0  0  0  0	
32  0      0 52755976 214864 342268    0    0     0     0 32995 8313 100  0  0  0  0	
32  0      0 52755968 214864 342268    0    0     0     0 32965 8335 100  0  0  0  0	
32  0      0 52755976 214864 342272    0    0     0     0 32996 8321 100  0  0  0  0	
32  0      0 52755976 214864 342280    0    0     0     0 32994 8331 100  0  0  0  0	
32  0      0 52755976 214864 342288    0    0     0     0 32988 8323 100  0  0  0  0	
32  0      0 52755976 214864 342288    0    0     0     0 33008 8395 100  0  0  0  0	
32  0      0 52755976 214864 342292    0    0     0     0 33002 8323 100  0  0  0  0	
procs -----------memory---------- ---swap-- -----io---- --system-- -----cpu-----
 r  b   swpd   free   buff  cache   si   so    bi    bo   in   cs us sy id wa st
33  0      0 52755984 214864 342296    0    0     0     0 32997 8391 100  0  0  0  0	
32  0      0 52755984 214864 342296    0    0     0     0 32979 8325 100  0  0  0  0	
32  0      0 52755984 214864 342300    0    0     0     0 32991 8319 100  0  0  0  0	
32  0      0 52755992 214864 342304    0    0     0     0 33006 8327 100  0  0  0  0	
32  0      0 52755976 214864 342308    0    0     0     0 32980 8333 100  0  0  0  0	
32  0      0 52755976 214864 342308    0    0     0     0 32988 8324 100  0  0  0  0	
32  0      0 52755968 214864 342312    0    0     0     0 32991 8327 100  0  0  0  0	
32  0      0 52755968 214864 342316    0    0     0     0 33014 8337 100  0  0  0  0	
32  0      0 52755976 214864 342320    0    0     0     0 32969 8321 100  0  0  0  0	
32  0      0 52755976 214864 342320    0    0     0     0 32991 8330 100  0  0  0  0	
32  0      0 52755976 214864 342328    0    0     0     0 33030 8386 100  0  0  0  0	
32  0      0 52755728 214864 342332    0    0     0     4 33018 8349 100  0  0  0  0	
32  0      0 52755728 214864 342336    0    0     0     0 32982 8316 100  0  0  0  0	
33  0      0 52755728 214864 342340    0    0     0     0 32996 8347 100  0  0  0  0	
33  0      0 52755720 214864 342344    0    0     0     0 32987 8377 100  0  0  0  0	
32  0      0 52755720 214864 342348    0    0     0     0 32978 8325 100  0  0  0  0	
32  0      0 52755720 214864 342356    0    0     0     0 33005 8335 100  0  0  0  0	
32  0      0 52755720 214864 342356    0    0     0     0 33005 8321 100  0  0  0  0	
33  0      0 52755720 214864 342360    0    0     0    16 32994 8338 100  0  0  0  0	
32  0      0 52755588 214864 342364    0    0     0     0 32979 8322 100  0  0  0  0	
32  0      0 52755596 214864 342368    0    0     0     0 32997 8324 100  0  0  0  0	
procs -----------memory---------- ---swap-- -----io---- --system-- -----cpu-----
 r  b   swpd   free   buff  cache   si   so    bi    bo   in   cs us sy id wa st
32  0      0 52755596 214864 342368    0    0     0     0 32991 8324 100  0  0  0  0	
32  0      0 52755596 214864 342372    0    0     0     0 33000 8388 100  0  0  0  0	
32  0      0 52755604 214864 342376    0    0     0     0 33007 8320 100  0  0  0  0	
32  0      0 52755580 214864 342376    0    0     0     0 33004 8331 100  0  0  0  0	
32  0      0 52755580 214864 342380    0    0     0     0 32983 8318 100  0  0  0  0	
32  0      0 52755580 214864 342384    0    0     0     0 32971 8330 100  0  0  0  0	
32  0      0 52755588 214864 342388    0    0     0     0 33001 8318 100  0  0  0  0	
32  0      0 52755612 214864 342388    0    0     0     0 32970 8375 100  0  0  0  0	
32  0      0 52755612 214864 342392    0    0     0     0 33002 8345 100  0  0  0  0	
32  0      0 52755612 214864 342396    0    0     0    20 33003 8331 100  0  0  0  0	
32  0      0 52755612 214864 342404    0    0     0     0 32982 8333 100  0  0  0  0	
32  0      0 52755612 214864 342404    0    0     0     0 32981 8324 100  0  0  0  0	
32  0      0 52755612 214864 342408    0    0     0     0 32997 8321 100  0  0  0  0	
32  0      0 52755604 214864 342412    0    0     0     0 33031 8392 100  0  0  0  0	
32  0      0 52755604 214864 342416    0    0     0     0 32988 8327 100  0  0  0  0	
32  0      0 52755596 214864 342420    0    0     0     0 32980 8329 100  0  0  0  0	
32  0      0 52755596 214864 342424    0    0     0     0 33007 8322 100  0  0  0  0	
32  0      0 52755596 214864 342428    0    0     0     0 32970 8319 100  0  0  0  0	
32  0      0 52755720 214864 342432    0    0     0     0 32984 8324 100  0  0  0  0	
32  0      0 52755728 214864 342432    0    0     0     0 32987 8315 100  0  0  0  0	
32  0      0 52755728 214864 342436    0    0     0     0 33024 8357 100  0  0  0  0	
procs -----------memory---------- ---swap-- -----io---- --system-- -----cpu-----
 r  b   swpd   free   buff  cache   si   so    bi    bo   in   cs us sy id wa st
32  0      0 52755728 214864 342440    0    0     0     0 32992 8350 100  0  0  0  0	
33  0      0 52755736 214864 342444    0    0     0     0 32995 8358 100  0  0  0  0	
32  0      0 52755720 214864 342444    0    0     0     0 32989 8332 100  0  0  0  0	
32  0      0 52755720 214864 342448    0    0     0     0 32988 8322 100  0  0  0  0	
32  0      0 52755720 214864 342452    0    0     0     0 33019 8393 100  0  0  0  0	
32  0      0 52755720 214864 342452    0    0     0     0 32993 8319 100  0  0  0  0	
32  0      0 52755728 214864 342456    0    0     0     0 32977 8327 100  0  0  0  0	
32  0      0 52755728 214864 342464    0    0     0     0 33004 8323 100  0  0  0  0	
32  0      0 52755728 214864 342468    0    0     0     0 32988 8321 100  0  0  0  0	
32  0      0 52755728 214864 342468    0    0     0     8 32977 8322 100  0  0  0  0	
32  0      0 52755728 214864 342472    0    0     0     0 32991 8326 100  0  0  0  0	
32  0      0 52755604 214864 342476    0    0     0     0 32994 8322 100  0  0  0  0	
32  0      0 52755596 214864 342484    0    0     0     0 32979 8332 100  0  0  0  0	
32  0      0 52755604 214864 342488    0    0     0    16 32989 8328 100  0  0  0  0	
32  0      0 52755604 214864 342492    0    0     0     0 32996 8331 100  0  0  0  0	
32  0      0 52755604 214864 342496    0    0     0     0 32985 8369 100  0  0  0  0	
32  0      0 52755604 214864 342500    0    0     0     0 33009 8401 100  0  0  0  0	
32  0      0 52755604 214864 342500    0    0     0     0 33006 8335 100  0  0  0  0	
32  0      0 52755612 214864 342504    0    0     0     0 32991 8322 100  0  0  0  0	
32  0      0 52755612 214864 342508    0    0     0     0 32983 8321 100  0  0  0  0	
32  0      0 52755612 214864 342512    0    0     0     0 33000 8317 100  0  0  0  0	
procs -----------memory---------- ---swap-- -----io---- --system-- -----cpu-----
 r  b   swpd   free   buff  cache   si   so    bi    bo   in   cs us sy id wa st
32  0      0 52755624 214864 342512    0    0     0     0 32981 8326 100  0  0  0  0	
32  0      0 52755484 214864 342516    0    0     0     0 32973 8327 100  0  0  0  0	
32  0      0 52755484 214864 342520    0    0     0     0 33005 8326 100  0  0  0  0	
32  0      0 52755476 214864 342524    0    0     0     0 32986 8329 100  0  0  0  0	
32  0      0 52755476 214864 342528    0    0     0     0 32988 8326 100  0  0  0  0	
32  0      0 52755484 214864 342532    0    0     0     0 32986 8319 100  0  0  0  0	
32  0      0 52755484 214864 342536    0    0     0     0 33004 8329 100  0  0  0  0	
32  0      0 52755484 214864 342536    0    0     0     0 33006 8382 100  0  0  0  0	
32  0      0 52755484 214864 342540    0    0     0     0 33033 8355 100  0  0  0  0	
33  0      0 52755484 214864 342544    0    0     0     0 32994 8372 100  0  0  0  0	
32  0      0 52755484 214864 342548    0    0     0     0 32970 8318 100  0  0  0  0	
32  0      0 52755476 214864 342552    0    0     0     0 32977 8326 100  0  0  0  0	
32  0      0 52755476 214864 342556    0    0     0     0 32996 8321 100  0  0  0  0	
33  0      0 52755476 214864 342560    0    0     0     0 32988 8323 100  0  0  0  0	
32  0      0 52755476 214864 342564    0    0     0     0 32991 8321 100  0  0  0  0	
32  0      0 52755476 214864 342564    0    0     0     0 32970 8327 100  0  0  0  0	
32  0      0 52755476 214864 342568    0    0     0     0 33002 8326 100  0  0  0  0	
32  0      0 52755484 214864 342572    0    0     0     0 32993 8326 100  0  0  0  0	
32  0      0 52755484 214864 342576    0    0     0     0 32980 8315 100  0  0  0  0	
32  0      0 52755484 214864 342576    0    0     0     0 33016 8384 100  0  0  0  0	
32  0      0 52755368 214864 342580    0    0     0     0 32996 8316 100  0  0  0  0	
procs -----------memory---------- ---swap-- -----io---- --system-- -----cpu-----
 r  b   swpd   free   buff  cache   si   so    bi    bo   in   cs us sy id wa st
32  0      0 52755344 214864 342588    0    0     0     0 33010 8329 100  0  0  0  0	
33  0      0 52755344 214864 342592    0    0     0     0 32975 8364 100  0  0  0  0	
32  0      0 52755344 214864 342592    0    0     0     4 32984 8344 100  0  0  0  0	
32  0      0 52755352 214864 342596    0    0     0     0 32997 8325 100  0  0  0  0	
32  0      0 52755368 214864 342600    0    0     0     0 32961 8327 100  0  0  0  0	
32  0      0 52755368 214864 342604    0    0     0     0 33007 8324 100  0  0  0  0	
32  0      0 52755368 214864 342604    0    0     0     0 32992 8323 100  0  0  0  0	
32  0      0 52755368 214864 342608    0    0     0     0 32993 8335 100  0  0  0  0	
32  0      0 52755368 214864 342612    0    0     0    20 32982 8330 100  0  0  0  0	
32  0      0 52755368 214864 342616    0    0     0     0 33002 8383 100  0  0  0  0	
32  0      0 52755360 214864 342620    0    0     0     0 33024 8392 100  0  0  0  0	
32  0      0 52755236 214864 342624    0    0     0     0 32989 8324 100  0  0  0  0	
32  0      0 52755228 214864 342628    0    0     0     0 33007 8331 100  0  0  0  0	
32  0      0 52755228 214864 342628    0    0     0     0 32993 8324 100  0  0  0  0	
32  0      0 52755228 214864 342636    0    0     0     0 32967 8319 100  0  0  0  0	
32  0      0 52755228 214864 342640    0    0     0     0 33004 8336 100  0  0  0  0	
33  0      0 52755236 214864 342644    0    0     0     0 32978 8374 100  0  0  0  0	
32  0      0 52755236 214864 342644    0    0     0     0 33027 8339 100  0  0  0  0	
32  0      0 52755236 214864 342652    0    0     0     0 33001 8322 100  0  0  0  0	
32  0      0 52755244 214864 342656    0    0     0     0 32996 8323 100  0  0  0  0	
32  0      0 52755232 214864 342660    0    0     0     0 32976 8335 100  0  0  0  0	
procs -----------memory---------- ---swap-- -----io---- --system-- -----cpu-----
 r  b   swpd   free   buff  cache   si   so    bi    bo   in   cs us sy id wa st
32  0      0 52755232 214864 342660    0    0     0     0 32990 8324 100  0  0  0  0	
32  0      0 52755232 214864 342664    0    0     0     0 33048 8402 100  0  0  0  0	
32  0      0 52755232 214864 342668    0    0     0     0 32982 8322 100  0  0  0  0	
32  0      0 52755240 214864 342672    0    0     0     0 32990 8322 100  0  0  0  0	
32  0      0 52755232 214864 342672    0    0     0     0 32998 8318 100  0  0  0  0	
32  0      0 52755232 214864 342676    0    0     0     0 32994 8331 100  0  0  0  0	
32  0      0 52755232 214864 342680    0    0     0     0 32976 8331 100  0  0  0  0	
32  0      0 52755232 214864 342688    0    0     0     0 32989 8325 100  0  0  0  0	
32  0      0 52755232 214864 342688    0    0     0     0 32999 8319 100  0  0  0  0	
34  0      0 52755224 214864 342692    0    0     0     0 32981 8385 100  0  0  0  0	
32  0      0 52755232 214864 342696    0    0     0     0 32986 8332 100  0  0  0  0	
32  0      0 52755240 214864 342696    0    0     0     0 32989 8326 100  0  0  0  0	
32  0      0 52755240 214864 342700    0    0     0     0 33004 8327 100  0  0  0  0	
32  0      0 52755240 214864 342704    0    0     0     0 33001 8387 100  0  0  0  0	
32  0      0 52755240 214864 342708    0    0     0     0 32984 8325 100  0  0  0  0	
32  0      0 52755248 214864 342712    0    0     0     0 32986 8318 100  0  0  0  0	
32  0      0 52755248 214864 342716    0    0     0     0 33008 8332 100  0  0  0  0	
32  0      0 52755248 214864 342720    0    0     0     0 32979 8319 100  0  0  0  0	
32  0      0 52755256 214864 342724    0    0     0     0 32997 8327 100  0  0  0  0	
32  0      0 52755240 214864 342724    0    0     0     0 32995 8322 100  0  0  0  0	
32  0      0 52755240 214864 342728    0    0     0     0 32982 8324 100  0  0  0  0	
procs -----------memory---------- ---swap-- -----io---- --system-- -----cpu-----
 r  b   swpd   free   buff  cache   si   so    bi    bo   in   cs us sy id wa st
32  0      0 52755232 214864 342732    0    0     0     4 32984 8328 100  0  0  0  0	
32  0      0 52755232 214864 342736    0    0     0     0 33014 8330 100  0  0  0  0	
33  0      0 52755240 214864 342736    0    0     0     0 32983 8378 100  0  0  0  0	
32  0      0 52755240 214864 342740    0    0     0     0 32976 8326 100  0  0  0  0	
32  0      0 52755240 214864 342744    0    0     0    16 33032 8409 100  0  0  0  0	
32  0      0 52755116 214864 342748    0    0     0     0 33034 8341 100  0  0  0  0	
33  0      0 52755116 214864 342752    0    0     0     0 32975 8317 100  0  0  0  0	
32  0      0 52755116 214864 342756    0    0     0     0 32998 8324 100  0  0  0  0	
32  0      0 52755108 214864 342760    0    0     0     0 32998 8338 100  0  0  0  0	
32  0      0 52755108 214864 342764    0    0     0     0 32970 8325 100  0  0  0  0	
32  0      0 52754984 214864 342764    0    0     0     0 32993 8330 100  0  0  0  0	
32  0      0 52754984 214864 342768    0    0     0     0 33003 8319 100  0  0  0  0	
32  0      0 52754984 214864 342776    0    0     0     0 32975 8376 100  0  0  0  0	
32  0      0 52754984 214864 342776    0    0     0     0 32990 8327 100  0  0  0  0	
32  0      0 52754992 214864 342780    0    0     0     0 32984 8328 100  0  0  0  0	
32  0      0 52754992 214864 342788    0    0     0     0 32996 8322 100  0  0  0  0	
33  0      0 52754992 214864 342792    0    0     0     0 33011 8423 100  0  0  0  0	
32  0      0 52755000 214864 342792    0    0     0     0 33005 8344 100  0  0  0  0	
32  0      0 52754976 214864 342796    0    0     0     0 32995 8331 100  0  0  0  0	
32  0      0 52754976 214864 342800    0    0     0     0 32982 8324 100  0  0  0  0	
32  0      0 52754976 214864 342804    0    0     0     0 32993 8326 100  0  0  0  0	
procs -----------memory---------- ---swap-- -----io---- --system-- -----cpu-----
 r  b   swpd   free   buff  cache   si   so    bi    bo   in   cs us sy id wa st
32  0      0 52754984 214864 342804    0    0     0     0 32999 8326 100  0  0  0  0	
32  0      0 52755000 214864 342808    0    0     0     0 32980 8324 100  0  0  0  0	
32  0      0 52755000 214864 342812    0    0     0     0 32996 8331 100  0  0  0  0	
32  0      0 52755000 214864 342816    0    0     0     0 32989 8323 100  0  0  0  0	
32  0      0 52754876 214864 342820    0    0     0     0 33013 8343 100  0  0  0  0	
32  0      0 52754992 214864 342824    0    0     0     0 32969 8324 100  0  0  0  0	
32  0      0 52754992 214864 342828    0    0     0    12 33006 8336 100  0  0  0  0	
32  0      0 52754860 214864 342832    0    0     0     0 33058 8389 100  0  0  0  0	
32  0      0 52754860 214864 342836    0    0     0     0 32982 8327 100  0  0  0  0	
32  0      0 52754852 214864 342840    0    0     0     0 32987 8361 100  0  0  0  0	
32  0      0 52754852 214864 342844    0    0     0     0 33003 8356 100  0  0  0  0	
32  0      0 52754852 214864 342848    0    0     0     0 32998 8326 100  0  0  0  0	
32  0      0 52754852 214864 342848    0    0     0     0 32968 8321 100  0  0  0  0	
32  0      0 52754860 214864 342852    0    0     0     0 32989 8326 100  0  0  0  0	
32  0      0 52754860 214864 342856    0    0     0     8 33041 8343 100  0  0  0  0	
32  0      0 52754860 214864 342856    0    0     0     0 32991 8330 100  0  0  0  0	
32  0      0 52754116 214864 342868    0    0     0    52 33004 8356 100  0  0  0  0	
32  0      0 52754108 214864 342872    0    0     0     0 32997 8330 100  0  0  0  0	
32  0      0 52754108 214864 342876    0    0     0     0 32986 8321 100  0  0  0  0	
32  0      0 52754108 214864 342876    0    0     0     0 33008 8393 100  0  0  0  0	
32  0      0 52754108 214864 342880    0    0     0     0 32994 8316 100  0  0  0  0	
procs -----------memory---------- ---swap-- -----io---- --system-- -----cpu-----
 r  b   swpd   free   buff  cache   si   so    bi    bo   in   cs us sy id wa st
32  0      0 52754124 214864 342884    0    0     0     0 33001 8328 100  0  0  0  0	
32  0      0 52754124 214864 342888    0    0     0     0 32985 8325 100  0  0  0  0	
33  0      0 52754124 214864 342892    0    0     0     0 32969 8353 100  0  0  0  0	
32  0      0 52754124 214864 342896    0    0     0     0 32998 8353 100  0  0  0  0	
32  0      0 52754124 214864 342900    0    0     0     0 32988 8323 100  0  0  0  0	
32  0      0 52754124 214864 342904    0    0     0     0 32986 8324 100  0  0  0  0	
32  0      0 52754116 214864 342908    0    0     0     0 32989 8325 100  0  0  0  0	
32  0      0 52754124 214864 342912    0    0     0     0 33006 8325 100  0  0  0  0	
32  0      0 52754124 214864 342916    0    0     0     0 32994 8324 100  0  0  0  0	
32  0      0 52754124 214864 342920    0    0     0     0 32988 8329 100  0  0  0  0	
32  0      0 52754000 214864 342920    0    0     0     0 33008 8380 100  0  0  0  0	
32  0      0 52754000 214864 342924    0    0     0     0 33015 8337 100  0  0  0  0	
32  0      0 52754008 214864 342928    0    0     0     0 32992 8330 100  0  0  0  0	
32  0      0 52754008 214864 342932    0    0     0     0 32976 8328 100  0  0  0  0	
32  0      0 52754008 214864 342932    0    0     0     0 32983 8323 100  0  0  0  0	
32  0      0 52754016 214864 342936    0    0     0     0 33003 8327 100  0  0  0  0	
33  0      0 52754000 214864 342940    0    0     0     0 32980 8377 100  0  0  0  0	
32  0      0 52753876 214864 342944    0    0     0     0 32994 8342 100  0  0  0  0	
32  0      0 52753868 214864 342948    0    0     0     0 33000 8335 100  0  0  0  0	
32  0      0 52753868 214864 342952    0    0     0     0 32958 8327 100  0  0  0  0	
32  0      0 52753876 214864 342956    0    0     0     0 33000 8328 100  0  0  0  0	
procs -----------memory---------- ---swap-- -----io---- --system-- -----cpu-----
 r  b   swpd   free   buff  cache   si   so    bi    bo   in   cs us sy id wa st
32  0      0 52753876 214864 342960    0    0     0     0 33002 8330 100  0  0  0  0	
32  0      0 52753876 214864 342964    0    0     0     0 33013 8391 100  0  0  0  0	
32  0      0 52753752 214864 342968    0    0     0     0 33034 8339 100  0  0  0  0	
32  0      0 52753752 214864 342976    0    0     0     0 32978 8326 100  0  0  0  0	
32  0      0 52753752 214864 342976    0    0     0     0 33004 8319 100  0  0  0  0	
32  0      0 52753748 214864 342980    0    0     0     0 32985 8334 100  0  0  0  0	
32  0      0 52753748 214864 342984    0    0     0     0 32987 8318 100  0  0  0  0	
32  0      0 52753748 214864 342988    0    0     0    28 33016 8335 100  0  0  0  0	
32  0      0 52753748 214864 342988    0    0     0     0 32969 8316 100  0  0  0  0	
33  0      0 52753748 214864 342992    0    0     0     0 32984 8361 100  0  0  0  0	
32  0      0 52753752 214864 342996    0    0     0     0 32991 8351 100  0  0  0  0	
32  0      0 52753760 214864 343000    0    0     0     0 32998 8329 100  0  0  0  0	
32  0      0 52753760 214864 343000    0    0     0     0 32987 8332 100  0  0  0  0	
32  0      0 52753760 214864 343004    0    0     0     0 33023 8381 100  0  0  0  0	
32  0      0 52753892 214864 343008    0    0     0     0 33001 8321 100  0  0  0  0	
32  0      0 52753744 214864 343012    0    0     0     0 32969 8325 100  0  0  0  0	
32  0      0 52753744 214864 343012    0    0     0    16 32998 8336 100  0  0  0  0	
32  0      0 52753744 214864 343016    0    0     0     0 33000 8320 100  0  0  0  0	
32  0      0 52753752 214864 343020    0    0     0     0 32985 8324 100  0  0  0  0	
32  0      0 52753768 214864 343020    0    0     0     0 32976 8328 100  0  0  0  0	
32  0      0 52753768 214864 343028    0    0     0     0 32989 8328 100  0  0  0  0	
procs -----------memory---------- ---swap-- -----io---- --system-- -----cpu-----
 r  b   swpd   free   buff  cache   si   so    bi    bo   in   cs us sy id wa st
32  0      0 52753768 214864 343036    0    0     0     0 32997 8317 100  0  0  0  0	
32  0      0 52753768 214864 343040    0    0     0     0 32981 8329 100  0  0  0  0	
32  0      0 52753768 214864 343040    0    0     0     0 32980 8338 100  0  0  0  0	
33  0      0 52753768 214864 343044    0    0     0    12 33008 8386 100  0  0  0  0	
32  0      0 52753760 214864 343048    0    0     0     0 32991 8391 100  0  0  0  0	
32  0      0 52753760 214864 343052    0    0     0     0 32997 8328 100  0  0  0  0	
32  0      0 52753752 214864 343052    0    0     0     0 33005 8330 100  0  0  0  0	
32  0      0 52753752 214864 343056    0    0     0     0 32982 8317 100  0  0  0  0	
33  0      0 52753752 214864 343060    0    0     0     0 32986 8328 100  0  0  0  0	
32  0      0 52753752 214864 343064    0    0     0     0 32990 8328 100  0  0  0  0	
33  0      0 52753760 214864 343064    0    0     0     0 32969 8330 100  0  0  0  0	
32  0      0 52753760 214864 343068    0    0     0     0 33038 8340 100  0  0  0  0	
32  0      0 52753760 214864 343072    0    0     0     0 32997 8328 100  0  0  0  0	
33  0      0 52751060 214864 343076    0    0     0     4 33121 8628 100  0  0  0  0	
32  0      0 52751192 214864 343076    0    0     0     0 32988 8334 100  0  0  0  0	
32  0      0 52751192 214864 343080    0    0     0     0 33009 8329 100  0  0  0  0	
32  0      0 52751316 214864 343084    0    0     0     0 33013 8396 100  0  0  0  0	
32  0      0 52751320 214864 343092    0    0     0     0 32988 8344 100  0  0  0  0	
33  0      0 52751344 214864 343096    0    0     0    84 33007 8390 100  0  0  0  0	
32  0      0 52751388 214864 343104    0    0     0     0 32978 8326 100  0  0  0  0	
32  0      0 52751388 214864 343108    0    0     0     0 32989 8325 100  0  0  0  0	
procs -----------memory---------- ---swap-- -----io---- --system-- -----cpu-----
 r  b   swpd   free   buff  cache   si   so    bi    bo   in   cs us sy id wa st
32  0      0 52751388 214864 343108    0    0     0     0 33011 8325 100  0  0  0  0	
32  0      0 52751388 214864 343112    0    0     0     0 32980 8321 100  0  0  0  0	
32  0      0 52751420 214864 343116    0    0     0     0 32985 8326 100  0  0  0  0	
32  0      0 52751412 214864 343120    0    0     0     0 32984 8323 100  0  0  0  0	
32  0      0 52751420 214864 343120    0    0     0     0 33001 8323 100  0  0  0  0	
32  0      0 52751544 214864 343124    0    0     0    44 32989 8323 100  0  0  0  0	
32  0      0 52751544 214864 343128    0    0     0     0 32998 8318 100  0  0  0  0	
32  0      0 52751544 214864 343132    0    0     0     0 33026 8385 100  0  0  0  0	
32  0      0 52751544 214864 343132    0    0     0     0 32979 8386 100  0  0  0  0	
32  0      0 52751552 214864 343136    0    0     0     0 32982 8315 100  0  0  0  0	
32  0      0 52751552 214864 343140    0    0     0     0 33018 8333 100  0  0  0  0	
33  0      0 52751552 214864 343144    0    0     0    16 32959 8379 100  0  0  0  0	
32  0      0 52751560 214864 343144    0    0     0     0 33009 8338 100  0  0  0  0	
32  0      0 52751432 214864 343148    0    0     0     0 32988 8330 100  0  0  0  0	
32  0      0 52751424 214864 343156    0    0     0     0 32984 8318 100  0  0  0  0	
32  0      0 52751416 214864 343160    0    0     0     0 32987 8332 100  0  0  0  0	
32  0      0 52751416 214864 343164    0    0     0     0 33002 8316 100  0  0  0  0	
32  0      0 52751424 214864 343168    0    0     0     0 32990 8320 100  0  0  0  0	
32  0      0 52751424 214864 343172    0    0     0     0 32973 8319 100  0  0  0  0	
32  0      0 52751424 214864 343176    0    0     0     0 33020 8389 100  0  0  0  0	
32  0      0 52751424 214864 343176    0    0     0     0 33023 8328 100  0  0  0  0	
procs -----------memory---------- ---swap-- -----io---- --system-- -----cpu-----
 r  b   swpd   free   buff  cache   si   so    bi    bo   in   cs us sy id wa st
32  0      0 52751424 214864 343180    0    0     0     0 32997 8325 100  0  0  0  0	
32  0      0 52751424 214864 343184    0    0     0     0 32987 8316 100  0  0  0  0	
32  0      0 52751416 214864 343184    0    0     0     0 32978 8325 100  0  0  0  0	
32  0      0 52751416 214864 343188    0    0     0     0 32997 8320 100  0  0  0  0	
33  0      0 52751416 214864 343192    0    0     0     0 32970 8386 100  0  0  0  0	
32  0      0 52751416 214864 343196    0    0     0     0 32983 8320 100  0  0  0  0	
32  0      0 52751416 214864 343196    0    0     0     0 32996 8325 100  0  0  0  0	
32  0      0 52751424 214864 343200    0    0     0     0 32984 8328 100  0  0  0  0	
32  0      0 52751424 214864 343204    0    0     0     0 32974 8328 100  0  0  0  0	
32  0      0 52751424 214864 343208    0    0     0    24 33004 8328 100  0  0  0  0	
32  0      0 52751300 214864 343208    0    0     0     0 33016 8384 100  0  0  0  0	
32  0      0 52751176 214864 343216    0    0     0     0 32985 8323 100  0  0  0  0	
32  0      0 52751160 214864 343220    0    0     0     0 33006 8322 100  0  0  0  0	
32  0      0 52751160 214864 343224    0    0     0    16 33006 8342 100  0  0  0  0	
32  0      0 52751160 214864 343228    0    0     0     0 32970 8320 100  0  0  0  0	
32  0      0 52751168 214864 343232    0    0     0     0 32988 8323 100  0  0  0  0	
32  0      0 52751184 214864 343236    0    0     0     0 32998 8328 100  0  0  0  0	
33  0      0 52751184 214864 343240    0    0     0     0 33000 8330 100  0  0  0  0	
34  0      0 52751184 214864 343240    0    0     0     0 32968 8357 100  0  0  0  0	
32  0      0 52751184 214864 343244    0    0     0     0 32999 8367 100  0  0  0  0	
32  0      0 52751184 214864 343248    0    0     0     0 32981 8332 100  0  0  0  0	
procs -----------memory---------- ---swap-- -----io---- --system-- -----cpu-----
 r  b   swpd   free   buff  cache   si   so    bi    bo   in   cs us sy id wa st
32  0      0 52751184 214864 343256    0    0     0    16 32994 8331 100  0  0  0  0	
32  0      0 52751176 214864 343256    0    0     0     0 33030 8397 100  0  0  0  0	
32  0      0 52751176 214864 343260    0    0     0     0 32974 8315 100  0  0  0  0	
32  0      0 52751168 214864 343264    0    0     0     8 32994 8336 100  0  0  0  0	
32  0      0 52751168 214864 343264    0    0     0     0 33004 8330 100  0  0  0  0	
32  0      0 52751168 214864 343268    0    0     0     0 32981 8322 100  0  0  0  0	
32  0      0 52751176 214864 343272    0    0     0     0 32996 8322 100  0  0  0  0	
32  0      0 52751176 214864 343280    0    0     0    16 32992 8337 100  0  0  0  0	
32  0      0 52751176 214864 343280    0    0     0     0 33014 8334 100  0  0  0  0	
32  0      0 52751176 214864 343284    0    0     0     0 32993 8330 100  0  0  0  0	
32  0      0 52751176 214864 343288    0    0     0     0 33002 8319 100  0  0  0  0	
32  0      0 52751168 214864 343292    0    0     0     0 32983 8333 100  0  0  0  0	
32  0      0 52751168 214864 343292    0    0     0     0 32982 8341 100  0  0  0  0	
33  0      0 52751168 214864 343300    0    0     0     0 33030 8441 100  0  0  0  0	
32  0      0 52751168 214864 343304    0    0     0     0 32993 8324 100  0  0  0  0	
32  0      0 52751176 214864 343308    0    0     0     0 32985 8318 100  0  0  0  0	
32  0      0 52751180 214864 343308    0    0     0     0 32998 8325 100  0  0  0  0	
32  0      0 52751180 214864 343312    0    0     0     0 32988 8322 100  0  0  0  0	
32  0      0 52751180 214864 343316    0    0     0     0 32972 8328 100  0  0  0  0	
32  0      0 52751180 214864 343320    0    0     0     0 32984 8325 100  0  0  0  0	
32  0      0 52751180 214864 343320    0    0     0     0 33009 8322 100  0  0  0  0	
procs -----------memory---------- ---swap-- -----io---- --system-- -----cpu-----
 r  b   swpd   free   buff  cache   si   so    bi    bo   in   cs us sy id wa st
32  0      0 52751172 214864 343324    0    0     0     0 32970 8328 100  0  0  0  0	
32  0      0 52751180 214864 343328    0    0     0     0 32995 8329 100  0  0  0  0	
32  0      0 52751180 214864 343332    0    0     0     0 32988 8320 100  0  0  0  0	
32  0      0 52751180 214864 343332    0    0     0     0 33011 8329 100  0  0  0  0	
32  0      0 52751180 214864 343340    0    0     0     0 32994 8387 100  0  0  0  0	
33  0      0 52751312 214864 343344    0    0     0     0 33000 8342 100  0  0  0  0	
33  0      0 52751312 214864 343344    0    0     0     0 32994 8377 100  0  0  0  0	
32  0      0 52751312 214864 343348    0    0     0     0 32977 8329 100  0  0  0  0	
32  0      0 52751312 214864 343352    0    0     0     0 32995 8327 100  0  0  0  0	
32  0      0 52751312 214864 343356    0    0     0     0 33001 8325 100  0  0  0  0	
33  0      0 52751180 214864 343356    0    0     0     0 32984 8334 100  0  0  0  0	
32  0      0 52751180 214864 343364    0    0     0     0 33017 8327 100  0  0  0  0	
33  0      0 52751172 214864 343368    0    0     0     0 32974 8324 100  0  0  0  0	
32  0      0 52751172 214864 343372    0    0     0     0 32993 8322 100  0  0  0  0	
32  0      0 52751304 214864 343372    0    0     0     0 32995 8326 100  0  0  0  0	
32  0      0 52751304 214864 343376    0    0     0     0 32989 8327 100  0  0  0  0	
32  0      0 52751304 214864 343380    0    0     0     0 33039 8400 100  0  0  0  0	
33  0      0 52751180 214864 343384    0    0     0     4 33001 8320 100  0  0  0  0	
32  0      0 52751180 214864 343384    0    0     0     0 32989 8335 100  0  0  0  0	
33  0      0 52751180 214864 343388    0    0     0     0 32969 8360 100  0  0  0  0	
32  0      0 52751172 214864 343392    0    0     0     0 32996 8361 100  0  0  0  0	
procs -----------memory---------- ---swap-- -----io---- --system-- -----cpu-----
 r  b   swpd   free   buff  cache   si   so    bi    bo   in   cs us sy id wa st
32  0      0 52751296 214864 343396    0    0     0     0 32998 8324 100  0  0  0  0	
32  0      0 52751296 214864 343404    0    0     0     0 32962 8325 100  0  0  0  0	
32  0      0 52751296 214864 343408    0    0     0    16 33002 8335 100  0  0  0  0	
32  0      0 52751296 214864 343412    0    0     0     0 32985 8316 100  0  0  0  0	
32  0      0 52751304 214864 343412    0    0     0     0 32988 8334 100  0  0  0  0	
32  0      0 52751304 214864 343416    0    0     0     0 32994 8318 100  0  0  0  0	
32  0      0 52751304 214864 343420    0    0     0     0 33000 8330 100  0  0  0  0	
32  0      0 52751304 214864 343424    0    0     0     0 33005 8388 100  0  0  0  0	
32  0      0 52751304 214864 343424    0    0     0     0 32996 8320 100  0  0  0  0	
32  0      0 52751288 214864 343432    0    0     0     0 33004 8327 100  0  0  0  0	
32  0      0 52751288 214864 343440    0    0     0     0 33007 8323 100  0  0  0  0	
32  0      0 52751288 214864 343444    0    0     0     0 32970 8321 100  0  0  0  0	
32  0      0 52751296 214864 343444    0    0     0     0 32984 8325 100  0  0  0  0	
34  0      0 52751312 214864 343448    0    0     0     0 32992 8386 100  0  0  0  0	
32  0      0 52751312 214864 343452    0    0     0     0 32983 8329 100  0  0  0  0	
32  0      0 52751312 214864 343456    0    0     0    40 32992 8335 100  0  0  0  0	
32  0      0 52751312 214864 343456    0    0     0     0 33001 8333 100  0  0  0  0	
32  0      0 52751312 214864 343460    0    0     0     0 32978 8326 100  0  0  0  0	
32  0      0 52751312 214864 343464    0    0     0     0 32996 8323 100  0  0  0  0	
32  0      0 52751180 214864 343472    0    0     0     0 33028 8401 100  0  0  0  0	
32  0      0 52751180 214864 343472    0    0     0     0 33003 8326 100  0  0  0  0	
procs -----------memory---------- ---swap-- -----io---- --system-- -----cpu-----
 r  b   swpd   free   buff  cache   si   so    bi    bo   in   cs us sy id wa st
32  0      0 52751172 214864 343476    0    0     0     0 32978 8332 100  0  0  0  0	
32  0      0 52751172 214864 343480    0    0     0     0 33001 8319 100  0  0  0  0	
32  0      0 52751172 214864 343484    0    0     0     0 32982 8323 100  0  0  0  0	
32  0      0 52751180 214864 343484    0    0     0     0 32986 8326 100  0  0  0  0	
32  0      0 52751180 214864 343488    0    0     0     0 33019 8342 100  0  0  0  0	
32  0      0 52751180 214864 343492    0    0     0     0 33006 8325 100  0  0  0  0	
33  0      0 52751180 214864 343492    0    0     0     0 32993 8391 100  0  0  0  0	
32  0      0 52751180 214864 343500    0    0     0     0 32977 8318 100  0  0  0  0	
32  0      0 52751172 214864 343504    0    0     0     0 33001 8335 100  0  0  0  0	
32  0      0 52751172 214864 343508    0    0     0     0 32997 8335 100  0  0  0  0	
32  0      0 52751048 214864 343508    0    0     0     0 32996 8387 100  0  0  0  0	
32  0      0 52751048 214864 343512    0    0     0     0 33012 8327 100  0  0  0  0	
32  0      0 52751056 214864 343516    0    0     0     0 32993 8324 100  0  0  0  0	
32  0      0 52751056 214864 343520    0    0     0     0 32999 8328 100  0  0  0  0	
32  0      0 52751056 214864 343520    0    0     0     0 32979 8322 100  0  0  0  0	
32  0      0 52751056 214864 343528    0    0     0    28 32996 8326 100  0  0  0  0	
32  0      0 52751056 214864 343532    0    0     0     0 32991 8323 100  0  0  0  0	
32  0      0 52751056 214864 343536    0    0     0     0 32978 8326 100  0  0  0  0	
32  0      0 52751048 214864 343536    0    0     0    16 33001 8338 100  0  0  0  0	
32  0      0 52750932 214864 343540    0    0     0     0 33000 8328 100  0  0  0  0	
33  0      0 52750932 214864 343544    0    0     0     4 32968 8371 100  0  0  0  0	
procs -----------memory---------- ---swap-- -----io---- --system-- -----cpu-----
 r  b   swpd   free   buff  cache   si   so    bi    bo   in   cs us sy id wa st
32  0      0 52750932 214864 343548    0    0     0     0 33004 8333 100  0  0  0  0	
32  0      0 52750932 214864 343548    0    0     0     0 33017 8387 100  0  0  0  0	
32  0      0 52750940 214864 343556    0    0     0     0 32988 8333 100  0  0  0  0	
32  0      0 52750816 214864 343560    0    0     0     0 32990 8326 100  0  0  0  0	
32  0      0 52750816 214864 343564    0    0     0    20 32997 8334 100  0  0  0  0	
32  0      0 52750816 214864 343568    0    0     0     0 32984 8326 100  0  0  0  0	
32  0      0 52750816 214864 343572    0    0     0     0 32982 8323 100  0  0  0  0	
32  0      0 52750808 214864 343576    0    0     0     0 32991 8337 100  0  0  0  0	
32  0      0 52750808 214864 343576    0    0     0     0 33002 8327 100  0  0  0  0	
32  0      0 52750800 214864 343580    0    0     0     0 32985 8323 100  0  0  0  0	
32  0      0 52750800 214864 343584    0    0     0     0 32997 8325 100  0  0  0  0	
32  0      0 52750808 214864 343588    0    0     0     0 33000 8326 100  0  0  0  0	
32  0      0 52750808 214864 343592    0    0     0     0 32980 8322 100  0  0  0  0	
32  0      0 52750808 214864 343596    0    0     0     0 33039 8458 100  0  0  0  0	
32  0      0 52750808 214864 343600    0    0     0     0 33005 8359 100  0  0  0  0	
32  0      0 52750808 214864 343604    0    0     0     0 32985 8322 100  0  0  0  0	
32  0      0 52750808 214864 343604    0    0     0     0 32975 8327 100  0  0  0  0	
32  0      0 52750800 214864 343608    0    0     0     0 33003 8332 100  0  0  0  0	
32  0      0 52750800 214864 343612    0    0     0     0 33001 8338 100  0  0  0  0	
32  0      0 52750800 214864 343616    0    0     0     0 32974 8326 100  0  0  0  0	
32  0      0 52750800 214864 343616    0    0     0     0 33012 8324 100  0  0  0  0	
procs -----------memory---------- ---swap-- -----io---- --system-- -----cpu-----
 r  b   swpd   free   buff  cache   si   so    bi    bo   in   cs us sy id wa st
32  0      0 52750800 214864 343620    0    0     0     0 32985 8316 100  0  0  0  0	
32  0      0 52750808 214864 343624    0    0     0     0 32983 8334 100  0  0  0  0	
32  0      0 52750808 214864 343628    0    0     0     0 32990 8325 100  0  0  0  0	
32  0      0 52750808 214864 343628    0    0     0     0 32996 8328 100  0  0  0  0	
33  0      0 52750808 214864 343636    0    0     0     0 33004 8376 100  0  0  0  0	
32  0      0 52750808 214864 343640    0    0     0     0 32993 8330 100  0  0  0  0	
32  0      0 52750792 214864 343644    0    0     0     0 32998 8325 100  0  0  0  0	
33  0      0 52750792 214864 343644    0    0     0     0 32980 8384 100  0  0  0  0	
32  0      0 52750792 214864 343648    0    0     0    16 32978 8323 100  0  0  0  0	
32  0      0 52750800 214864 343656    0    0     0     0 33002 8325 100  0  0  0  0	
32  0      0 52750692 214864 343656    0    0     0     0 32972 8333 100  0  0  0  0	
32  0      0 52750692 214864 343660    0    0     0     0 32992 8328 100  0  0  0  0	
32  0      0 52750692 214864 343664    0    0     0     0 32989 8338 100  0  0  0  0	
32  0      0 52750692 214864 343668    0    0     0     0 32981 8317 100  0  0  0  0	
32  0      0 52750692 214864 343668    0    0     0    20 32998 8338 100  0  0  0  0	
33  0      0 52750692 214864 343672    0    0     0     0 32984 8320 100  0  0  0  0	
32  0      0 52750684 214864 343676    0    0     0     0 33023 8817 100  0  0  0  0	
32  0      0 52750684 214864 343680    0    0     0     0 32982 8327 100  0  0  0  0	
32  0      0 52750552 214864 343680    0    0     0     0 32998 8326 100  0  0  0  0	
32  0      0 52750552 214864 343684    0    0     0     0 33001 8318 100  0  0  0  0	
32  0      0 52750552 214864 343688    0    0     0     0 32962 8320 100  0  0  0  0	
procs -----------memory---------- ---swap-- -----io---- --system-- -----cpu-----
 r  b   swpd   free   buff  cache   si   so    bi    bo   in   cs us sy id wa st
32  0      0 52750560 214864 343692    0    0     0     0 33008 8335 100  0  0  0  0	
33  0      0 52750684 214864 343692    0    0     0     0 33016 8386 100  0  0  0  0	
32  0      0 52750684 214864 343700    0    0     0     0 32994 8324 100  0  0  0  0	
32  0      0 52750684 214864 343704    0    0     0     0 32997 8324 100  0  0  0  0	
32  0      0 52750684 214864 343712    0    0     0     0 32986 8328 100  0  0  0  0	
32  0      0 52750676 214864 343712    0    0     0     0 32982 8325 100  0  0  0  0	
32  0      0 52750676 214864 343720    0    0     0     0 32981 8332 100  0  0  0  0	
32  0      0 52750676 214864 343724    0    0     0     0 33028 8383 100  0  0  0  0	
32  0      0 52750676 214864 343728    0    0     0     0 33000 8324 100  0  0  0  0	
32  0      0 52750684 214864 343728    0    0     0     0 32968 8321 100  0  0  0  0	
32  0      0 52750684 214864 343732    0    0     0     0 33004 8331 100  0  0  0  0	
32  0      0 52750684 214864 343736    0    0     0     0 32981 8324 100  0  0  0  0	
32  0      0 52750684 214864 343736    0    0     0     0 32948 8397 99  0  0  0  0	
32  0      0 52750684 214864 343740    0    0     0     0 32970 8314 100  0  0  0  0	
33  0      0 52750684 214864 343744    0    0     0     0 32992 8337 100  0  0  0  0	
33  0      0 52750552 214864 343748    0    0     0     0 32991 8382 100  0  0  0  0	
32  0      0 52750560 214864 343748    0    0     0     0 32983 8337 100  0  0  0  0	
32  0      0 52750560 214864 343752    0    0     0     0 32991 8320 100  0  0  0  0	
32  0      0 52750560 214864 343756    0    0     0     0 32978 8323 100  0  0  0  0	
32  0      0 52750560 214864 343760    0    0     0     0 33012 8391 100  0  0  0  0	
32  0      0 52750568 214864 343760    0    0     0     0 32993 8323 100  0  0  0  0	
procs -----------memory---------- ---swap-- -----io---- --system-- -----cpu-----
 r  b   swpd   free   buff  cache   si   so    bi    bo   in   cs us sy id wa st
32  0      0 52750568 214864 343768    0    0     0     0 32972 8329 100  0  0  0  0	
32  0      0 52750568 214864 343772    0    0     0     0 33008 8326 100  0  0  0  0	
32  0      0 52750568 214864 343780    0    0     0     0 32993 8323 100  0  0  0  0	
32  0      0 52750568 214864 343780    0    0     0     0 32984 8321 100  0  0  0  0	
32  0      0 52750564 214864 343784    0    0     0     0 32989 8331 100  0  0  0  0	
32  0      0 52750564 214864 343788    0    0     0     0 33004 8317 100  0  0  0  0	
32  0      0 52750556 214864 343792    0    0     0     4 32995 8332 100  0  0  0  0	
32  0      0 52750556 214864 343792    0    0     0     0 32972 8319 100  0  0  0  0	
32  0      0 52750564 214864 343796    0    0     0     0 32992 8322 100  0  0  0  0	
33  0      0 52750564 214864 343800    0    0     0    16 33015 8404 100  0  0  0  0	
32  0      0 52750440 214864 343804    0    0     0     0 33027 8403 100  0  0  0  0	
32  0      0 52750564 214864 343804    0    0     0     0 32997 8320 100  0  0  0  0	
32  0      0 52750564 214864 343808    0    0     0     0 32982 8323 100  0  0  0  0	
32  0      0 52750564 214864 343812    0    0     0     0 32984 8330 100  0  0  0  0	
32  0      0 52750560 214864 343812    0    0     0     0 32992 8325 100  0  0  0  0	
32  0      0 52750560 214864 343816    0    0     0     0 32993 8326 100  0  0  0  0	
32  0      0 52750560 214864 343820    0    0     0     0 32981 8316 100  0  0  0  0	
32  0      0 52750560 214864 343824    0    0     0     0 32981 8322 100  0  0  0  0	
32  0      0 52750560 214864 343824    0    0     0     0 32983 8314 100  0  0  0  0	
32  0      0 52750568 214864 343832    0    0     0     0 32993 8336 100  0  0  0  0	
32  0      0 52750568 214864 343840    0    0     0     0 32969 8323 100  0  0  0  0	
procs -----------memory---------- ---swap-- -----io---- --system-- -----cpu-----
 r  b   swpd   free   buff  cache   si   so    bi    bo   in   cs us sy id wa st
32  0      0 52750568 214864 343844    0    0     0     0 33011 8325 100  0  0  0  0	
32  0      0 52750568 214864 343844    0    0     0     0 33013 8377 100  0  0  0  0	
33  0      0 52750568 214864 343848    0    0     0     0 32987 8365 100  0  0  0  0	
32  0      0 52750552 214864 343852    0    0     0     0 32998 8353 100  0  0  0  0	
32  0      0 52750552 214864 343856    0    0     0     0 32989 8325 100  0  0  0  0	
32  0      0 52750552 214864 343856    0    0     0     0 32983 8325 100  0  0  0  0	
32  0      0 52750560 214864 343864    0    0     0     0 32986 8316 100  0  0  0  0	
32  0      0 52750576 214864 343868    0    0     0     0 32987 8331 100  0  0  0  0	
32  0      0 52750576 214864 343872    0    0     0     0 33010 8326 100  0  0  0  0	
32  0      0 52750576 214864 343872    0    0     0     0 32961 8323 100  0  0  0  0	
32  0      0 52750576 214864 343876    0    0     0     0 32997 8324 100  0  0  0  0	
32  0      0 52750576 214864 343880    0    0     0     0 32993 8325 100  0  0  0  0	
32  0      0 52750576 214864 343884    0    0     0    12 33002 8331 100  0  0  0  0	
32  0      0 52750568 214864 343884    0    0     0     0 33042 8402 100  0  0  0  0	
32  0      0 52750568 214864 343888    0    0     0     0 32989 8323 100  0  0  0  0	
32  0      0 52750560 214864 343892    0    0     0     0 32991 8325 100  0  0  0  0	
33  0      0 52750560 214864 343892    0    0     0     0 32982 8378 100  0  0  0  0	
32  0      0 52750560 214864 343900    0    0     0     0 32995 8343 100  0  0  0  0	
32  0      0 52750568 214864 343908    0    0     0     0 32996 8325 100  0  0  0  0	
32  0      0 52750568 214864 343912    0    0     0     0 32991 8343 100  0  0  0  0	
32  0      0 52750568 214864 343912    0    0     0     8 33027 8336 100  0  0  0  0	
procs -----------memory---------- ---swap-- -----io---- --system-- -----cpu-----
 r  b   swpd   free   buff  cache   si   so    bi    bo   in   cs us sy id wa st
32  0      0 52750568 214864 343916    0    0     0     0 32996 8318 100  0  0  0  0	
32  0      0 52750568 214864 343920    0    0     0     0 32975 8325 100  0  0  0  0	
32  0      0 52750560 214864 343924    0    0     0     0 32990 8326 100  0  0  0  0	
32  0      0 52750560 214864 343924    0    0     0     0 32999 8327 100  0  0  0  0	
32  0      0 52750560 214864 343928    0    0     0     0 33007 8390 100  0  0  0  0	
32  0      0 52750560 214864 343932    0    0     0    16 32994 8339 100  0  0  0  0	
32  0      0 52750568 214864 343936    0    0     0     0 32996 8321 100  0  0  0  0	
32  0      0 52750572 214864 343936    0    0     0     0 32999 8340 100  0  0  0  0	
32  0      0 52750572 214864 343940    0    0     0     0 32977 8319 100  0  0  0  0	
33  0      0 52750572 214864 343944    0    0     0     0 33000 8336 100  0  0  0  0	
33  0      0 52750448 214864 343948    0    0     0     0 32990 8375 100  0  0  0  0	
32  0      0 52750448 214864 343948    0    0     0     0 32977 8329 100  0  0  0  0	
32  0      0 52750440 214864 343952    0    0     0     0 32980 8333 100  0  0  0  0	
32  0      0 52750448 214864 343960    0    0     0     0 32983 8322 100  0  0  0  0	
32  0      0 52750448 214864 343964    0    0     0     0 32982 8324 100  0  0  0  0	
32  0      0 52750448 214864 343964    0    0     0     0 32986 8319 100  0  0  0  0	
32  0      0 52750448 214864 343972    0    0     0     0 33031 8393 100  0  0  0  0	
32  0      0 52750456 214864 343976    0    0     0     0 32987 8331 100  0  0  0  0	
32  0      0 52750456 214864 343976    0    0     0     0 32983 8326 100  0  0  0  0	
32  0      0 52750456 214864 343980    0    0     0     0 32999 8323 100  0  0  0  0	
32  0      0 52750456 214864 343984    0    0     0     0 32973 8317 100  0  0  0  0	
procs -----------memory---------- ---swap-- -----io---- --system-- -----cpu-----
 r  b   swpd   free   buff  cache   si   so    bi    bo   in   cs us sy id wa st
32  0      0 52750456 214864 343988    0    0     0     0 32984 8318 100  0  0  0  0	
32  0      0 52750448 214864 343988    0    0     0     0 32998 8334 100  0  0  0  0	
32  0      0 52750448 214864 343992    0    0     0     0 32987 8330 100  0  0  0  0	
33  0      0 52750440 214864 343996    0    0     0     0 32975 8363 100  0  0  0  0	
32  0      0 52750440 214864 344000    0    0     0     0 32992 8339 100  0  0  0  0	
32  0      0 52750448 214864 344000    0    0     0     0 33003 8329 100  0  0  0  0	
32  0      0 52750448 214864 344004    0    0     0     0 32991 8325 100  0  0  0  0	
32  0      0 52750448 214864 344012    0    0     0     0 33041 8398 100  0  0  0  0	
32  0      0 52750448 214864 344016    0    0     0     0 33009 8328 100  0  0  0  0	
32  0      0 52750448 214864 344016    0    0     0     0 32970 8318 100  0  0  0  0	
32  0      0 52750448 214864 344024    0    0     0     0 32982 8329 100  0  0  0  0	
32  0      0 52750440 214864 344028    0    0     0     0 32990 8328 100  0  0  0  0	
32  0      0 52750564 214864 344032    0    0     0     0 33001 8326 100  0  0  0  0	
32  0      0 52750564 214864 344032    0    0     0     0 32985 8320 100  0  0  0  0	
32  0      0 52750564 214864 344040    0    0     0     0 32973 8324 100  0  0  0  0	
32  0      0 52750564 214864 344044    0    0     0     0 32994 8319 100  0  0  0  0	
32  0      0 52750448 214864 344048    0    0     0     0 32988 8328 100  0  0  0  0	
33  0      0 52750572 214864 344048    0    0     0     0 32976 8341 100  0  0  0  0	
32  0      0 52750572 214864 344052    0    0     0     0 33016 8416 100  0  0  0  0	
32  0      0 52750572 214864 344056    0    0     0     0 32992 8385 100  0  0  0  0	
32  0      0 52750572 214864 344056    0    0     0     0 32994 8325 100  0  0  0  0	
procs -----------memory---------- ---swap-- -----io---- --system-- -----cpu-----
 r  b   swpd   free   buff  cache   si   so    bi    bo   in   cs us sy id wa st
32  0      0 52750556 214864 344060    0    0     0    16 33012 8343 100  0  0  0  0	
32  0      0 52750556 214864 344064    0    0     0     0 33000 8318 100  0  0  0  0	
32  0      0 52750556 214864 344068    0    0     0     0 32976 8329 100  0  0  0  0	
32  0      0 52750564 214864 344068    0    0     0     0 32991 8316 100  0  0  0  0	
32  0      0 52750580 214864 344072    0    0     0     0 32986 8334 100  0  0  0  0	
32  0      0 52750580 214864 344076    0    0     0     0 32975 8322 100  0  0  0  0	
32  0      0 52750580 214864 344080    0    0     0     0 33003 8327 100  0  0  0  0	
32  0      0 52750456 214864 344084    0    0     0     0 33018 8326 100  0  0  0  0	
32  0      0 52750456 214864 344088    0    0     0     0 32974 8328 100  0  0  0  0	
32  0      0 52750456 214864 344092    0    0     0    12 32993 8338 100  0  0  0  0	
33  0      0 52750204 214864 344096    0    0     0     0 33025 8399 100  0  0  0  0	
33  0      0 52750204 214864 344096    0    0     0     0 33009 8387 100  0  0  0  0	
32  0      0 52750196 214864 344104    0    0     0     0 32965 8411 100  0  0  0  0	
32  0      0 52750196 214864 344108    0    0     0     0 32986 8322 100  0  0  0  0	
32  0      0 52750196 214864 344112    0    0     0     0 32988 8326 100  0  0  0  0	
32  0      0 52750204 214864 344112    0    0     0     0 32973 8325 100  0  0  0  0	
32  0      0 52750204 214864 344116    0    0     0     0 33014 8332 100  0  0  0  0	
32  0      0 52750204 214864 344120    0    0     0     0 33016 8331 100  0  0  0  0	
32  0      0 52750204 214864 344124    0    0     0     0 32995 8327 100  0  0  0  0	
32  0      0 52750204 214864 344124    0    0     0     0 32984 8318 100  0  0  0  0	
32  0      0 52750196 214864 344128    0    0     0     0 32985 8337 100  0  0  0  0	
procs -----------memory---------- ---swap-- -----io---- --system-- -----cpu-----
 r  b   swpd   free   buff  cache   si   so    bi    bo   in   cs us sy id wa st
32  0      0 52750196 214864 344132    0    0     0     0 33009 8332 100  0  0  0  0	
32  0      0 52750196 214864 344132    0    0     0     0 33009 8382 100  0  0  0  0	
32  0      0 52750196 214864 344136    0    0     0     0 32985 8329 100  0  0  0  0	
32  0      0 52750204 214864 344140    0    0     0     0 32991 8319 100  0  0  0  0	
33  0      0 52750204 214864 344148    0    0     0     0 32976 8391 100  0  0  0  0	
32  0      0 52750204 214864 344148    0    0     0     0 32979 8319 100  0  0  0  0	
32  0      0 52750204 214864 344152    0    0     0     0 33006 8419 100  0  0  0  0	
32  0      0 52750204 214864 344156    0    0     0     0 32972 8323 100  0  0  0  0	
32  0      0 52750204 214864 344160    0    0     0     0 32990 8320 100  0  0  0  0	
32  0      0 52750196 214864 344164    0    0     0     0 32983 8330 100  0  0  0  0	
32  0      0 52750204 214864 344168    0    0     0     0 32983 8324 100  0  0  0  0	
33  0      0 52750204 214864 344176    0    0     0     8 33000 8329 100  0  0  0  0	
32  0      0 52750204 214864 344180    0    0     0     0 32998 8331 100  0  0  0  0	
32  0      0 52750204 214864 344180    0    0     0     0 33014 8381 100  0  0  0  0	
32  0      0 52750212 214864 344184    0    0     0     0 32642 8868 98  0  2  0  0	
32  0      0 52750212 214864 344188    0    0     0     0 32682 8774 98  1  2  0  0	
32  0      0 52750212 214864 344192    0    0     0     0 33001 8324 100  0  0  0  0	
32  0      0 52750212 214864 344192    0    0     0    16 32977 8337 100  0  0  0  0	
33  0      0 52750212 214864 344196    0    0     0     0 33001 8330 100  0  0  0  0	
33  0      0 52750204 214864 344200    0    0     0     0 32982 8386 100  0  0  0  0	
32  0      0 52750204 214864 344204    0    0     0     0 32985 8321 100  0  0  0  0	
procs -----------memory---------- ---swap-- -----io---- --system-- -----cpu-----
 r  b   swpd   free   buff  cache   si   so    bi    bo   in   cs us sy id wa st
32  0      0 52750196 214864 344208    0    0     0     0 32985 8331 100  0  0  0  0	
32  0      0 52750072 214864 344212    0    0     0     0 32999 8329 100  0  0  0  0	
32  0      0 52750080 214864 344216    0    0     0     0 32975 8325 100  0  0  0  0	
32  0      0 52750080 214864 344216    0    0     0     0 32994 8345 100  0  0  0  0	
32  0      0 52750080 214864 344220    0    0     0     0 33048 8384 100  0  0  0  0	
32  0      0 52750204 214864 344224    0    0     0     0 32988 8331 100  0  0  0  0	
32  0      0 52750204 214864 344228    0    0     0     0 32975 8317 100  0  0  0  0	
32  0      0 52750204 214864 344228    0    0     0     0 33008 8331 100  0  0  0  0	
32  0      0 52750196 214864 344232    0    0     0     0 32978 8330 100  0  0  0  0	
32  0      0 52750196 214864 344240    0    0     0     0 32991 8329 100  0  0  0  0	
32  0      0 52749948 214864 344244    0    0     0     0 33008 8325 100  0  0  0  0	
32  0      0 52749948 214864 344244    0    0     0     0 33001 8327 100  0  0  0  0	
34  0      0 52749948 214864 344248    0    0     0     0 32976 8373 100  0  0  0  0	
32  0      0 52749960 214864 344252    0    0     0     0 32984 8335 100  0  0  0  0	
32  0      0 52749960 214864 344256    0    0     0     0 32991 8320 100  0  0  0  0	
32  0      0 52749960 214864 344256    0    0     0     0 32989 8344 100  0  0  0  0	
32  0      0 52749960 214864 344260    0    0     0     0 33011 8369 100  0  0  0  0	
32  0      0 52749960 214864 344264    0    0     0     0 32996 8321 100  0  0  0  0	
32  0      0 52749944 214864 344272    0    0     0     0 32976 8329 100  0  0  0  0	
32  0      0 52749944 214864 344272    0    0     0     0 32994 8315 100  0  0  0  0	
32  0      0 52749944 214864 344276    0    0     0     0 32988 8324 100  0  0  0  0	
procs -----------memory---------- ---swap-- -----io---- --system-- -----cpu-----
 r  b   swpd   free   buff  cache   si   so    bi    bo   in   cs us sy id wa st
32  0      0 52749952 214864 344280    0    0     0     0 33004 8319 100  0  0  0  0	
32  0      0 52749968 214864 344284    0    0     0     0 32974 8335 100  0  0  0  0	
32  0      0 52749968 214864 344284    0    0     0     0 32992 8332 100  0  0  0  0	
32  0      0 52749968 214864 344288    0    0     0     0 33006 8323 100  0  0  0  0	
32  0      0 52749968 214864 344292    0    0     0     0 32972 8317 100  0  0  0  0	
33  0      0 52749968 214864 344292    0    0     0     0 32990 8335 100  0  0  0  0	
33  0      0 52749968 214864 344296    0    0     0     0 33014 8387 100  0  0  0  0	
32  0      0 52749836 214864 344304    0    0     0    24 33003 8398 100  0  0  0  0	
32  0      0 52749960 214864 344308    0    0     0     0 32989 8329 100  0  0  0  0	
32  0      0 52749952 214864 344308    0    0     0    12 33003 8331 100  0  0  0  0	
32  0      0 52749952 214864 344312    0    0     0     0 32990 8324 100  0  0  0  0	
32  0      0 52749952 214864 344320    0    0     0     0 32988 8319 100  0  0  0  0	
32  0      0 52749960 214864 344324    0    0     0     0 32988 8327 100  0  0  0  0	
32  0      0 52749960 214864 344324    0    0     0     0 33020 8325 100  0  0  0  0	
32  0      0 52749960 214864 344328    0    0     0     0 32992 8329 100  0  0  0  0	
32  0      0 52749960 214864 344336    0    0     0     0 32989 8324 100  0  0  0  0	
32  0      0 52749960 214864 344340    0    0     0     0 33008 8324 100  0  0  0  0	
32  0      0 52749952 214864 344340    0    0     0     0 32967 8330 100  0  0  0  0	
32  0      0 52749952 214864 344344    0    0     0     0 32997 8344 100  0  0  0  0	
34  0      0 52749952 214864 344348    0    0     0     0 33009 8364 100  0  0  0  0	
33  0      0 52749952 214864 344352    0    0     0     0 33013 8389 100  0  0  0  0	
procs -----------memory---------- ---swap-- -----io---- --system-- -----cpu-----
 r  b   swpd   free   buff  cache   si   so    bi    bo   in   cs us sy id wa st
32  0      0 52750208 214864 344352    0    0     0     0 32990 8323 100  0  0  0  0	
32  0      0 52750208 214864 344356    0    0     0     0 32982 8434 100  0  0  0  0	
32  0      0 52750208 214864 344360    0    0     0     0 33004 8326 100  0  0  0  0	
32  0      0 52750208 214864 344364    0    0     0     0 32980 8322 100  0  0  0  0	
32  0      0 52750208 214864 344364    0    0     0     0 32981 8326 100  0  0  0  0	
32  0      0 52750208 214864 344372    0    0     0     0 32999 8318 100  0  0  0  0	
32  0      0 52750200 214864 344376    0    0     0     0 32979 8335 100  0  0  0  0	
32  0      0 52750208 214864 344376    0    0     0     0 32985 8318 100  0  0  0  0	
32  0      0 52750208 214864 344380    0    0     0     0 32985 8322 100  0  0  0  0	
32  0      0 52750208 214864 344384    0    0     0     0 33009 8336 100  0  0  0  0	
32  0      0 52750084 214864 344388    0    0     0     0 33001 8371 100  0  0  0  0	
33  0      0 52750092 214864 344388    0    0     0     0 32983 8323 100  0  0  0  0	
32  0      0 52750092 214864 344396    0    0     0     0 33007 8325 100  0  0  0  0	
33  0      0 52749968 214864 344400    0    0     0     0 32989 8387 100  0  0  0  0	
32  0      0 52749968 214864 344404    0    0     0     0 32976 8323 100  0  0  0  0	
32  0      0 52749968 214864 344404    0    0     0     0 33005 8310 100  0  0  0  0	
32  0      0 52749840 214864 344408    0    0     0     0 32985 8335 100  0  0  0  0	
32  0      0 52749840 214864 344412    0    0     0     0 32997 8324 100  0  0  0  0	
32  0      0 52749708 214864 344416    0    0     0     0 32985 8324 100  0  0  0  0	
32  0      0 52749708 214864 344416    0    0     0     0 32983 8325 100  0  0  0  0	
32  0      0 52749716 214864 344420    0    0     0     0 32981 8313 100  0  0  0  0	
procs -----------memory---------- ---swap-- -----io---- --system-- -----cpu-----
 r  b   swpd   free   buff  cache   si   so    bi    bo   in   cs us sy id wa st
32  0      0 52749716 214864 344424    0    0     0     0 33013 8346 100  0  0  0  0	
32  0      0 52749716 214864 344428    0    0     0     0 33028 8374 100  0  0  0  0	
32  0      0 52749716 214864 344428    0    0     0     0 32975 8325 100  0  0  0  0	
32  0      0 52749716 214864 344436    0    0     0     0 32982 8317 100  0  0  0  0	
32  0      0 52749716 214864 344440    0    0     0     0 32972 8325 100  0  0  0  0	
32  0      0 52749708 214864 344444    0    0     0     0 32985 8321 100  0  0  0  0	
32  0      0 52749708 214864 344444    0    0     0     0 33005 8325 100  0  0  0  0	
33  0      0 52749708 214864 344448    0    0     0     0 32982 8380 100  0  0  0  0	
32  0      0 52749708 214864 344456    0    0     0    16 32991 8335 100  0  0  0  0	
32  0      0 52749708 214864 344456    0    0     0     0 32979 8321 100  0  0  0  0	
32  0      0 52749716 214864 344460    0    0     0     0 33008 8333 100  0  0  0  0	
32  0      0 52749716 214864 344464    0    0     0     0 32976 8324 100  0  0  0  0	
32  0      0 52749716 214864 344468    0    0     0     0 32995 8332 100  0  0  0  0	
32  0      0 52749716 214864 344472    0    0     0     0 33017 8375 100  0  0  0  0	
32  0      0 52749716 214864 344476    0    0     0     0 32990 8325 100  0  0  0  0	
32  0      0 52749700 214864 344480    0    0     0     0 33002 8335 100  0  0  0  0	
32  0      0 52749576 214864 344484    0    0     0     0 32979 8321 100  0  0  0  0	
32  0      0 52749576 214864 344484    0    0     0     0 32978 8325 100  0  0  0  0	
32  0      0 52749584 214864 344488    0    0     0     0 33003 8323 100  0  0  0  0	
32  0      0 52749600 214864 344492    0    0     0     0 32977 8332 100  0  0  0  0	
33  0      0 52749600 214864 344496    0    0     0     0 32986 8347 100  0  0  0  0	
procs -----------memory---------- ---swap-- -----io---- --system-- -----cpu-----
 r  b   swpd   free   buff  cache   si   so    bi    bo   in   cs us sy id wa st
32  0      0 52749600 214864 344496    0    0     0    20 33010 8382 100  0  0  0  0	
32  0      0 52749600 214864 344500    0    0     0     0 32987 8323 100  0  0  0  0	
32  0      0 52749600 214864 344508    0    0     0     0 32979 8325 100  0  0  0  0	
32  0      0 52749600 214864 344512    0    0     0     0 33000 8333 100  0  0  0  0	
32  0      0 52749592 214864 344512    0    0     0     0 33019 8484 100  0  0  0  0	
32  0      0 52749592 214864 344520    0    0     0     0 33000 8332 100  0  0  0  0	
32  0      0 52749584 214864 344524    0    0     0     0 32985 8319 100  0  0  0  0	
32  0      0 52749584 214864 344528    0    0     0     0 33008 8325 100  0  0  0  0	
32  0      0 52749584 214864 344528    0    0     0     0 32971 8323 100  0  0  0  0	
32  0      0 52749592 214864 344532    0    0     0     0 32989 8328 100  0  0  0  0	
32  0      0 52749468 214864 344536    0    0     0     0 33029 8329 100  0  0  0  0	
32  0      0 52749468 214864 344536    0    0     0     0 33003 8336 100  0  0  0  0	
32  0      0 52749468 214864 344540    0    0     0     0 32988 8326 100  0  0  0  0	
32  0      0 52749468 214864 344544    0    0     0     0 33003 8324 100  0  0  0  0	
33  0      0 52749460 214864 344548    0    0     0     0 32979 8384 100  0  0  0  0	
32  0      0 52749460 214864 344548    0    0     0     0 32994 8347 100  0  0  0  0	
32  0      0 52749460 214864 344552    0    0     0     0 33026 8372 100  0  0  0  0	
32  0      0 52749460 214864 344556    0    0     0     0 33008 8325 100  0  0  0  0	
32  0      0 52749468 214864 344560    0    0     0     0 32967 8324 100  0  0  0  0	
33  0      0 52749348 214864 344560    0    0     0     0 32998 8324 100  0  0  0  0	
32  0      0 52749348 214864 344564    0    0     0     0 32992 8326 100  0  0  0  0	
procs -----------memory---------- ---swap-- -----io---- --system-- -----cpu-----
 r  b   swpd   free   buff  cache   si   so    bi    bo   in   cs us sy id wa st
32  0      0 52749348 214864 344572    0    0     0     8 32990 8325 100  0  0  0  0	
32  0      0 52749348 214864 344576    0    0     0     0 32986 8325 100  0  0  0  0	
32  0      0 52749348 214864 344580    0    0     0     0 32994 8317 100  0  0  0  0	
32  0      0 52749340 214864 344584    0    0     0    16 32984 8342 100  0  0  0  0	
32  0      0 52749224 214864 344588    0    0     0     0 32986 8323 100  0  0  0  0	
32  0      0 52749224 214864 344592    0    0     0     0 33001 8326 100  0  0  0  0	
32  0      0 52749224 214864 344592    0    0     0     0 32998 8342 100  0  0  0  0	
33  0      0 52749224 214864 344596    0    0     0     0 32995 8394 100  0  0  0  0	
33  0      0 52749480 214864 344600    0    0     0     0 33005 8361 100  0  0  0  0	
32  0      0 52749480 214864 344604    0    0     0     0 32982 8326 100  0  0  0  0	
32  0      0 52749480 214864 344604    0    0     0     0 32987 8325 100  0  0  0  0	
32  0      0 52749480 214864 344608    0    0     0     0 33003 8330 100  0  0  0  0	
32  0      0 52749480 214864 344612    0    0     0     0 32991 8327 100  0  0  0  0	
32  0      0 52749472 214864 344612    0    0     0     0 32970 8330 100  0  0  0  0	
32  0      0 52749472 214864 344616    0    0     0     0 32994 8326 100  0  0  0  0	
32  0      0 52749464 214864 344624    0    0     0     0 32984 8320 100  0  0  0  0	
32  0      0 52749464 214864 344628    0    0     0     0 32701 8827 98  0  2  0  0	
32  0      0 52749472 214864 344628    0    0     0     0 32964 8322 100  0  0  0  0	
32  0      0 52749472 214864 344632    0    0     0     0 33022 8353 100  0  0  0  0	
32  0      0 52749472 214864 344640    0    0     0     0 33028 8376 100  0  0  0  0	
32  0      0 52749472 214864 344648    0    0     0     0 33001 8330 100  0  0  0  0	
procs -----------memory---------- ---swap-- -----io---- --system-- -----cpu-----
 r  b   swpd   free   buff  cache   si   so    bi    bo   in   cs us sy id wa st
32  0      0 52749472 214864 344648    0    0     0     0 32982 8351 100  0  0  0  0	
33  0      0 52749472 214864 344652    0    0     0     0 32997 8363 100  0  0  0  0	
32  0      0 52749344 214864 344656    0    0     0     0 32981 8329 100  0  0  0  0	
32  0      0 52749344 214864 344660    0    0     0     0 32983 8337 100  0  0  0  0	
32  0      0 52749344 214864 344660    0    0     0     0 32991 8320 100  0  0  0  0	
32  0      0 52749344 214864 344664    0    0     0     0 33003 8323 100  0  0  0  0	
32  0      0 52749344 214864 344668    0    0     0     0 32978 8321 100  0  0  0  0	
32  0      0 52749352 214864 344672    0    0     0     0 32984 8326 100  0  0  0  0	
32  0      0 52749476 214864 344672    0    0     0     0 32990 8323 100  0  0  0  0	
32  0      0 52749476 214864 344676    0    0     0     0 33011 8357 100  0  0  0  0	
32  0      0 52749352 214864 344680    0    0     0     0 32990 8361 100  0  0  0  0	
32  0      0 52749352 214864 344680    0    0     0     0 33002 8317 100  0  0  0  0	
32  0      0 52749336 214864 344684    0    0     0     0 33018 8329 100  0  0  0  0	
32  0      0 52749336 214864 344688    0    0     0     0 32974 8320 100  0  0  0  0	
33  0      0 52749336 214864 344692    0    0     0     4 32985 8362 100  0  0  0  0	
32  0      0 52749344 214864 344692    0    0     0     0 33002 8348 100  0  0  0  0	
32  0      0 52749360 214864 344700    0    0     0     0 32983 8333 100  0  0  0  0	
