Linux 2.6.32-279.14.1.el6.x86_64 (compute-641-14.local) 	04/20/20 	_x86_64_	(32 CPU)

19:22:42     CPU    %usr   %nice    %sys %iowait    %irq   %soft  %steal  %guest   %idle
19:22:43     all   86.69    0.00    2.62    0.00    0.00    0.00    0.00    0.00   10.69
19:22:43       0   95.05    0.00    3.96    0.00    0.00    0.00    0.00    0.00    0.99
19:22:43       1    9.09    0.00    0.00    0.00    0.00    0.00    0.00    0.00   90.91
19:22:43       2    0.00    0.00    0.00    0.00    0.00    0.00    0.00    0.00  100.00
19:22:43       3   95.05    0.00    3.96    0.00    0.00    0.00    0.00    0.00    0.99
19:22:43       4   96.00    0.00    3.00    0.00    0.00    0.00    0.00    0.00    1.00
19:22:43       5   96.97    0.00    2.02    0.00    0.00    0.00    0.00    0.00    1.01
19:22:43       6   87.00    0.00    2.00    0.00    0.00    0.00    0.00    0.00   11.00
19:22:43       7    1.01    0.00    0.00    0.00    0.00    0.00    0.00    0.00   98.99
19:22:43       8   96.00    0.00    3.00    0.00    0.00    0.00    0.00    0.00    1.00
19:22:43       9   96.00    0.00    3.00    0.00    0.00    0.00    0.00    0.00    1.00
19:22:43      10   97.00    0.00    2.00    0.00    0.00    0.00    0.00    0.00    1.00
19:22:43      11   95.00    0.00    4.00    0.00    0.00    0.00    0.00    0.00    1.00
19:22:43      12   94.06    0.00    3.96    0.00    0.00    0.00    0.00    0.00    1.98
19:22:43      13   96.00    0.00    2.00    0.00    0.00    0.00    0.00    0.00    2.00
19:22:43      14   96.97    0.00    2.02    0.00    0.00    0.00    0.00    0.00    1.01
19:22:43      15   95.05    0.00    2.97    0.00    0.00    0.00    0.00    0.00    1.98
19:22:43      16   96.00    0.00    3.00    0.00    0.00    0.00    0.00    0.00    1.00
19:22:43      17   96.97    0.00    2.02    0.00    0.00    0.00    0.00    0.00    1.01
19:22:43      18   95.00    0.00    4.00    0.00    0.00    0.00    0.00    0.00    1.00
19:22:43      19   98.00    0.00    2.00    0.00    0.00    0.00    0.00    0.00    0.00
19:22:43      20   96.97    0.00    3.03    0.00    0.00    0.00    0.00    0.00    0.00
19:22:43      21   84.16    0.00    3.96    0.00    0.00    0.00    0.00    0.00   11.88
19:22:43      22   94.12    0.00    3.92    0.00    0.00    0.00    0.00    0.00    1.96
19:22:43      23   95.05    0.00    2.97    0.00    0.00    0.00    0.00    0.00    1.98
19:22:43      24   95.05    0.00    3.96    0.00    0.00    0.00    0.00    0.00    0.99
19:22:43      25   95.96    0.00    3.03    0.00    0.00    0.00    0.00    0.00    1.01
19:22:43      26   97.00    0.00    2.00    0.00    0.00    0.00    0.00    0.00    1.00
19:22:43      27   97.00    0.00    2.00    0.00    0.00    0.00    0.00    0.00    1.00
19:22:43      28   96.04    0.00    2.97    0.00    0.00    0.00    0.00    0.00    0.99
19:22:43      29   94.95    0.00    4.04    0.00    0.00    0.00    0.00    0.00    1.01
19:22:43      30   95.96    0.00    3.03    0.00    0.00    0.00    0.00    0.00    1.01
19:22:43      31   95.96    0.00    3.03    0.00    0.00    0.00    0.00    0.00    1.01

19:22:43     CPU    %usr   %nice    %sys %iowait    %irq   %soft  %steal  %guest   %idle
19:22:44     all   90.44    0.00    2.00    0.00    0.00    0.00    0.00    0.00    7.56
19:22:44       0   98.00    0.00    2.00    0.00    0.00    0.00    0.00    0.00    0.00
19:22:44       1   56.44    0.00    0.99    0.00    0.00    0.00    0.00    0.00   42.57
19:22:44       2    0.00    0.00    0.00    0.00    0.00    0.00    0.00    0.00  100.00
19:22:44       3   97.98    0.00    2.02    0.00    0.00    0.00    0.00    0.00    0.00
19:22:44       4   98.00    0.00    2.00    0.00    0.00    0.00    0.00    0.00    0.00
19:22:44       5   97.00    0.00    3.00    0.00    0.00    0.00    0.00    0.00    0.00
19:22:44       6   97.00    0.00    3.00    0.00    0.00    0.00    0.00    0.00    0.00
19:22:44       7    0.00    0.00    0.00    0.00    0.00    0.00    0.00    0.00  100.00
19:22:44       8   99.00    0.00    1.00    0.00    0.00    0.00    0.00    0.00    0.00
19:22:44       9   98.99    0.00    1.01    0.00    0.00    0.00    0.00    0.00    0.00
19:22:44      10   97.98    0.00    2.02    0.00    0.00    0.00    0.00    0.00    0.00
19:22:44      11   97.98    0.00    2.02    0.00    0.00    0.00    0.00    0.00    0.00
19:22:44      12   98.00    0.00    2.00    0.00    0.00    0.00    0.00    0.00    0.00
19:22:44      13   99.00    0.00    1.00    0.00    0.00    0.00    0.00    0.00    0.00
19:22:44      14   97.03    0.00    2.97    0.00    0.00    0.00    0.00    0.00    0.00
19:22:44      15   97.00    0.00    3.00    0.00    0.00    0.00    0.00    0.00    0.00
19:22:44      16   98.00    0.00    2.00    0.00    0.00    0.00    0.00    0.00    0.00
19:22:44      17   97.00    0.00    3.00    0.00    0.00    0.00    0.00    0.00    0.00
19:22:44      18   98.00    0.00    2.00    0.00    0.00    0.00    0.00    0.00    0.00
19:22:44      19  100.00    0.00    0.00    0.00    0.00    0.00    0.00    0.00    0.00
19:22:44      20   98.00    0.00    2.00    0.00    0.00    0.00    0.00    0.00    0.00
19:22:44      21   99.00    0.00    1.00    0.00    0.00    0.00    0.00    0.00    0.00
19:22:44      22   98.00    0.00    2.00    0.00    0.00    0.00    0.00    0.00    0.00
19:22:44      23   98.00    0.00    2.00    0.00    0.00    0.00    0.00    0.00    0.00
19:22:44      24   97.98    0.00    2.02    0.00    0.00    0.00    0.00    0.00    0.00
19:22:44      25   98.02    0.00    1.98    0.00    0.00    0.00    0.00    0.00    0.00
19:22:44      26   96.04    0.00    3.96    0.00    0.00    0.00    0.00    0.00    0.00
19:22:44      27   97.98    0.00    2.02    0.00    0.00    0.00    0.00    0.00    0.00
19:22:44      28   97.98    0.00    2.02    0.00    0.00    0.00    0.00    0.00    0.00
19:22:44      29   98.00    0.00    2.00    0.00    0.00    0.00    0.00    0.00    0.00
19:22:44      30   98.00    0.00    2.00    0.00    0.00    0.00    0.00    0.00    0.00
19:22:44      31   99.00    0.00    1.00    0.00    0.00    0.00    0.00    0.00    0.00

19:22:44     CPU    %usr   %nice    %sys %iowait    %irq   %soft  %steal  %guest   %idle
19:22:45     all   91.65    0.00    2.13    0.00    0.00    0.00    0.00    0.00    6.22
19:22:45       0   98.99    0.00    1.01    0.00    0.00    0.00    0.00    0.00    0.00
19:22:45       1   99.00    0.00    1.00    0.00    0.00    0.00    0.00    0.00    0.00
19:22:45       2    0.00    0.00    0.00    0.00    0.00    0.00    0.00    0.00  100.00
19:22:45       3   98.00    0.00    2.00    0.00    0.00    0.00    0.00    0.00    0.00
19:22:45       4   97.00    0.00    3.00    0.00    0.00    0.00    0.00    0.00    0.00
19:22:45       5   97.03    0.00    2.97    0.00    0.00    0.00    0.00    0.00    0.00
19:22:45       6   97.00    0.00    3.00    0.00    0.00    0.00    0.00    0.00    0.00
19:22:45       7    0.00    0.00    0.00    0.00    0.00    0.00    0.00    0.00  100.00
19:22:45       8   98.00    0.00    2.00    0.00    0.00    0.00    0.00    0.00    0.00
19:22:45       9   97.03    0.00    2.97    0.00    0.00    0.00    0.00    0.00    0.00
19:22:45      10   98.02    0.00    1.98    0.00    0.00    0.00    0.00    0.00    0.00
19:22:45      11   97.00    0.00    3.00    0.00    0.00    0.00    0.00    0.00    0.00
19:22:45      12   97.00    0.00    3.00    0.00    0.00    0.00    0.00    0.00    0.00
19:22:45      13   98.00    0.00    2.00    0.00    0.00    0.00    0.00    0.00    0.00
19:22:45      14   97.98    0.00    2.02    0.00    0.00    0.00    0.00    0.00    0.00
19:22:45      15   97.98    0.00    2.02    0.00    0.00    0.00    0.00    0.00    0.00
19:22:45      16   97.00    0.00    3.00    0.00    0.00    0.00    0.00    0.00    0.00
19:22:45      17   97.00    0.00    3.00    0.00    0.00    0.00    0.00    0.00    0.00
19:22:45      18   98.00    0.00    2.00    0.00    0.00    0.00    0.00    0.00    0.00
19:22:45      19  100.00    0.00    0.00    0.00    0.00    0.00    0.00    0.00    0.00
19:22:45      20   97.98    0.00    2.02    0.00    0.00    0.00    0.00    0.00    0.00
19:22:45      21   97.00    0.00    3.00    0.00    0.00    0.00    0.00    0.00    0.00
19:22:45      22   97.00    0.00    3.00    0.00    0.00    0.00    0.00    0.00    0.00
19:22:45      23   98.00    0.00    2.00    0.00    0.00    0.00    0.00    0.00    0.00
19:22:45      24   97.00    0.00    3.00    0.00    0.00    0.00    0.00    0.00    0.00
19:22:45      25   97.98    0.00    2.02    0.00    0.00    0.00    0.00    0.00    0.00
19:22:45      26   97.98    0.00    2.02    0.00    0.00    0.00    0.00    0.00    0.00
19:22:45      27   97.00    0.00    3.00    0.00    0.00    0.00    0.00    0.00    0.00
19:22:45      28   98.00    0.00    2.00    0.00    0.00    0.00    0.00    0.00    0.00
19:22:45      29   98.00    0.00    2.00    0.00    0.00    0.00    0.00    0.00    0.00
19:22:45      30   97.00    0.00    3.00    0.00    0.00    0.00    0.00    0.00    0.00
19:22:45      31   98.00    0.00    2.00    0.00    0.00    0.00    0.00    0.00    0.00

19:22:45     CPU    %usr   %nice    %sys %iowait    %irq   %soft  %steal  %guest   %idle
19:22:46     all   91.59    0.00    2.19    0.00    0.00    0.00    0.00    0.00    6.22
19:22:46       0   98.00    0.00    2.00    0.00    0.00    0.00    0.00    0.00    0.00
19:22:46       1   98.00    0.00    2.00    0.00    0.00    0.00    0.00    0.00    0.00
19:22:46       2    0.00    0.00    1.00    0.00    0.00    0.00    0.00    0.00   99.00
19:22:46       3   97.00    0.00    3.00    0.00    0.00    0.00    0.00    0.00    0.00
19:22:46       4   97.00    0.00    2.00    0.00    0.00    0.00    0.00    0.00    1.00
19:22:46       5   25.00    0.00    1.00    0.00    0.00    0.00    0.00    0.00   74.00
19:22:46       6   98.00    0.00    2.00    0.00    0.00    0.00    0.00    0.00    0.00
19:22:46       7   75.00    0.00    0.00    0.00    0.00    0.00    0.00    0.00   25.00
19:22:46       8   98.00    0.00    2.00    0.00    0.00    0.00    0.00    0.00    0.00
19:22:46       9   98.00    0.00    2.00    0.00    0.00    0.00    0.00    0.00    0.00
19:22:46      10   97.00    0.00    3.00    0.00    0.00    0.00    0.00    0.00    0.00
19:22:46      11   98.00    0.00    2.00    0.00    0.00    0.00    0.00    0.00    0.00
19:22:46      12   96.97    0.00    3.03    0.00    0.00    0.00    0.00    0.00    0.00
19:22:46      13   96.00    0.00    4.00    0.00    0.00    0.00    0.00    0.00    0.00
19:22:46      14   97.03    0.00    2.97    0.00    0.00    0.00    0.00    0.00    0.00
19:22:46      15   98.02    0.00    1.98    0.00    0.00    0.00    0.00    0.00    0.00
19:22:46      16   97.00    0.00    3.00    0.00    0.00    0.00    0.00    0.00    0.00
19:22:46      17   98.00    0.00    2.00    0.00    0.00    0.00    0.00    0.00    0.00
19:22:46      18   97.00    0.00    3.00    0.00    0.00    0.00    0.00    0.00    0.00
19:22:46      19   97.03    0.00    1.98    0.00    0.00    0.00    0.00    0.00    0.99
19:22:46      20   97.00    0.00    3.00    0.00    0.00    0.00    0.00    0.00    0.00
19:22:46      21   97.00    0.00    3.00    0.00    0.00    0.00    0.00    0.00    0.00
19:22:46      22   97.98    0.00    2.02    0.00    0.00    0.00    0.00    0.00    0.00
19:22:46      23   98.00    0.00    2.00    0.00    0.00    0.00    0.00    0.00    0.00
19:22:46      24   97.00    0.00    3.00    0.00    0.00    0.00    0.00    0.00    0.00
19:22:46      25   98.02    0.00    1.98    0.00    0.00    0.00    0.00    0.00    0.00
19:22:46      26   97.00    0.00    3.00    0.00    0.00    0.00    0.00    0.00    0.00
19:22:46      27   98.02    0.00    1.98    0.00    0.00    0.00    0.00    0.00    0.00
19:22:46      28   98.02    0.00    1.98    0.00    0.00    0.00    0.00    0.00    0.00
19:22:46      29   97.00    0.00    3.00    0.00    0.00    0.00    0.00    0.00    0.00
19:22:46      30   99.00    0.00    1.00    0.00    0.00    0.00    0.00    0.00    0.00
19:22:46      31   98.00    0.00    2.00    0.00    0.00    0.00    0.00    0.00    0.00

19:22:46     CPU    %usr   %nice    %sys %iowait    %irq   %soft  %steal  %guest   %idle
19:22:47     all   91.68    0.00    2.10    0.00    0.00    0.00    0.00    0.00    6.22
19:22:47       0   97.00    0.00    3.00    0.00    0.00    0.00    0.00    0.00    0.00
19:22:47       1   99.00    0.00    1.00    0.00    0.00    0.00    0.00    0.00    0.00
19:22:47       2    0.99    0.00    0.00    0.00    0.00    0.00    0.00    0.00   99.01
19:22:47       3   97.00    0.00    3.00    0.00    0.00    0.00    0.00    0.00    0.00
19:22:47       4   98.00    0.00    2.00    0.00    0.00    0.00    0.00    0.00    0.00
19:22:47       5    0.00    0.00    0.00    0.00    0.00    0.00    0.00    0.00  100.00
19:22:47       6   98.00    0.00    2.00    0.00    0.00    0.00    0.00    0.00    0.00
19:22:47       7  100.00    0.00    0.00    0.00    0.00    0.00    0.00    0.00    0.00
19:22:47       8   98.00    0.00    2.00    0.00    0.00    0.00    0.00    0.00    0.00
19:22:47       9   98.00    0.00    2.00    0.00    0.00    0.00    0.00    0.00    0.00
19:22:47      10   98.00    0.00    2.00    0.00    0.00    0.00    0.00    0.00    0.00
19:22:47      11   97.00    0.00    3.00    0.00    0.00    0.00    0.00    0.00    0.00
19:22:47      12   97.00    0.00    3.00    0.00    0.00    0.00    0.00    0.00    0.00
19:22:47      13   98.00    0.00    2.00    0.00    0.00    0.00    0.00    0.00    0.00
19:22:47      14   97.00    0.00    3.00    0.00    0.00    0.00    0.00    0.00    0.00
19:22:47      15   98.99    0.00    1.01    0.00    0.00    0.00    0.00    0.00    0.00
19:22:47      16   97.00    0.00    3.00    0.00    0.00    0.00    0.00    0.00    0.00
19:22:47      17   97.00    0.00    3.00    0.00    0.00    0.00    0.00    0.00    0.00
19:22:47      18   97.00    0.00    3.00    0.00    0.00    0.00    0.00    0.00    0.00
19:22:47      19   97.00    0.00    3.00    0.00    0.00    0.00    0.00    0.00    0.00
19:22:47      20   98.02    0.00    1.98    0.00    0.00    0.00    0.00    0.00    0.00
19:22:47      21   98.00    0.00    2.00    0.00    0.00    0.00    0.00    0.00    0.00
19:22:47      22   97.03    0.00    2.97    0.00    0.00    0.00    0.00    0.00    0.00
19:22:47      23   99.00    0.00    1.00    0.00    0.00    0.00    0.00    0.00    0.00
19:22:47      24   97.00    0.00    3.00    0.00    0.00    0.00    0.00    0.00    0.00
19:22:47      25   98.00    0.00    2.00    0.00    0.00    0.00    0.00    0.00    0.00
19:22:47      26   97.00    0.00    3.00    0.00    0.00    0.00    0.00    0.00    0.00
19:22:47      27   98.99    0.00    1.01    0.00    0.00    0.00    0.00    0.00    0.00
19:22:47      28   98.99    0.00    1.01    0.00    0.00    0.00    0.00    0.00    0.00
19:22:47      29   97.00    0.00    3.00    0.00    0.00    0.00    0.00    0.00    0.00
19:22:47      30   97.00    0.00    3.00    0.00    0.00    0.00    0.00    0.00    0.00
19:22:47      31   98.02    0.00    1.98    0.00    0.00    0.00    0.00    0.00    0.00

19:22:47     CPU    %usr   %nice    %sys %iowait    %irq   %soft  %steal  %guest   %idle
19:22:48     all   91.69    0.00    2.06    0.00    0.00    0.00    0.00    0.00    6.25
19:22:48       0   97.00    0.00    3.00    0.00    0.00    0.00    0.00    0.00    0.00
19:22:48       1   98.00    0.00    2.00    0.00    0.00    0.00    0.00    0.00    0.00
19:22:48       2   70.71    0.00    2.02    0.00    0.00    0.00    0.00    0.00   27.27
19:22:48       3   98.00    0.00    2.00    0.00    0.00    0.00    0.00    0.00    0.00
19:22:48       4   49.00    0.00    2.00    0.00    0.00    0.00    0.00    0.00   49.00
19:22:48       5    0.00    0.00    0.00    0.00    0.00    0.00    0.00    0.00  100.00
19:22:48       6   97.00    0.00    3.00    0.00    0.00    0.00    0.00    0.00    0.00
19:22:48       7  100.00    0.00    0.00    0.00    0.00    0.00    0.00    0.00    0.00
19:22:48       8   99.00    0.00    1.00    0.00    0.00    0.00    0.00    0.00    0.00
19:22:48       9   98.00    0.00    2.00    0.00    0.00    0.00    0.00    0.00    0.00
19:22:48      10   98.00    0.00    2.00    0.00    0.00    0.00    0.00    0.00    0.00
19:22:48      11   97.00    0.00    3.00    0.00    0.00    0.00    0.00    0.00    0.00
19:22:48      12   97.03    0.00    2.97    0.00    0.00    0.00    0.00    0.00    0.00
19:22:48      13   98.00    0.00    2.00    0.00    0.00    0.00    0.00    0.00    0.00
19:22:48      14   98.99    0.00    1.01    0.00    0.00    0.00    0.00    0.00    0.00
19:22:48      15   98.02    0.00    1.98    0.00    0.00    0.00    0.00    0.00    0.00
19:22:48      16   97.98    0.00    2.02    0.00    0.00    0.00    0.00    0.00    0.00
19:22:48      17   98.00    0.00    2.00    0.00    0.00    0.00    0.00    0.00    0.00
19:22:48      18   98.00    0.00    2.00    0.00    0.00    0.00    0.00    0.00    0.00
19:22:48      19   74.00    0.00    3.00    0.00    0.00    0.00    0.00    0.00   23.00
19:22:48      20   97.00    0.00    3.00    0.00    0.00    0.00    0.00    0.00    0.00
19:22:48      21   97.00    0.00    3.00    0.00    0.00    0.00    0.00    0.00    0.00
19:22:48      22   97.00    0.00    3.00    0.00    0.00    0.00    0.00    0.00    0.00
19:22:48      23   99.00    0.00    1.00    0.00    0.00    0.00    0.00    0.00    0.00
19:22:48      24   98.00    0.00    2.00    0.00    0.00    0.00    0.00    0.00    0.00
19:22:48      25   98.00    0.00    2.00    0.00    0.00    0.00    0.00    0.00    0.00
19:22:48      26   97.00    0.00    3.00    0.00    0.00    0.00    0.00    0.00    0.00
19:22:48      27   98.00    0.00    2.00    0.00    0.00    0.00    0.00    0.00    0.00
19:22:48      28   98.02    0.00    1.98    0.00    0.00    0.00    0.00    0.00    0.00
19:22:48      29   98.00    0.00    2.00    0.00    0.00    0.00    0.00    0.00    0.00
19:22:48      30   98.00    0.00    2.00    0.00    0.00    0.00    0.00    0.00    0.00
19:22:48      31   98.00    0.00    2.00    0.00    0.00    0.00    0.00    0.00    0.00

19:22:48     CPU    %usr   %nice    %sys %iowait    %irq   %soft  %steal  %guest   %idle
19:22:49     all   91.69    0.00    2.06    0.00    0.00    0.00    0.00    0.00    6.25
19:22:49       0   98.00    0.00    2.00    0.00    0.00    0.00    0.00    0.00    0.00
19:22:49       1   98.00    0.00    2.00    0.00    0.00    0.00    0.00    0.00    0.00
19:22:49       2   98.00    0.00    2.00    0.00    0.00    0.00    0.00    0.00    0.00
19:22:49       3   97.00    0.00    3.00    0.00    0.00    0.00    0.00    0.00    0.00
19:22:49       4   60.61    0.00    1.01    0.00    0.00    0.00    0.00    0.00   38.38
19:22:49       5    0.00    0.00    0.00    0.00    0.00    0.00    0.00    0.00  100.00
19:22:49       6   98.00    0.00    2.00    0.00    0.00    0.00    0.00    0.00    0.00
19:22:49       7  100.00    0.00    0.00    0.00    0.00    0.00    0.00    0.00    0.00
19:22:49       8   98.00    0.00    2.00    0.00    0.00    0.00    0.00    0.00    0.00
19:22:49       9   98.00    0.00    2.00    0.00    0.00    0.00    0.00    0.00    0.00
19:22:49      10   97.00    0.00    3.00    0.00    0.00    0.00    0.00    0.00    0.00
19:22:49      11   98.00    0.00    2.00    0.00    0.00    0.00    0.00    0.00    0.00
19:22:49      12   96.97    0.00    3.03    0.00    0.00    0.00    0.00    0.00    0.00
19:22:49      13   98.00    0.00    2.00    0.00    0.00    0.00    0.00    0.00    0.00
19:22:49      14   98.00    0.00    2.00    0.00    0.00    0.00    0.00    0.00    0.00
19:22:49      15   98.99    0.00    1.01    0.00    0.00    0.00    0.00    0.00    0.00
19:22:49      16   98.02    0.00    1.98    0.00    0.00    0.00    0.00    0.00    0.00
19:22:49      17   97.00    0.00    3.00    0.00    0.00    0.00    0.00    0.00    0.00
19:22:49      18   99.00    0.00    1.00    0.00    0.00    0.00    0.00    0.00    0.00
19:22:49      19   37.00    0.00    1.00    0.00    0.00    0.00    0.00    0.00   62.00
19:22:49      20   97.00    0.00    3.00    0.00    0.00    0.00    0.00    0.00    0.00
19:22:49      21   96.97    0.00    3.03    0.00    0.00    0.00    0.00    0.00    0.00
19:22:49      22   97.98    0.00    2.02    0.00    0.00    0.00    0.00    0.00    0.00
19:22:49      23   99.00    0.00    1.00    0.00    0.00    0.00    0.00    0.00    0.00
19:22:49      24   97.00    0.00    3.00    0.00    0.00    0.00    0.00    0.00    0.00
19:22:49      25   98.00    0.00    2.00    0.00    0.00    0.00    0.00    0.00    0.00
19:22:49      26   97.00    0.00    3.00    0.00    0.00    0.00    0.00    0.00    0.00
19:22:49      27   98.00    0.00    2.00    0.00    0.00    0.00    0.00    0.00    0.00
19:22:49      28   98.99    0.00    1.01    0.00    0.00    0.00    0.00    0.00    0.00
19:22:49      29   96.00    0.00    4.00    0.00    0.00    0.00    0.00    0.00    0.00
19:22:49      30   97.00    0.00    3.00    0.00    0.00    0.00    0.00    0.00    0.00
19:22:49      31   98.00    0.00    2.00    0.00    0.00    0.00    0.00    0.00    0.00

19:22:49     CPU    %usr   %nice    %sys %iowait    %irq   %soft  %steal  %guest   %idle
19:22:50     all   91.50    0.00    2.28    0.00    0.00    0.00    0.00    0.00    6.22
19:22:50       0   98.00    0.00    2.00    0.00    0.00    0.00    0.00    0.00    0.00
19:22:50       1   98.00    0.00    2.00    0.00    0.00    0.00    0.00    0.00    0.00
19:22:50       2   97.00    0.00    3.00    0.00    0.00    0.00    0.00    0.00    0.00
19:22:50       3   97.00    0.00    3.00    0.00    0.00    0.00    0.00    0.00    0.00
19:22:50       4   60.40    0.00    0.99    0.00    0.00    0.00    0.00    0.00   38.61
19:22:50       5    0.00    0.00    0.00    0.00    0.00    0.00    0.00    0.00  100.00
19:22:50       6   97.98    0.00    2.02    0.00    0.00    0.00    0.00    0.00    0.00
19:22:50       7   99.00    0.00    1.00    0.00    0.00    0.00    0.00    0.00    0.00
19:22:50       8   97.00    0.00    3.00    0.00    0.00    0.00    0.00    0.00    0.00
19:22:50       9   98.00    0.00    2.00    0.00    0.00    0.00    0.00    0.00    0.00
19:22:50      10   98.00    0.00    2.00    0.00    0.00    0.00    0.00    0.00    0.00
19:22:50      11   98.00    0.00    2.00    0.00    0.00    0.00    0.00    0.00    0.00
19:22:50      12   98.02    0.00    1.98    0.00    0.00    0.00    0.00    0.00    0.00
19:22:50      13   96.00    0.00    4.00    0.00    0.00    0.00    0.00    0.00    0.00
19:22:50      14   97.00    0.00    3.00    0.00    0.00    0.00    0.00    0.00    0.00
19:22:50      15   98.00    0.00    2.00    0.00    0.00    0.00    0.00    0.00    0.00
19:22:50      16   98.00    0.00    2.00    0.00    0.00    0.00    0.00    0.00    0.00
19:22:50      17   97.00    0.00    3.00    0.00    0.00    0.00    0.00    0.00    0.00
19:22:50      18   98.99    0.00    1.01    0.00    0.00    0.00    0.00    0.00    0.00
19:22:50      19   37.37    0.00    1.01    0.00    0.00    0.00    0.00    0.00   61.62
19:22:50      20   97.98    0.00    2.02    0.00    0.00    0.00    0.00    0.00    0.00
19:22:50      21   97.03    0.00    2.97    0.00    0.00    0.00    0.00    0.00    0.00
19:22:50      22   97.00    0.00    3.00    0.00    0.00    0.00    0.00    0.00    0.00
19:22:50      23   98.00    0.00    2.00    0.00    0.00    0.00    0.00    0.00    0.00
19:22:50      24   97.00    0.00    3.00    0.00    0.00    0.00    0.00    0.00    0.00
19:22:50      25   98.99    0.00    1.01    0.00    0.00    0.00    0.00    0.00    0.00
19:22:50      26   98.00    0.00    2.00    0.00    0.00    0.00    0.00    0.00    0.00
19:22:50      27   97.03    0.00    2.97    0.00    0.00    0.00    0.00    0.00    0.00
19:22:50      28   98.00    0.00    2.00    0.00    0.00    0.00    0.00    0.00    0.00
19:22:50      29   97.00    0.00    3.00    0.00    0.00    0.00    0.00    0.00    0.00
19:22:50      30   98.00    0.00    2.00    0.00    0.00    0.00    0.00    0.00    0.00
19:22:50      31   97.00    0.00    3.00    0.00    0.00    0.00    0.00    0.00    0.00

19:22:50     CPU    %usr   %nice    %sys %iowait    %irq   %soft  %steal  %guest   %idle
19:22:51     all   91.53    0.00    2.28    0.00    0.00    0.00    0.00    0.00    6.19
19:22:51       0   97.00    0.00    3.00    0.00    0.00    0.00    0.00    0.00    0.00
19:22:51       1   98.00    0.00    2.00    0.00    0.00    0.00    0.00    0.00    0.00
19:22:51       2   97.00    0.00    3.00    0.00    0.00    0.00    0.00    0.00    0.00
19:22:51       3   97.00    0.00    3.00    0.00    0.00    0.00    0.00    0.00    0.00
19:22:51       4   48.00    0.00    2.00    0.00    0.00    0.00    0.00    0.00   50.00
19:22:51       5    0.00    0.00    0.00    0.00    0.00    0.00    0.00    0.00  100.00
19:22:51       6   97.03    0.00    2.97    0.00    0.00    0.00    0.00    0.00    0.00
19:22:51       7  100.00    0.00    0.00    0.00    0.00    0.00    0.00    0.00    0.00
19:22:51       8   98.00    0.00    2.00    0.00    0.00    0.00    0.00    0.00    0.00
19:22:51       9   97.98    0.00    2.02    0.00    0.00    0.00    0.00    0.00    0.00
19:22:51      10   98.00    0.00    2.00    0.00    0.00    0.00    0.00    0.00    0.00
19:22:51      11   98.00    0.00    2.00    0.00    0.00    0.00    0.00    0.00    0.00
19:22:51      12   98.00    0.00    2.00    0.00    0.00    0.00    0.00    0.00    0.00
19:22:51      13   97.98    0.00    2.02    0.00    0.00    0.00    0.00    0.00    0.00
19:22:51      14   97.00    0.00    3.00    0.00    0.00    0.00    0.00    0.00    0.00
19:22:51      15   97.00    0.00    3.00    0.00    0.00    0.00    0.00    0.00    0.00
19:22:51      16   97.00    0.00    3.00    0.00    0.00    0.00    0.00    0.00    0.00
19:22:51      17   97.00    0.00    3.00    0.00    0.00    0.00    0.00    0.00    0.00
19:22:51      18   98.02    0.00    1.98    0.00    0.00    0.00    0.00    0.00    0.00
19:22:51      19   49.50    0.00    1.98    0.00    0.00    0.00    0.00    0.00   48.51
19:22:51      20   97.03    0.00    2.97    0.00    0.00    0.00    0.00    0.00    0.00
19:22:51      21   95.00    0.00    5.00    0.00    0.00    0.00    0.00    0.00    0.00
19:22:51      22   98.00    0.00    2.00    0.00    0.00    0.00    0.00    0.00    0.00
19:22:51      23   99.00    0.00    1.00    0.00    0.00    0.00    0.00    0.00    0.00
19:22:51      24   97.03    0.00    2.97    0.00    0.00    0.00    0.00    0.00    0.00
19:22:51      25   96.00    0.00    4.00    0.00    0.00    0.00    0.00    0.00    0.00
19:22:51      26   98.00    0.00    2.00    0.00    0.00    0.00    0.00    0.00    0.00
19:22:51      27   97.98    0.00    2.02    0.00    0.00    0.00    0.00    0.00    0.00
19:22:51      28   99.00    0.00    1.00    0.00    0.00    0.00    0.00    0.00    0.00
19:22:51      29   98.00    0.00    2.00    0.00    0.00    0.00    0.00    0.00    0.00
19:22:51      30   97.00    0.00    3.00    0.00    0.00    0.00    0.00    0.00    0.00
19:22:51      31   96.97    0.00    3.03    0.00    0.00    0.00    0.00    0.00    0.00

19:22:51     CPU    %usr   %nice    %sys %iowait    %irq   %soft  %steal  %guest   %idle
19:22:52     all   91.65    0.00    2.09    0.00    0.00    0.00    0.00    0.00    6.25
19:22:52       0   98.00    0.00    2.00    0.00    0.00    0.00    0.00    0.00    0.00
19:22:52       1   98.00    0.00    2.00    0.00    0.00    0.00    0.00    0.00    0.00
19:22:52       2   98.00    0.00    2.00    0.00    0.00    0.00    0.00    0.00    0.00
19:22:52       3   98.00    0.00    2.00    0.00    0.00    0.00    0.00    0.00    0.00
19:22:52       4   14.00    0.00    0.00    0.00    0.00    0.00    0.00    0.00   86.00
19:22:52       5    0.00    0.00    0.00    0.00    0.00    0.00    0.00    0.00  100.00
19:22:52       6   98.00    0.00    2.00    0.00    0.00    0.00    0.00    0.00    0.00
19:22:52       7  100.00    0.00    0.00    0.00    0.00    0.00    0.00    0.00    0.00
19:22:52       8   97.00    0.00    3.00    0.00    0.00    0.00    0.00    0.00    0.00
19:22:52       9   97.03    0.00    2.97    0.00    0.00    0.00    0.00    0.00    0.00
19:22:52      10   98.00    0.00    2.00    0.00    0.00    0.00    0.00    0.00    0.00
19:22:52      11   97.00    0.00    3.00    0.00    0.00    0.00    0.00    0.00    0.00
19:22:52      12   98.99    0.00    1.01    0.00    0.00    0.00    0.00    0.00    0.00
19:22:52      13   97.03    0.00    2.97    0.00    0.00    0.00    0.00    0.00    0.00
19:22:52      14   98.00    0.00    2.00    0.00    0.00    0.00    0.00    0.00    0.00
19:22:52      15   98.00    0.00    2.00    0.00    0.00    0.00    0.00    0.00    0.00
19:22:52      16   98.00    0.00    2.00    0.00    0.00    0.00    0.00    0.00    0.00
19:22:52      17   98.00    0.00    2.00    0.00    0.00    0.00    0.00    0.00    0.00
19:22:52      18   98.00    0.00    2.00    0.00    0.00    0.00    0.00    0.00    0.00
19:22:52      19   83.00    0.00    3.00    0.00    0.00    0.00    0.00    0.00   14.00
19:22:52      20   97.00    0.00    3.00    0.00    0.00    0.00    0.00    0.00    0.00
19:22:52      21   98.00    0.00    2.00    0.00    0.00    0.00    0.00    0.00    0.00
19:22:52      22   97.00    0.00    3.00    0.00    0.00    0.00    0.00    0.00    0.00
19:22:52      23   99.00    0.00    1.00    0.00    0.00    0.00    0.00    0.00    0.00
19:22:52      24   98.99    0.00    1.01    0.00    0.00    0.00    0.00    0.00    0.00
19:22:52      25   96.04    0.00    3.96    0.00    0.00    0.00    0.00    0.00    0.00
19:22:52      26   97.00    0.00    3.00    0.00    0.00    0.00    0.00    0.00    0.00
19:22:52      27   97.00    0.00    3.00    0.00    0.00    0.00    0.00    0.00    0.00
19:22:52      28   99.00    0.00    1.00    0.00    0.00    0.00    0.00    0.00    0.00
19:22:52      29   97.00    0.00    3.00    0.00    0.00    0.00    0.00    0.00    0.00
19:22:52      30   97.03    0.00    2.97    0.00    0.00    0.00    0.00    0.00    0.00
19:22:52      31   98.00    0.00    2.00    0.00    0.00    0.00    0.00    0.00    0.00

19:22:52     CPU    %usr   %nice    %sys %iowait    %irq   %soft  %steal  %guest   %idle
19:22:53     all   91.75    0.00    2.06    0.00    0.00    0.00    0.00    0.00    6.19
19:22:53       0   98.00    0.00    2.00    0.00    0.00    0.00    0.00    0.00    0.00
19:22:53       1   99.00    0.00    1.00    0.00    0.00    0.00    0.00    0.00    0.00
19:22:53       2   94.00    0.00    5.00    0.00    0.00    0.00    0.00    0.00    1.00
19:22:53       3   97.00    0.00    3.00    0.00    0.00    0.00    0.00    0.00    0.00
19:22:53       4    1.00    0.00    2.00    0.00    0.00    0.00    0.00    0.00   97.00
19:22:53       5    0.00    0.00    0.00    0.00    0.00    0.00    0.00    0.00  100.00
19:22:53       6   97.00    0.00    3.00    0.00    0.00    0.00    0.00    0.00    0.00
19:22:53       7  100.00    0.00    0.00    0.00    0.00    0.00    0.00    0.00    0.00
19:22:53       8   98.99    0.00    1.01    0.00    0.00    0.00    0.00    0.00    0.00
19:22:53       9   98.00    0.00    2.00    0.00    0.00    0.00    0.00    0.00    0.00
19:22:53      10   97.00    0.00    3.00    0.00    0.00    0.00    0.00    0.00    0.00
19:22:53      11   97.00    0.00    3.00    0.00    0.00    0.00    0.00    0.00    0.00
19:22:53      12   96.04    0.00    3.96    0.00    0.00    0.00    0.00    0.00    0.00
19:22:53      13   98.00    0.00    2.00    0.00    0.00    0.00    0.00    0.00    0.00
19:22:53      14   97.03    0.00    2.97    0.00    0.00    0.00    0.00    0.00    0.00
19:22:53      15   98.00    0.00    2.00    0.00    0.00    0.00    0.00    0.00    0.00
19:22:53      16   97.98    0.00    2.02    0.00    0.00    0.00    0.00    0.00    0.00
19:22:53      17   97.00    0.00    3.00    0.00    0.00    0.00    0.00    0.00    0.00
19:22:53      18   98.99    0.00    1.01    0.00    0.00    0.00    0.00    0.00    0.00
19:22:53      19   98.00    0.00    2.00    0.00    0.00    0.00    0.00    0.00    0.00
19:22:53      20   97.98    0.00    2.02    0.00    0.00    0.00    0.00    0.00    0.00
19:22:53      21   98.00    0.00    2.00    0.00    0.00    0.00    0.00    0.00    0.00
19:22:53      22   97.00    0.00    3.00    0.00    0.00    0.00    0.00    0.00    0.00
19:22:53      23   99.00    0.00    1.00    0.00    0.00    0.00    0.00    0.00    0.00
19:22:53      24   97.00    0.00    3.00    0.00    0.00    0.00    0.00    0.00    0.00
19:22:53      25   98.00    0.00    2.00    0.00    0.00    0.00    0.00    0.00    0.00
19:22:53      26   98.02    0.00    1.98    0.00    0.00    0.00    0.00    0.00    0.00
19:22:53      27   98.00    0.00    2.00    0.00    0.00    0.00    0.00    0.00    0.00
19:22:53      28   98.02    0.00    1.98    0.00    0.00    0.00    0.00    0.00    0.00
19:22:53      29   98.00    0.00    2.00    0.00    0.00    0.00    0.00    0.00    0.00
19:22:53      30  100.00    0.00    0.00    0.00    0.00    0.00    0.00    0.00    0.00
19:22:53      31   98.00    0.00    2.00    0.00    0.00    0.00    0.00    0.00    0.00

19:22:53     CPU    %usr   %nice    %sys %iowait    %irq   %soft  %steal  %guest   %idle
19:22:54     all   91.56    0.00    2.22    0.00    0.00    0.00    0.00    0.00    6.22
19:22:54       0   98.00    0.00    2.00    0.00    0.00    0.00    0.00    0.00    0.00
19:22:54       1   98.00    0.00    2.00    0.00    0.00    0.00    0.00    0.00    0.00
19:22:54       2   78.79    0.00    2.02    0.00    0.00    0.00    0.00    0.00   19.19
19:22:54       3   98.00    0.00    2.00    0.00    0.00    0.00    0.00    0.00    0.00
19:22:54       4   22.77    0.00    1.98    0.00    0.00    0.00    0.00    0.00   75.25
19:22:54       5    0.00    0.00    0.00    0.00    0.00    0.00    0.00    0.00  100.00
19:22:54       6   98.00    0.00    2.00    0.00    0.00    0.00    0.00    0.00    0.00
19:22:54       7   99.00    0.00    1.00    0.00    0.00    0.00    0.00    0.00    0.00
19:22:54       8   98.02    0.00    1.98    0.00    0.00    0.00    0.00    0.00    0.00
19:22:54       9   98.00    0.00    2.00    0.00    0.00    0.00    0.00    0.00    0.00
19:22:54      10   97.98    0.00    2.02    0.00    0.00    0.00    0.00    0.00    0.00
19:22:54      11   98.00    0.00    2.00    0.00    0.00    0.00    0.00    0.00    0.00
19:22:54      12   99.00    0.00    1.00    0.00    0.00    0.00    0.00    0.00    0.00
19:22:54      13   97.00    0.00    3.00    0.00    0.00    0.00    0.00    0.00    0.00
19:22:54      14   97.98    0.00    2.02    0.00    0.00    0.00    0.00    0.00    0.00
19:22:54      15   97.00    0.00    3.00    0.00    0.00    0.00    0.00    0.00    0.00
19:22:54      16   97.00    0.00    3.00    0.00    0.00    0.00    0.00    0.00    0.00
19:22:54      17   97.00    0.00    3.00    0.00    0.00    0.00    0.00    0.00    0.00
19:22:54      18   97.03    0.00    2.97    0.00    0.00    0.00    0.00    0.00    0.00
19:22:54      19   98.00    0.00    2.00    0.00    0.00    0.00    0.00    0.00    0.00
19:22:54      20   97.03    0.00    2.97    0.00    0.00    0.00    0.00    0.00    0.00
19:22:54      21   97.00    0.00    3.00    0.00    0.00    0.00    0.00    0.00    0.00
19:22:54      22   93.07    0.00    2.97    0.00    0.00    0.00    0.00    0.00    3.96
19:22:54      23   99.00    0.00    1.00    0.00    0.00    0.00    0.00    0.00    0.00
19:22:54      24   97.00    0.00    3.00    0.00    0.00    0.00    0.00    0.00    0.00
19:22:54      25   96.97    0.00    3.03    0.00    0.00    0.00    0.00    0.00    0.00
19:22:54      26   97.98    0.00    2.02    0.00    0.00    0.00    0.00    0.00    0.00
19:22:54      27   97.00    0.00    3.00    0.00    0.00    0.00    0.00    0.00    0.00
19:22:54      28   97.00    0.00    3.00    0.00    0.00    0.00    0.00    0.00    0.00
19:22:54      29   98.00    0.00    2.00    0.00    0.00    0.00    0.00    0.00    0.00
19:22:54      30   98.00    0.00    2.00    0.00    0.00    0.00    0.00    0.00    0.00
19:22:54      31   97.00    0.00    3.00    0.00    0.00    0.00    0.00    0.00    0.00

19:22:54     CPU    %usr   %nice    %sys %iowait    %irq   %soft  %steal  %guest   %idle
19:22:55     all   93.59    0.00    2.44    0.00    0.00    0.00    0.00    0.00    3.97
19:22:55       0   87.00    0.00    3.00    0.00    0.00    0.00    0.00    0.00   10.00
19:22:55       1   98.00    0.00    2.00    0.00    0.00    0.00    0.00    0.00    0.00
19:22:55       2   96.00    0.00    4.00    0.00    0.00    0.00    0.00    0.00    0.00
19:22:55       3   98.00    0.00    2.00    0.00    0.00    0.00    0.00    0.00    0.00
19:22:55       4   96.97    0.00    3.03    0.00    0.00    0.00    0.00    0.00    0.00
19:22:55       5    0.00    0.00    0.00    0.00    0.00    0.00    0.00    0.00  100.00
19:22:55       6   97.98    0.00    2.02    0.00    0.00    0.00    0.00    0.00    0.00
19:22:55       7  100.00    0.00    0.00    0.00    0.00    0.00    0.00    0.00    0.00
19:22:55       8   96.00    0.00    4.00    0.00    0.00    0.00    0.00    0.00    0.00
19:22:55       9   98.99    0.00    1.01    0.00    0.00    0.00    0.00    0.00    0.00
19:22:55      10   98.00    0.00    2.00    0.00    0.00    0.00    0.00    0.00    0.00
19:22:55      11   97.00    0.00    3.00    0.00    0.00    0.00    0.00    0.00    0.00
19:22:55      12   98.00    0.00    2.00    0.00    0.00    0.00    0.00    0.00    0.00
19:22:55      13   99.00    0.00    1.00    0.00    0.00    0.00    0.00    0.00    0.00
19:22:55      14   96.04    0.00    3.96    0.00    0.00    0.00    0.00    0.00    0.00
19:22:55      15   96.00    0.00    4.00    0.00    0.00    0.00    0.00    0.00    0.00
19:22:55      16   98.00    0.00    2.00    0.00    0.00    0.00    0.00    0.00    0.00
19:22:55      17   98.00    0.00    2.00    0.00    0.00    0.00    0.00    0.00    0.00
19:22:55      18   98.99    0.00    1.01    0.00    0.00    0.00    0.00    0.00    0.00
19:22:55      19   97.00    0.00    3.00    0.00    0.00    0.00    0.00    0.00    0.00
19:22:55      20   97.98    0.00    2.02    0.00    0.00    0.00    0.00    0.00    0.00
19:22:55      21   97.00    0.00    3.00    0.00    0.00    0.00    0.00    0.00    0.00
19:22:55      22   80.81    0.00    2.02    0.00    0.00    0.00    0.00    0.00   17.17
19:22:55      23   99.00    0.00    1.00    0.00    0.00    0.00    0.00    0.00    0.00
19:22:55      24   97.00    0.00    3.00    0.00    0.00    0.00    0.00    0.00    0.00
19:22:55      25   97.03    0.00    2.97    0.00    0.00    0.00    0.00    0.00    0.00
19:22:55      26   97.00    0.00    3.00    0.00    0.00    0.00    0.00    0.00    0.00
19:22:55      27   97.03    0.00    2.97    0.00    0.00    0.00    0.00    0.00    0.00
19:22:55      28   97.98    0.00    2.02    0.00    0.00    0.00    0.00    0.00    0.00
19:22:55      29   98.00    0.00    2.00    0.00    0.00    0.00    0.00    0.00    0.00
19:22:55      30   97.00    0.00    3.00    0.00    0.00    0.00    0.00    0.00    0.00
19:22:55      31   97.03    0.00    2.97    0.00    0.00    0.00    0.00    0.00    0.00

19:22:55     CPU    %usr   %nice    %sys %iowait    %irq   %soft  %steal  %guest   %idle
19:22:56     all   94.81    0.00    2.06    0.00    0.00    0.00    0.00    0.00    3.13
19:22:56       0   97.00    0.00    3.00    0.00    0.00    0.00    0.00    0.00    0.00
19:22:56       1   98.00    0.00    2.00    0.00    0.00    0.00    0.00    0.00    0.00
19:22:56       2   97.00    0.00    3.00    0.00    0.00    0.00    0.00    0.00    0.00
19:22:56       3   99.00    0.00    1.00    0.00    0.00    0.00    0.00    0.00    0.00
19:22:56       4   98.00    0.00    2.00    0.00    0.00    0.00    0.00    0.00    0.00
19:22:56       5    0.00    0.00    0.00    0.00    0.00    0.00    0.00    0.00  100.00
19:22:56       6   97.03    0.00    2.97    0.00    0.00    0.00    0.00    0.00    0.00
19:22:56       7  100.00    0.00    0.00    0.00    0.00    0.00    0.00    0.00    0.00
19:22:56       8   97.98    0.00    2.02    0.00    0.00    0.00    0.00    0.00    0.00
19:22:56       9   98.02    0.00    1.98    0.00    0.00    0.00    0.00    0.00    0.00
19:22:56      10   98.00    0.00    2.00    0.00    0.00    0.00    0.00    0.00    0.00
19:22:56      11   97.00    0.00    3.00    0.00    0.00    0.00    0.00    0.00    0.00
19:22:56      12   98.99    0.00    1.01    0.00    0.00    0.00    0.00    0.00    0.00
19:22:56      13   99.00    0.00    1.00    0.00    0.00    0.00    0.00    0.00    0.00
19:22:56      14   97.98    0.00    2.02    0.00    0.00    0.00    0.00    0.00    0.00
19:22:56      15   97.03    0.00    2.97    0.00    0.00    0.00    0.00    0.00    0.00
19:22:56      16   98.02    0.00    1.98    0.00    0.00    0.00    0.00    0.00    0.00
19:22:56      17   97.00    0.00    3.00    0.00    0.00    0.00    0.00    0.00    0.00
19:22:56      18   98.00    0.00    2.00    0.00    0.00    0.00    0.00    0.00    0.00
19:22:56      19   97.00    0.00    3.00    0.00    0.00    0.00    0.00    0.00    0.00
19:22:56      20   97.03    0.00    2.97    0.00    0.00    0.00    0.00    0.00    0.00
19:22:56      21   97.00    0.00    3.00    0.00    0.00    0.00    0.00    0.00    0.00
19:22:56      22   98.00    0.00    2.00    0.00    0.00    0.00    0.00    0.00    0.00
19:22:56      23   98.00    0.00    2.00    0.00    0.00    0.00    0.00    0.00    0.00
19:22:56      24   97.00    0.00    3.00    0.00    0.00    0.00    0.00    0.00    0.00
19:22:56      25   97.98    0.00    2.02    0.00    0.00    0.00    0.00    0.00    0.00
19:22:56      26   97.00    0.00    3.00    0.00    0.00    0.00    0.00    0.00    0.00
19:22:56      27   97.98    0.00    2.02    0.00    0.00    0.00    0.00    0.00    0.00
19:22:56      28   98.00    0.00    2.00    0.00    0.00    0.00    0.00    0.00    0.00
19:22:56      29   99.00    0.00    1.00    0.00    0.00    0.00    0.00    0.00    0.00
19:22:56      30   98.00    0.00    2.00    0.00    0.00    0.00    0.00    0.00    0.00
19:22:56      31   97.98    0.00    2.02    0.00    0.00    0.00    0.00    0.00    0.00

19:22:56     CPU    %usr   %nice    %sys %iowait    %irq   %soft  %steal  %guest   %idle
19:22:57     all   94.59    0.00    2.28    0.00    0.00    0.00    0.00    0.00    3.12
19:22:57       0   97.98    0.00    2.02    0.00    0.00    0.00    0.00    0.00    0.00
19:22:57       1   98.00    0.00    2.00    0.00    0.00    0.00    0.00    0.00    0.00
19:22:57       2   98.00    0.00    2.00    0.00    0.00    0.00    0.00    0.00    0.00
19:22:57       3   98.00    0.00    2.00    0.00    0.00    0.00    0.00    0.00    0.00
19:22:57       4   97.00    0.00    3.00    0.00    0.00    0.00    0.00    0.00    0.00
19:22:57       5    0.00    0.00    0.00    0.00    0.00    0.00    0.00    0.00  100.00
19:22:57       6   98.99    0.00    1.01    0.00    0.00    0.00    0.00    0.00    0.00
19:22:57       7  100.00    0.00    0.00    0.00    0.00    0.00    0.00    0.00    0.00
19:22:57       8   97.03    0.00    2.97    0.00    0.00    0.00    0.00    0.00    0.00
19:22:57       9   98.99    0.00    1.01    0.00    0.00    0.00    0.00    0.00    0.00
19:22:57      10   98.00    0.00    2.00    0.00    0.00    0.00    0.00    0.00    0.00
19:22:57      11   98.00    0.00    2.00    0.00    0.00    0.00    0.00    0.00    0.00
19:22:57      12   97.00    0.00    3.00    0.00    0.00    0.00    0.00    0.00    0.00
19:22:57      13   97.00    0.00    3.00    0.00    0.00    0.00    0.00    0.00    0.00
19:22:57      14   97.03    0.00    2.97    0.00    0.00    0.00    0.00    0.00    0.00
19:22:57      15   96.97    0.00    3.03    0.00    0.00    0.00    0.00    0.00    0.00
19:22:57      16   98.00    0.00    2.00    0.00    0.00    0.00    0.00    0.00    0.00
19:22:57      17   97.00    0.00    3.00    0.00    0.00    0.00    0.00    0.00    0.00
19:22:57      18   98.02    0.00    1.98    0.00    0.00    0.00    0.00    0.00    0.00
19:22:57      19   98.00    0.00    2.00    0.00    0.00    0.00    0.00    0.00    0.00
19:22:57      20   97.00    0.00    3.00    0.00    0.00    0.00    0.00    0.00    0.00
19:22:57      21   97.00    0.00    3.00    0.00    0.00    0.00    0.00    0.00    0.00
19:22:57      22   97.00    0.00    3.00    0.00    0.00    0.00    0.00    0.00    0.00
19:22:57      23  100.00    0.00    0.00    0.00    0.00    0.00    0.00    0.00    0.00
19:22:57      24   97.00    0.00    3.00    0.00    0.00    0.00    0.00    0.00    0.00
19:22:57      25   98.02    0.00    1.98    0.00    0.00    0.00    0.00    0.00    0.00
19:22:57      26   98.00    0.00    2.00    0.00    0.00    0.00    0.00    0.00    0.00
19:22:57      27   97.03    0.00    2.97    0.00    0.00    0.00    0.00    0.00    0.00
19:22:57      28   96.04    0.00    3.96    0.00    0.00    0.00    0.00    0.00    0.00
19:22:57      29   97.00    0.00    3.00    0.00    0.00    0.00    0.00    0.00    0.00
19:22:57      30   96.00    0.00    4.00    0.00    0.00    0.00    0.00    0.00    0.00
19:22:57      31   98.00    0.00    2.00    0.00    0.00    0.00    0.00    0.00    0.00

19:22:57     CPU    %usr   %nice    %sys %iowait    %irq   %soft  %steal  %guest   %idle
19:22:58     all   94.75    0.00    2.16    0.00    0.00    0.00    0.00    0.00    3.10
19:22:58       0   97.03    0.00    2.97    0.00    0.00    0.00    0.00    0.00    0.00
19:22:58       1   98.00    0.00    2.00    0.00    0.00    0.00    0.00    0.00    0.00
19:22:58       2   97.00    0.00    3.00    0.00    0.00    0.00    0.00    0.00    0.00
19:22:58       3   98.00    0.00    2.00    0.00    0.00    0.00    0.00    0.00    0.00
19:22:58       4   97.00    0.00    3.00    0.00    0.00    0.00    0.00    0.00    0.00
19:22:58       5    0.00    0.00    0.00    0.00    0.00    0.00    0.00    0.00  100.00
19:22:58       6   97.03    0.00    2.97    0.00    0.00    0.00    0.00    0.00    0.00
19:22:58       7  100.00    0.00    0.00    0.00    0.00    0.00    0.00    0.00    0.00
19:22:58       8   97.98    0.00    2.02    0.00    0.00    0.00    0.00    0.00    0.00
19:22:58       9   98.00    0.00    2.00    0.00    0.00    0.00    0.00    0.00    0.00
19:22:58      10   96.04    0.00    3.96    0.00    0.00    0.00    0.00    0.00    0.00
19:22:58      11   98.00    0.00    2.00    0.00    0.00    0.00    0.00    0.00    0.00
19:22:58      12   98.00    0.00    2.00    0.00    0.00    0.00    0.00    0.00    0.00
19:22:58      13   98.00    0.00    2.00    0.00    0.00    0.00    0.00    0.00    0.00
19:22:58      14   98.00    0.00    2.00    0.00    0.00    0.00    0.00    0.00    0.00
19:22:58      15   98.00    0.00    2.00    0.00    0.00    0.00    0.00    0.00    0.00
19:22:58      16   98.00    0.00    2.00    0.00    0.00    0.00    0.00    0.00    0.00
19:22:58      17   97.00    0.00    3.00    0.00    0.00    0.00    0.00    0.00    0.00
19:22:58      18   98.00    0.00    2.00    0.00    0.00    0.00    0.00    0.00    0.00
19:22:58      19   98.00    0.00    2.00    0.00    0.00    0.00    0.00    0.00    0.00
19:22:58      20   98.00    0.00    2.00    0.00    0.00    0.00    0.00    0.00    0.00
19:22:58      21   97.00    0.00    3.00    0.00    0.00    0.00    0.00    0.00    0.00
19:22:58      22   98.00    0.00    2.00    0.00    0.00    0.00    0.00    0.00    0.00
19:22:58      23   98.99    0.00    1.01    0.00    0.00    0.00    0.00    0.00    0.00
19:22:58      24   98.00    0.00    2.00    0.00    0.00    0.00    0.00    0.00    0.00
19:22:58      25   99.00    0.00    1.00    0.00    0.00    0.00    0.00    0.00    0.00
19:22:58      26   98.00    0.00    2.00    0.00    0.00    0.00    0.00    0.00    0.00
19:22:58      27   97.98    0.00    2.02    0.00    0.00    0.00    0.00    0.00    0.00
19:22:58      28   97.00    0.00    3.00    0.00    0.00    0.00    0.00    0.00    0.00
19:22:58      29   97.00    0.00    3.00    0.00    0.00    0.00    0.00    0.00    0.00
19:22:58      30   97.00    0.00    3.00    0.00    0.00    0.00    0.00    0.00    0.00
19:22:58      31   97.03    0.00    2.97    0.00    0.00    0.00    0.00    0.00    0.00

19:22:58     CPU    %usr   %nice    %sys %iowait    %irq   %soft  %steal  %guest   %idle
19:22:59     all   94.59    0.00    2.28    0.00    0.00    0.00    0.00    0.00    3.12
19:22:59       0   98.00    0.00    2.00    0.00    0.00    0.00    0.00    0.00    0.00
19:22:59       1   99.00    0.00    1.00    0.00    0.00    0.00    0.00    0.00    0.00
19:22:59       2   96.00    0.00    4.00    0.00    0.00    0.00    0.00    0.00    0.00
19:22:59       3   97.03    0.00    2.97    0.00    0.00    0.00    0.00    0.00    0.00
19:22:59       4   96.00    0.00    4.00    0.00    0.00    0.00    0.00    0.00    0.00
19:22:59       5    0.00    0.00    0.00    0.00    0.00    0.00    0.00    0.00  100.00
19:22:59       6   98.00    0.00    2.00    0.00    0.00    0.00    0.00    0.00    0.00
19:22:59       7  100.00    0.00    0.00    0.00    0.00    0.00    0.00    0.00    0.00
19:22:59       8   97.03    0.00    2.97    0.00    0.00    0.00    0.00    0.00    0.00
19:22:59       9   97.03    0.00    2.97    0.00    0.00    0.00    0.00    0.00    0.00
19:22:59      10   98.00    0.00    2.00    0.00    0.00    0.00    0.00    0.00    0.00
19:22:59      11   98.00    0.00    2.00    0.00    0.00    0.00    0.00    0.00    0.00
19:22:59      12   97.03    0.00    2.97    0.00    0.00    0.00    0.00    0.00    0.00
19:22:59      13   98.00    0.00    2.00    0.00    0.00    0.00    0.00    0.00    0.00
19:22:59      14   97.00    0.00    3.00    0.00    0.00    0.00    0.00    0.00    0.00
19:22:59      15   96.00    0.00    4.00    0.00    0.00    0.00    0.00    0.00    0.00
19:22:59      16   97.98    0.00    2.02    0.00    0.00    0.00    0.00    0.00    0.00
19:22:59      17   98.00    0.00    2.00    0.00    0.00    0.00    0.00    0.00    0.00
19:22:59      18   98.99    0.00    1.01    0.00    0.00    0.00    0.00    0.00    0.00
19:22:59      19   98.00    0.00    2.00    0.00    0.00    0.00    0.00    0.00    0.00
19:22:59      20   97.98    0.00    2.02    0.00    0.00    0.00    0.00    0.00    0.00
19:22:59      21   97.00    0.00    3.00    0.00    0.00    0.00    0.00    0.00    0.00
19:22:59      22   98.00    0.00    2.00    0.00    0.00    0.00    0.00    0.00    0.00
19:22:59      23   98.02    0.00    1.98    0.00    0.00    0.00    0.00    0.00    0.00
19:22:59      24   97.00    0.00    3.00    0.00    0.00    0.00    0.00    0.00    0.00
19:22:59      25   98.99    0.00    1.01    0.00    0.00    0.00    0.00    0.00    0.00
19:22:59      26   97.00    0.00    3.00    0.00    0.00    0.00    0.00    0.00    0.00
19:22:59      27   98.00    0.00    2.00    0.00    0.00    0.00    0.00    0.00    0.00
19:22:59      28   97.98    0.00    2.02    0.00    0.00    0.00    0.00    0.00    0.00
19:22:59      29   96.97    0.00    3.03    0.00    0.00    0.00    0.00    0.00    0.00
19:22:59      30   97.00    0.00    3.00    0.00    0.00    0.00    0.00    0.00    0.00
19:22:59      31   97.00    0.00    3.00    0.00    0.00    0.00    0.00    0.00    0.00

19:22:59     CPU    %usr   %nice    %sys %iowait    %irq   %soft  %steal  %guest   %idle
19:23:00     all   94.91    0.00    1.97    0.00    0.00    0.00    0.00    0.00    3.12
19:23:00       0   98.99    0.00    1.01    0.00    0.00    0.00    0.00    0.00    0.00
19:23:00       1   99.00    0.00    1.00    0.00    0.00    0.00    0.00    0.00    0.00
19:23:00       2   97.00    0.00    3.00    0.00    0.00    0.00    0.00    0.00    0.00
19:23:00       3   98.99    0.00    1.01    0.00    0.00    0.00    0.00    0.00    0.00
19:23:00       4   98.00    0.00    2.00    0.00    0.00    0.00    0.00    0.00    0.00
19:23:00       5    0.00    0.00    0.00    0.00    0.00    0.00    0.00    0.00  100.00
19:23:00       6   98.00    0.00    2.00    0.00    0.00    0.00    0.00    0.00    0.00
19:23:00       7  100.00    0.00    0.00    0.00    0.00    0.00    0.00    0.00    0.00
19:23:00       8   98.00    0.00    2.00    0.00    0.00    0.00    0.00    0.00    0.00
19:23:00       9   97.98    0.00    2.02    0.00    0.00    0.00    0.00    0.00    0.00
19:23:00      10   97.98    0.00    2.02    0.00    0.00    0.00    0.00    0.00    0.00
19:23:00      11   98.00    0.00    2.00    0.00    0.00    0.00    0.00    0.00    0.00
19:23:00      12   97.98    0.00    2.02    0.00    0.00    0.00    0.00    0.00    0.00
19:23:00      13   98.00    0.00    2.00    0.00    0.00    0.00    0.00    0.00    0.00
19:23:00      14   97.98    0.00    2.02    0.00    0.00    0.00    0.00    0.00    0.00
19:23:00      15   98.00    0.00    2.00    0.00    0.00    0.00    0.00    0.00    0.00
19:23:00      16   98.02    0.00    1.98    0.00    0.00    0.00    0.00    0.00    0.00
19:23:00      17   97.98    0.00    2.02    0.00    0.00    0.00    0.00    0.00    0.00
19:23:00      18   98.02    0.00    1.98    0.00    0.00    0.00    0.00    0.00    0.00
19:23:00      19   98.00    0.00    2.00    0.00    0.00    0.00    0.00    0.00    0.00
19:23:00      20   97.00    0.00    3.00    0.00    0.00    0.00    0.00    0.00    0.00
19:23:00      21   97.00    0.00    3.00    0.00    0.00    0.00    0.00    0.00    0.00
19:23:00      22   97.00    0.00    3.00    0.00    0.00    0.00    0.00    0.00    0.00
19:23:00      23  100.00    0.00    0.00    0.00    0.00    0.00    0.00    0.00    0.00
19:23:00      24   98.00    0.00    2.00    0.00    0.00    0.00    0.00    0.00    0.00
19:23:00      25  100.00    0.00    0.00    0.00    0.00    0.00    0.00    0.00    0.00
19:23:00      26   98.02    0.00    1.98    0.00    0.00    0.00    0.00    0.00    0.00
19:23:00      27   98.00    0.00    2.00    0.00    0.00    0.00    0.00    0.00    0.00
19:23:00      28   98.00    0.00    2.00    0.00    0.00    0.00    0.00    0.00    0.00
19:23:00      29   97.03    0.00    2.97    0.00    0.00    0.00    0.00    0.00    0.00
19:23:00      30   98.00    0.00    2.00    0.00    0.00    0.00    0.00    0.00    0.00
19:23:00      31   97.98    0.00    2.02    0.00    0.00    0.00    0.00    0.00    0.00

19:23:00     CPU    %usr   %nice    %sys %iowait    %irq   %soft  %steal  %guest   %idle
19:23:01     all   94.62    0.00    2.25    0.00    0.00    0.00    0.00    0.00    3.13
19:23:01       0   97.00    0.00    3.00    0.00    0.00    0.00    0.00    0.00    0.00
19:23:01       1   98.00    0.00    2.00    0.00    0.00    0.00    0.00    0.00    0.00
19:23:01       2   97.00    0.00    3.00    0.00    0.00    0.00    0.00    0.00    0.00
19:23:01       3   98.00    0.00    2.00    0.00    0.00    0.00    0.00    0.00    0.00
19:23:01       4   98.00    0.00    2.00    0.00    0.00    0.00    0.00    0.00    0.00
19:23:01       5    0.00    0.00    0.00    0.00    0.00    0.00    0.00    0.00  100.00
19:23:01       6   98.00    0.00    2.00    0.00    0.00    0.00    0.00    0.00    0.00
19:23:01       7  100.00    0.00    0.00    0.00    0.00    0.00    0.00    0.00    0.00
19:23:01       8   97.98    0.00    2.02    0.00    0.00    0.00    0.00    0.00    0.00
19:23:01       9   97.00    0.00    3.00    0.00    0.00    0.00    0.00    0.00    0.00
19:23:01      10   97.03    0.00    2.97    0.00    0.00    0.00    0.00    0.00    0.00
19:23:01      11   98.00    0.00    2.00    0.00    0.00    0.00    0.00    0.00    0.00
19:23:01      12   97.00    0.00    3.00    0.00    0.00    0.00    0.00    0.00    0.00
19:23:01      13   97.00    0.00    3.00    0.00    0.00    0.00    0.00    0.00    0.00
19:23:01      14   97.00    0.00    3.00    0.00    0.00    0.00    0.00    0.00    0.00
19:23:01      15   96.00    0.00    4.00    0.00    0.00    0.00    0.00    0.00    0.00
19:23:01      16   98.00    0.00    2.00    0.00    0.00    0.00    0.00    0.00    0.00
19:23:01      17   98.02    0.00    1.98    0.00    0.00    0.00    0.00    0.00    0.00
19:23:01      18   98.99    0.00    1.01    0.00    0.00    0.00    0.00    0.00    0.00
19:23:01      19   97.00    0.00    3.00    0.00    0.00    0.00    0.00    0.00    0.00
19:23:01      20   98.00    0.00    2.00    0.00    0.00    0.00    0.00    0.00    0.00
19:23:01      21   96.97    0.00    3.03    0.00    0.00    0.00    0.00    0.00    0.00
19:23:01      22   97.00    0.00    3.00    0.00    0.00    0.00    0.00    0.00    0.00
19:23:01      23   99.00    0.00    1.00    0.00    0.00    0.00    0.00    0.00    0.00
19:23:01      24   97.00    0.00    3.00    0.00    0.00    0.00    0.00    0.00    0.00
19:23:01      25   99.00    0.00    1.00    0.00    0.00    0.00    0.00    0.00    0.00
19:23:01      26   96.97    0.00    3.03    0.00    0.00    0.00    0.00    0.00    0.00
19:23:01      27   97.00    0.00    3.00    0.00    0.00    0.00    0.00    0.00    0.00
19:23:01      28   97.00    0.00    3.00    0.00    0.00    0.00    0.00    0.00    0.00
19:23:01      29   98.00    0.00    2.00    0.00    0.00    0.00    0.00    0.00    0.00
19:23:01      30   97.00    0.00    3.00    0.00    0.00    0.00    0.00    0.00    0.00
19:23:01      31   98.00    0.00    2.00    0.00    0.00    0.00    0.00    0.00    0.00
