procs -----------memory---------- ---swap-- -----io---- --system-- -----cpu-----
 r  b   swpd   free   buff  cache   si   so    bi    bo   in   cs us sy id wa st
 4  0  15744 64456852 212988 539856    0    0     0     1    0    0 30  1 69  0  0	
32  0  15744 59972228 212988 539912    0    0     0     0 32135 9395 92  3  5  0  0	
33  0  15744 57470012 212988 539916    0    0     0     0 30519 8583 85  4 11  0  0	
33  0  15744 55657792 212988 539920    0    0     0     0 30000 7769 89  1  9  0  0	
34  0  15744 54277408 212988 539924    0    0     0     0 31574 8469 94  1  5  0  0	
30  0  15744 53069032 212988 539924    0    0     0    16 30660 7921 92  1  7  0  0	
32  0  15744 53034092 212992 539924    0    0     0    56 27012 9204 80  1 19  0  0	
32  0  15744 53034596 212992 539932    0    0     0     0 29065 7615 88  0 12  0  0	
32  0  15744 53034644 212992 539936    0    0     0     0 30639 8133 92  0  8  0  0	
28  0  15744 53034768 212992 539936    0    0     0     0 31075 8907 92  0  8  0  0	
 6  0  15744 53035132 212992 539940    0    0     0     0 22625 6757 66  1 33  0  0	
32  0  15744 53035124 212992 539944    0    0     0     0 25337 7396 76  0 24  0  0	
32  0  15744 53035140 212992 539948    0    0     0    12 30723 8011 93  0  7  0  0	
30  0  15744 53035512 212992 539948    0    0     0     0 31021 7985 94  0  6  0  0	
11  0  15744 53035512 212992 539952    0    0     0     0 28020 8028 82  1 17  0  0	
32  0  15744 53035528 212992 539956    0    0     0     0 22234 6292 65  0 34  0  0	
32  0  15744 53035900 212992 539960    0    0     0     0 32401 8950 97  0  3  0  0	
31  0  15744 53035900 212992 539960    0    0     0     0 32025 8964 95  0  4  0  0	
29  0  15744 53035900 212992 539968    0    0     0     0 30818 8277 92  1  7  0  0	
32  0  15744 53035984 212992 539976    0    0     0    68 19485 5820 55  1 44  0  0	
32  0  15744 53035984 212992 539980    0    0     0     0 33008 8373 100  0  0  0  0	
procs -----------memory---------- ---swap-- -----io---- --system-- -----cpu-----
 r  b   swpd   free   buff  cache   si   so    bi    bo   in   cs us sy id wa st
32  0  15744 53035992 212992 539980    0    0     0     0 33032 8386 100  0  0  0  0	
32  0  15744 53035860 212992 539984    0    0     0     0 33013 8370 100  0  0  0  0	
33  0  15744 53035860 212992 539988    0    0     0     0 33004 8436 100  0  0  0  0	
32  0  15744 53035860 212992 539992    0    0     0     0 33062 8449 100  0  0  0  0	
32  0  15744 53035860 212992 539992    0    0     0    20 32995 8387 100  0  0  0  0	
32  0  15744 53035860 212992 539996    0    0     0     0 33039 8389 100  0  0  0  0	
32  0  15744 53035868 212992 540000    0    0     0     0 33012 8381 100  0  0  0  0	
32  0  15744 53035884 212992 540000    0    0     0     0 33025 8373 100  0  0  0  0	
32  0  15744 53035876 212992 540004    0    0     0     0 33007 8379 100  0  0  0  0	
32  0  15744 53035876 212992 540008    0    0     0     0 33014 8379 100  0  0  0  0	
32  0  15744 53035880 212992 540012    0    0     0     0 33053 8396 100  0  0  0  0	
32  0  15744 53035996 212992 540012    0    0     0     0 33011 8376 100  0  0  0  0	
32  0  15744 53035996 212992 540016    0    0     0     0 33010 8372 100  0  0  0  0	
32  0  15744 53035996 212992 540020    0    0     0     0 33022 8376 100  0  0  0  0	
32  0  15744 53035996 212992 540024    0    0     0     0 33003 8373 100  0  0  0  0	
32  0  15744 53035996 212992 540028    0    0     0     0 33075 8450 100  0  0  0  0	
32  0  15744 53035996 212992 540032    0    0     0     0 33003 8372 100  0  0  0  0	
32  0  15744 53035872 212992 540036    0    0     0     0 33065 8406 100  0  0  0  0	
32  0  15744 53035880 212992 540044    0    0     0     0 33012 8380 100  0  0  0  0	
32  0  15744 53035880 212992 540044    0    0     0     0 33013 8373 100  0  0  0  0	
32  0  15744 53035880 212992 540048    0    0     0     0 33031 8380 100  0  0  0  0	
procs -----------memory---------- ---swap-- -----io---- --system-- -----cpu-----
 r  b   swpd   free   buff  cache   si   so    bi    bo   in   cs us sy id wa st
32  0  15744 53035872 212992 540052    0    0     0     0 33006 8406 100  0  0  0  0	
33  0  15744 53035872 212992 540060    0    0     0     0 33021 8417 100  0  0  0  0	
32  0  15744 53035872 212992 540060    0    0     0     0 33002 8375 100  0  0  0  0	
32  0  15744 53035872 212992 540064    0    0     0     0 33030 8374 100  0  0  0  0	
32  0  15744 53035872 212992 540068    0    0     0     0 33014 8380 100  0  0  0  0	
32  0  15744 53035880 212992 540072    0    0     0     0 33014 8493 100  0  0  0  0	
32  0  15744 53035888 212992 540072    0    0     0     0 33035 8442 100  0  0  0  0	
32  0  15744 53035880 212992 540076    0    0     0     0 33029 8375 100  0  0  0  0	
32  0  15744 53035880 212992 540080    0    0     0     0 33006 8374 100  0  0  0  0	
32  0  15744 53035880 212992 540080    0    0     0     0 33046 8386 100  0  0  0  0	
32  0  15744 53035748 212992 540084    0    0     0     0 32994 8372 100  0  0  0  0	
32  0  15744 53035748 212992 540088    0    0     0     0 33024 8376 100  0  0  0  0	
32  0  15744 53035748 212992 540096    0    0     0     0 33001 8379 100  0  0  0  0	
32  0  15744 53035748 212992 540096    0    0     0     0 33025 8376 100  0  0  0  0	
32  0  15744 53035748 212992 540100    0    0     0     0 33015 8379 100  0  0  0  0	
32  0  15744 53035748 212992 540104    0    0     0    12 33019 8387 100  0  0  0  0	
32  0  15744 53035748 212992 540112    0    0     0     0 33006 8374 100  0  0  0  0	
32  0  15744 53035880 212992 540112    0    0     0    16 33032 8381 100  0  0  0  0	
32  0  15744 53035880 212992 540116    0    0     0     0 33047 8445 100  0  0  0  0	
32  0  15744 53035880 212992 540120    0    0     0     0 33055 8402 100  0  0  0  0	
33  0  15744 53035864 212992 540124    0    0     0     0 33014 8436 100  0  0  0  0	
procs -----------memory---------- ---swap-- -----io---- --system-- -----cpu-----
 r  b   swpd   free   buff  cache   si   so    bi    bo   in   cs us sy id wa st
32  0  15744 53035864 212992 540124    0    0     0     0 33013 8375 100  0  0  0  0	
32  0  15744 53035864 212992 540128    0    0     0     0 33023 8376 100  0  0  0  0	
32  0  15744 53035864 212992 540132    0    0     0     0 33001 8379 100  0  0  0  0	
32  0  15744 53035864 212992 540136    0    0     0     0 33065 8403 100  0  0  0  0	
32  0  15744 53035872 212992 540136    0    0     0     0 32986 8372 100  0  0  0  0	
32  0  15744 53035880 212992 540140    0    0     0     0 33049 8372 100  0  0  0  0	
32  0  15744 53035872 212992 540144    0    0     0     0 32990 8390 100  0  0  0  0	
32  0  15744 53035872 212992 540148    0    0     0     0 33043 8376 100  0  0  0  0	
32  0  15744 53035872 212992 540152    0    0     0     0 32994 8376 100  0  0  0  0	
32  0  15744 53035864 212992 540156    0    0     0     0 33066 8448 100  0  0  0  0	
32  0  15744 53035864 212992 540160    0    0     0     0 33013 8376 100  0  0  0  0	
32  0  15744 53035864 212992 540160    0    0     0     0 33026 8377 100  0  0  0  0	
32  0  15744 53035864 212992 540164    0    0     0     0 32994 8373 100  0  0  0  0	
32  0  15744 53035992 212992 540168    0    0     0     0 33032 8375 100  0  0  0  0	
32  0  15744 53035992 212992 540176    0    0     0     0 32983 8379 100  0  0  0  0	
32  0  15744 53035992 212992 540176    0    0     0     0 33050 8379 100  0  0  0  0	
32  0  15744 53036000 212992 540180    0    0     0     0 32991 8379 100  0  0  0  0	
32  0  15744 53035876 212992 540184    0    0     0     0 33036 8371 100  0  0  0  0	
32  0  15744 53035876 212992 540188    0    0     0    16 33015 8429 100  0  0  0  0	
33  0  15744 53035868 212992 540188    0    0     0     0 33025 8404 100  0  0  0  0	
32  0  15744 53035868 212992 540192    0    0     0     0 33012 8377 100  0  0  0  0	
procs -----------memory---------- ---swap-- -----io---- --system-- -----cpu-----
 r  b   swpd   free   buff  cache   si   so    bi    bo   in   cs us sy id wa st
32  0  15744 53035876 212992 540196    0    0     0     0 33061 8443 100  0  0  0  0	
32  0  15744 53035876 212992 540200    0    0     0     0 32994 8377 100  0  0  0  0	
32  0  15744 53035876 212992 540200    0    0     0     0 33031 8379 100  0  0  0  0	
32  0  15744 53035884 212992 540208    0    0     0     0 32991 8379 100  0  0  0  0	
32  0  15744 53035892 212992 540212    0    0     0     0 33054 8383 100  0  0  0  0	
32  0  15744 53035884 212992 540220    0    0     0     0 32986 8375 100  0  0  0  0	
32  0  15744 53035884 212992 540220    0    0     0     0 33043 8377 100  0  0  0  0	
32  0  15744 53035884 212992 540224    0    0     0     0 33007 8393 100  0  0  0  0	
32  0  15744 53035876 212992 540228    0    0     0     0 33028 8373 100  0  0  0  0	
32  0  15744 53035876 212992 540232    0    0     0     0 33006 8374 100  0  0  0  0	
32  0  15744 53035876 212992 540232    0    0     0     0 33027 8376 100  0  0  0  0	
32  0  15744 53035876 212992 540236    0    0     0     0 32999 8375 100  0  0  0  0	
32  0  15744 53035876 212992 540244    0    0     0     0 33087 8453 100  0  0  0  0	
32  0  15744 53035876 212992 540244    0    0     0     0 32992 8373 100  0  0  0  0	
32  0  15744 53035876 212992 540248    0    0     0     0 33085 8399 100  0  0  0  0	
32  0  15744 53035884 212992 540252    0    0     0     0 32982 8376 100  0  0  0  0	
32  0  15744 53035884 212992 540256    0    0     0     0 33039 8381 100  0  0  0  0	
32  0  15744 53035884 212992 540256    0    0     0     0 32994 8412 100  0  0  0  0	
33  0  15744 53035880 212992 540260    0    0     0     0 33038 8411 100  0  0  0  0	
32  0  15744 53035880 212992 540264    0    0     0     0 33004 8377 100  0  0  0  0	
32  0  15744 53035880 212992 540268    0    0     0     0 33024 8376 100  0  0  0  0	
procs -----------memory---------- ---swap-- -----io---- --system-- -----cpu-----
 r  b   swpd   free   buff  cache   si   so    bi    bo   in   cs us sy id wa st
32  0  15744 53035880 212992 540268    0    0     0     0 33006 8374 100  0  0  0  0	
32  0  15744 53035880 212992 540272    0    0     0     0 33025 8378 100  0  0  0  0	
32  0  15744 53036012 212992 540280    0    0     0     0 33002 8376 100  0  0  0  0	
32  0  15744 53036020 212992 540284    0    0     0     0 33066 8443 100  0  0  0  0	
32  0  15744 53036012 212992 540284    0    0     0     0 32998 8377 100  0  0  0  0	
32  0  15744 53036012 212992 540288    0    0     0     0 33028 8374 100  0  0  0  0	
32  0  15744 53036012 212992 540292    0    0     0     0 33002 8391 100  0  0  0  0	
32  0  15744 53035880 212992 540296    0    0     0     0 33028 8381 100  0  0  0  0	
32  0  15744 53035880 212992 540296    0    0     0     0 33014 8374 100  0  0  0  0	
32  0  15744 53035880 212992 540300    0    0     0     4 33014 8458 100  0  0  0  0	
32  0  15744 53035880 212992 540308    0    0     0     0 33013 8376 100  0  0  0  0	
32  0  15744 53035880 212992 540312    0    0     0     0 33013 8376 100  0  0  0  0	
32  0  15744 53035880 212992 540312    0    0     0    12 33032 8389 100  0  0  0  0	
32  0  15744 53035880 212992 540316    0    0     0     0 33026 8373 100  0  0  0  0	
32  0  15744 53035888 212992 540320    0    0     0     0 33002 8378 100  0  0  0  0	
33  0  15744 53035888 212992 540320    0    0     0     0 33069 8447 100  0  0  0  0	
33  0  15744 53035892 212992 540324    0    0     0     0 33016 8461 100  0  0  0  0	
32  0  15744 53035760 212992 540328    0    0     0     0 33028 8380 100  0  0  0  0	
32  0  15744 53035760 212992 540332    0    0     0     0 33015 8374 100  0  0  0  0	
32  0  15744 53035760 212992 540332    0    0     0     0 32995 8378 100  0  0  0  0	
32  0  15744 53035760 212992 540340    0    0     0    16 33041 8380 100  0  0  0  0	
procs -----------memory---------- ---swap-- -----io---- --system-- -----cpu-----
 r  b   swpd   free   buff  cache   si   so    bi    bo   in   cs us sy id wa st
32  0  15744 53035760 212992 540344    0    0     0     0 33020 8386 100  0  0  0  0	
32  0  15744 53035768 212992 540348    0    0     0     0 33028 8377 100  0  0  0  0	
32  0  15744 53035776 212992 540348    0    0     0     0 33007 8377 100  0  0  0  0	
32  0  15744 53035768 212992 540352    0    0     0     0 32997 8373 100  0  0  0  0	
32  0  15744 53035768 212992 540360    0    0     0     0 33031 8376 100  0  0  0  0	
32  0  15744 53035768 212992 540364    0    0     0     0 33013 8379 100  0  0  0  0	
32  0  15744 53035884 212992 540364    0    0     0     0 33040 8442 100  0  0  0  0	
32  0  15744 53035884 212992 540368    0    0     0     0 33020 8374 100  0  0  0  0	
32  0  15744 53035884 212992 540372    0    0     0     0 32995 8379 100  0  0  0  0	
32  0  15744 53035884 212992 540380    0    0     0     0 33041 8371 100  0  0  0  0	
32  0  15744 53035884 212992 540380    0    0     0     0 32998 8371 100  0  0  0  0	
32  0  15744 53035884 212992 540384    0    0     0     0 33031 8374 100  0  0  0  0	
32  0  15744 53035884 212992 540388    0    0     0     0 33001 8376 100  0  0  0  0	
32  0  15744 53035892 212992 540392    0    0     0     0 33022 8379 100  0  0  0  0	
32  0  15744 53035892 212992 540392    0    0     0     0 33025 8401 100  0  0  0  0	
33  0  15744 53035892 212992 540396    0    0     0     0 33024 8414 100  0  0  0  0	
32  0  15744 53035884 212992 540404    0    0     0     0 33012 8372 100  0  0  0  0	
32  0  15744 53035884 212992 540404    0    0     0     0 33012 8376 100  0  0  0  0	
32  0  15744 53035884 212992 540408    0    0     0     0 33038 8440 100  0  0  0  0	
32  0  15744 53035884 212992 540412    0    0     0     0 33032 8373 100  0  0  0  0	
32  0  15744 53035884 212992 540416    0    0     0     0 32994 8379 100  0  0  0  0	
procs -----------memory---------- ---swap-- -----io---- --system-- -----cpu-----
 r  b   swpd   free   buff  cache   si   so    bi    bo   in   cs us sy id wa st
32  0  15744 53035892 212992 540416    0    0     0     0 33037 8377 100  0  0  0  0	
32  0  15744 53035900 212992 540420    0    0     0     0 32989 8381 100  0  0  0  0	
32  0  15744 53035892 212992 540424    0    0     0     4 33022 8373 100  0  0  0  0	
32  0  15744 53035892 212992 540428    0    0     0     0 33017 8379 100  0  0  0  0	
32  0  15744 53035892 212992 540428    0    0     0     0 33035 8407 100  0  0  0  0	
32  0  15744 53035752 212992 540432    0    0     0    20 33020 8394 100  0  0  0  0	
32  0  15744 53035752 212992 540436    0    0     0     0 33018 8376 100  0  0  0  0	
32  0  15744 53035752 212992 540444    0    0     0     0 33010 8387 100  0  0  0  0	
32  0  15744 53035752 212992 540444    0    0     0     0 33036 8372 100  0  0  0  0	
32  0  15744 53035752 212992 540448    0    0     0     0 33048 8448 100  0  0  0  0	
32  0  15744 53035752 212992 540452    0    0     0     0 33025 8375 100  0  0  0  0	
32  0  15744 53035752 212992 540456    0    0     0     0 33027 8396 100  0  0  0  0	
32  0  15744 53035884 212992 540456    0    0     0     0 33030 8380 100  0  0  0  0	
33  0  15744 53035884 212992 540464    0    0     0     0 33010 8408 100  0  0  0  0	
33  0  15744 53035884 212992 540468    0    0     0     0 33019 8410 100  0  0  0  0	
32  0  15744 53035876 212992 540472    0    0     0     0 33022 8385 100  0  0  0  0	
32  0  15744 53035752 212992 540472    0    0     0     0 33018 8378 100  0  0  0  0	
32  0  15744 53035752 212992 540476    0    0     0     0 33006 8374 100  0  0  0  0	
32  0  15744 53035752 212992 540480    0    0     0     0 33030 8372 100  0  0  0  0	
32  0  15744 53035752 212992 540480    0    0     0     0 32993 8381 100  0  0  0  0	
32  0  15744 53035760 212992 540484    0    0     0     0 33031 8376 100  0  0  0  0	
procs -----------memory---------- ---swap-- -----io---- --system-- -----cpu-----
 r  b   swpd   free   buff  cache   si   so    bi    bo   in   cs us sy id wa st
32  0  15744 53035776 212992 540488    0    0     0     0 33035 8447 100  0  0  0  0	
32  0  15744 53035768 212992 540492    0    0     0     0 33029 8373 100  0  0  0  0	
32  0  15744 53035768 212992 540492    0    0     0     0 33011 8376 100  0  0  0  0	
32  0  15744 53035768 212992 540496    0    0     0     0 33011 8386 100  0  0  0  0	
32  0  15744 53035760 212992 540500    0    0     0     0 33026 8374 100  0  0  0  0	
32  0  15744 53035760 212992 540508    0    0     0     0 33002 8377 100  0  0  0  0	
32  0  15744 53035760 212992 540512    0    0     0     0 33025 8507 100  0  0  0  0	
32  0  15744 53035760 212992 540516    0    0     0     0 33012 8372 100  0  0  0  0	
32  0  15744 53035760 212992 540520    0    0     0     0 33012 8377 100  0  0  0  0	
32  0  15744 53035760 212992 540524    0    0     0    20 33032 8392 100  0  0  0  0	
32  0  15744 53035760 212992 540528    0    0     0     0 33011 8365 100  0  0  0  0	
32  0  15744 53035768 212992 540532    0    0     0     0 33025 8379 100  0  0  0  0	
33  0  15744 53035768 212992 540536    0    0     0     0 33056 8502 100  0  0  0  0	
32  0  15744 53035768 212992 540540    0    0     0     0 33011 8395 100  0  0  0  0	
32  0  15744 53035760 212992 540540    0    0     0     0 33038 8376 100  0  0  0  0	
32  0  15744 53035760 212992 540544    0    0     0     0 33001 8376 100  0  0  0  0	
32  0  15744 53035760 212992 540548    0    0     0     8 33037 8378 100  0  0  0  0	
32  0  15744 53035760 212992 540548    0    0     0     0 32998 8374 100  0  0  0  0	
32  0  15744 53035760 212992 540552    0    0     0     0 33035 8385 100  0  0  0  0	
32  0  15744 53035768 212992 540556    0    0     0     0 33020 8378 100  0  0  0  0	
32  0  15744 53035776 212992 540560    0    0     0     0 33026 8376 100  0  0  0  0	
procs -----------memory---------- ---swap-- -----io---- --system-- -----cpu-----
 r  b   swpd   free   buff  cache   si   so    bi    bo   in   cs us sy id wa st
32  0  15744 53035768 212992 540560    0    0     0     0 33010 8374 100  0  0  0  0	
32  0  15744 53035768 212992 540564    0    0     0     0 33027 8379 100  0  0  0  0	
32  0  15744 53035768 212992 540568    0    0     0     0 32995 8381 100  0  0  0  0	
32  0  15744 53035636 212992 540576    0    0     0     0 33076 8445 100  0  0  0  0	
32  0  15744 53035636 212992 540576    0    0     0     0 32998 8376 100  0  0  0  0	
32  0  15744 53035636 212992 540580    0    0     0     0 33032 8380 100  0  0  0  0	
32  0  15744 53035636 212992 540584    0    0     0     0 32998 8376 100  0  0  0  0	
32  0  15744 53035636 212992 540592    0    0     0     0 33017 8375 100  0  0  0  0	
32  0  15744 53035636 212992 540592    0    0     0     0 33024 8374 100  0  0  0  0	
32  0  15744 53035636 212992 540596    0    0     0     0 33014 8381 100  0  0  0  0	
33  0  15744 53035644 212992 540600    0    0     0     0 33027 8441 100  0  0  0  0	
32  0  15744 53035644 212992 540604    0    0     0     0 33011 8376 100  0  0  0  0	
32  0  15744 53035644 212992 540604    0    0     0     0 33009 8385 100  0  0  0  0	
32  0  15744 53035636 212992 540608    0    0     0     0 33031 8372 100  0  0  0  0	
32  0  15744 53035636 212992 540612    0    0     0     0 33001 8381 100  0  0  0  0	
32  0  15744 53035636 212992 540616    0    0     0     0 33065 8441 100  0  0  0  0	
32  0  15744 53035512 212992 540616    0    0     0     0 32997 8376 100  0  0  0  0	
32  0  15744 53035512 212992 540620    0    0     0     0 33018 8380 100  0  0  0  0	
32  0  15744 53035644 212992 540624    0    0     0     0 33035 8381 100  0  0  0  0	
32  0  15744 53035652 212992 540624    0    0     0     0 33008 8382 100  0  0  0  0	
32  0  15744 53035644 212992 540628    0    0     0     0 33025 8373 100  0  0  0  0	
procs -----------memory---------- ---swap-- -----io---- --system-- -----cpu-----
 r  b   swpd   free   buff  cache   si   so    bi    bo   in   cs us sy id wa st
32  0  15744 53035644 212992 540632    0    0     0     0 33008 8376 100  0  0  0  0	
32  0  15744 53035644 212992 540636    0    0     0     0 33034 8397 100  0  0  0  0	
32  0  15744 53035628 212992 540640    0    0     0     0 33017 8378 100  0  0  0  0	
32  0  15744 53035628 212992 540648    0    0     0     0 33011 8372 100  0  0  0  0	
32  0  15744 53035628 212992 540652    0    0     0     0 33020 8375 100  0  0  0  0	
32  0  15744 53035628 212992 540656    0    0     0     0 33014 8374 100  0  0  0  0	
32  0  15744 53035752 212992 540656    0    0     0     0 33070 8464 100  0  0  0  0	
32  0  15744 53035752 212992 540660    0    0     0     0 33030 8373 100  0  0  0  0	
32  0  15744 53035752 212992 540668    0    0     0     0 33017 8421 100  0  0  0  0	
33  0  15744 53035760 212992 540672    0    0     0     0 33029 8407 100  0  0  0  0	
32  0  15744 53035760 212992 540672    0    0     0     0 32992 8513 100  0  0  0  0	
32  0  15744 53035760 212992 540676    0    0     0     0 33036 8382 100  0  0  0  0	
32  0  15744 53035752 212992 540680    0    0     0     0 33010 8381 100  0  0  0  0	
32  0  15744 53035752 212992 540684    0    0     0    16 33027 8388 100  0  0  0  0	
32  0  15744 53035752 212992 540684    0    0     0     0 33009 8373 100  0  0  0  0	
32  0  15744 53035752 212992 540688    0    0     0     0 33019 8374 100  0  0  0  0	
32  0  15744 53035752 212992 540692    0    0     0     0 33015 8379 100  0  0  0  0	
32  0  15744 53035760 212992 540696    0    0     0     0 33019 8373 100  0  0  0  0	
32  0  15744 53035768 212992 540696    0    0     0     0 33028 8442 100  0  0  0  0	
32  0  15744 53035760 212992 540700    0    0     0     0 33037 8373 100  0  0  0  0	
32  0  15744 53035760 212992 540704    0    0     0     0 32994 8376 100  0  0  0  0	
procs -----------memory---------- ---swap-- -----io---- --system-- -----cpu-----
 r  b   swpd   free   buff  cache   si   so    bi    bo   in   cs us sy id wa st
32  0  15744 53035760 212992 540712    0    0     0     0 33039 8389 100  0  0  0  0	
32  0  15744 53035760 212992 540716    0    0     0     0 33015 8374 100  0  0  0  0	
32  0  15744 53035760 212992 540720    0    0     0     0 33009 8380 100  0  0  0  0	
32  0  15744 53035760 212992 540724    0    0     0     0 33029 8377 100  0  0  0  0	
32  0  15744 53035760 212992 540724    0    0     0     0 33000 8377 100  0  0  0  0	
32  0  15744 53035760 212992 540728    0    0     0     0 33028 8380 100  0  0  0  0	
33  0  15744 53035760 212992 540732    0    0     0    12 33012 8393 100  0  0  0  0	
33  0  15744 53035760 212992 540736    0    0     0     0 33014 8435 100  0  0  0  0	
32  0  15744 53035768 212992 540736    0    0     0     0 33026 8381 100  0  0  0  0	
32  0  15744 53035768 212992 540740    0    0     0     0 33054 8443 100  0  0  0  0	
32  0  15744 53035768 212992 540744    0    0     0     0 33035 8406 100  0  0  0  0	
32  0  15744 53035752 212992 540748    0    0     0     0 33020 8375 100  0  0  0  0	
32  0  15744 53035752 212992 540748    0    0     0     0 33000 8377 100  0  0  0  0	
32  0  15744 53035752 212992 540752    0    0     0     0 33043 8381 100  0  0  0  0	
32  0  15744 53035752 212992 540756    0    0     0     0 32992 8375 100  0  0  0  0	
32  0  15744 53035752 212992 540760    0    0     0     0 33064 8394 100  0  0  0  0	
32  0  15744 53035636 212992 540760    0    0     0     0 32988 8376 100  0  0  0  0	
32  0  15744 53035644 212992 540764    0    0     0     0 33028 8375 100  0  0  0  0	
32  0  15744 53035636 212992 540772    0    0     0     0 33009 8377 100  0  0  0  0	
32  0  15744 53035636 212992 540780    0    0     0     0 33028 8375 100  0  0  0  0	
32  0  15744 53035636 212992 540780    0    0     0     0 33018 8380 100  0  0  0  0	
procs -----------memory---------- ---swap-- -----io---- --system-- -----cpu-----
 r  b   swpd   free   buff  cache   si   so    bi    bo   in   cs us sy id wa st
32  0  15744 53035628 212992 540784    0    0     0     0 33052 8444 100  0  0  0  0	
32  0  15744 53035628 212992 540788    0    0     0     0 33007 8380 100  0  0  0  0	
32  0  15744 53035628 212992 540788    0    0     0     8 33036 8380 100  0  0  0  0	
32  0  15744 53035628 212992 540792    0    0     0     0 32996 8371 100  0  0  0  0	
32  0  15744 53035632 212992 540796    0    0     0     0 33036 8379 100  0  0  0  0	
33  0  15744 53035632 212992 540800    0    0     0     0 32994 8431 100  0  0  0  0	
32  0  15744 53035632 212992 540800    0    0     0     0 33025 8387 100  0  0  0  0	
32  0  15744 53035764 212992 540804    0    0     0     0 33020 8383 100  0  0  0  0	
32  0  15744 53035764 212992 540808    0    0     0     0 33012 8376 100  0  0  0  0	
32  0  15744 53035764 212992 540812    0    0     0     0 33029 8379 100  0  0  0  0	
32  0  15744 53035756 212992 540816    0    0     0     0 33007 8376 100  0  0  0  0	
32  0  15744 53035756 212992 540820    0    0     0     0 33008 8375 100  0  0  0  0	
32  0  15744 53035764 212992 540824    0    0     0     0 33062 8441 100  0  0  0  0	
32  0  15744 53035764 212992 540828    0    0     0     0 33006 8375 100  0  0  0  0	
32  0  15744 53035764 212992 540832    0    0     0     0 33026 8378 100  0  0  0  0	
32  0  15744 53035772 212992 540836    0    0     0     0 33002 8375 100  0  0  0  0	
32  0  15744 53035780 212992 540840    0    0     0     0 33026 8377 100  0  0  0  0	
32  0  15744 53035772 212992 540848    0    0     0     0 33019 8375 100  0  0  0  0	
32  0  15744 53035772 212992 540848    0    0     0     0 33010 8381 100  0  0  0  0	
32  0  15744 53035772 212992 540852    0    0     0     0 33047 8402 100  0  0  0  0	
32  0  15744 53035640 212992 540856    0    0     0     0 33005 8377 100  0  0  0  0	
procs -----------memory---------- ---swap-- -----io---- --system-- -----cpu-----
 r  b   swpd   free   buff  cache   si   so    bi    bo   in   cs us sy id wa st
32  0  15744 53035640 212992 540860    0    0     0     0 33028 8377 100  0  0  0  0	
32  0  15744 53035640 212992 540860    0    0     0     0 33007 8379 100  0  0  0  0	
32  0  15744 53035640 212992 540864    0    0     0     0 33017 8376 100  0  0  0  0	
32  0  15744 53035764 212992 540868    0    0     0     0 33079 8479 100  0  0  0  0	
33  0  15744 53035640 212992 540868    0    0     0     0 33013 8415 100  0  0  0  0	
32  0  15744 53035640 212992 540872    0    0     0     0 33046 8393 100  0  0  0  0	
32  0  15744 53035648 212992 540876    0    0     0     0 33012 8383 100  0  0  0  0	
32  0  15744 53035648 212992 540880    0    0     0     0 33003 8373 100  0  0  0  0	
32  0  15744 53035648 212992 540880    0    0     0     0 33029 8384 100  0  0  0  0	
32  0  15744 53035640 212992 540884    0    0     0     0 32998 8374 100  0  0  0  0	
32  0  15744 53035640 212992 540888    0    0     0     0 33043 8373 100  0  0  0  0	
32  0  15744 53035640 212992 540896    0    0     0     0 32995 8383 100  0  0  0  0	
32  0  15744 53035640 212992 540896    0    0     0     0 33016 8377 100  0  0  0  0	
32  0  15744 53035640 212992 540900    0    0     0     0 33012 8379 100  0  0  0  0	
32  0  15744 53035648 212992 540904    0    0     0     0 33015 8375 100  0  0  0  0	
32  0  15744 53035656 212992 540908    0    0     0     0 33051 8444 100  0  0  0  0	
32  0  15744 53035524 212992 540912    0    0     0     0 33022 8381 100  0  0  0  0	
32  0  15744 53035524 212992 540916    0    0     0     0 32999 8374 100  0  0  0  0	
32  0  15744 53035524 212992 540920    0    0     0     0 33031 8391 100  0  0  0  0	
32  0  15744 53035516 212992 540924    0    0     0     0 32996 8373 100  0  0  0  0	
32  0  15744 53035516 212992 540924    0    0     0    20 33043 8391 100  0  0  0  0	
procs -----------memory---------- ---swap-- -----io---- --system-- -----cpu-----
 r  b   swpd   free   buff  cache   si   so    bi    bo   in   cs us sy id wa st
32  0  15744 53035516 212992 540928    0    0     0     0 32994 8374 100  0  0  0  0	
32  0  15744 53035516 212992 540932    0    0     0     0 33025 8377 100  0  0  0  0	
33  0  15744 53035516 212992 540936    0    0     0     0 33012 8411 100  0  0  0  0	
33  0  15744 53035516 212992 540936    0    0     0     0 33033 8409 100  0  0  0  0	
32  0  15744 53035516 212992 540940    0    0     0     0 33013 8378 100  0  0  0  0	
32  0  15744 53035524 212992 540944    0    0     0     0 33021 8381 100  0  0  0  0	
32  0  15744 53035524 212992 540944    0    0     0     0 33036 8442 100  0  0  0  0	
32  0  15744 53035524 212992 540948    0    0     0     0 33085 8405 100  0  0  0  0	
32  0  15744 53035508 212992 540956    0    0     0     0 32995 8378 100  0  0  0  0	
32  0  15744 53035508 212992 540960    0    0     0     0 33040 8374 100  0  0  0  0	
32  0  15744 53035508 212992 540960    0    0     0     0 32985 8377 100  0  0  0  0	
32  0  15744 53035508 212992 540964    0    0     0     0 33024 8376 100  0  0  0  0	
32  0  15744 53035508 212992 540972    0    0     0     0 33036 8385 100  0  0  0  0	
32  1  15744 53035516 212992 540976    0    0     0     8 33019 8388 100  0  0  0  0	
32  0  15744 53034748 212992 540988    0    0     0    40 33043 8403 100  0  0  0  0	
32  0  15744 53034756 212992 540992    0    0     0     0 33012 8376 100  0  0  0  0	
32  0  15744 53034756 212992 540996    0    0     0     0 33002 8377 100  0  0  0  0	
32  0  15744 53034756 212992 541000    0    0     0     0 33038 8390 100  0  0  0  0	
32  0  15744 53034756 212992 541000    0    0     0     0 33024 8437 100  0  0  0  0	
32  0  15744 53034756 212992 541004    0    0     0     0 33041 8382 100  0  0  0  0	
32  0  15744 53034756 212992 541008    0    0     0     0 32985 8379 100  0  0  0  0	
procs -----------memory---------- ---swap-- -----io---- --system-- -----cpu-----
 r  b   swpd   free   buff  cache   si   so    bi    bo   in   cs us sy id wa st
32  0  15744 53034764 212992 541012    0    0     0     0 33028 8374 100  0  0  0  0	
33  0  15744 53034764 212992 541012    0    0     0     0 33026 8441 100  0  0  0  0	
32  0  15744 53034764 212992 541016    0    0     0     0 33004 8377 100  0  0  0  0	
32  0  15744 53034764 212992 541020    0    0     0     0 33033 8379 100  0  0  0  0	
32  0  15744 53034896 212992 541024    0    0     0     0 33004 8391 100  0  0  0  0	
32  0  15744 53034904 212992 541028    0    0     0     0 33026 8375 100  0  0  0  0	
32  0  15744 53034904 212992 541032    0    0     0     0 33022 8384 100  0  0  0  0	
32  0  15744 53034896 212992 541036    0    0     0     0 33016 8377 100  0  0  0  0	
32  0  15744 53034896 212992 541036    0    0     0     0 33014 8373 100  0  0  0  0	
32  0  15744 53034896 212992 541040    0    0     0    32 33065 8451 100  0  0  0  0	
32  0  15744 53034896 212992 541044    0    0     0     0 33010 8375 100  0  0  0  0	
32  0  15744 53034896 212992 541048    0    0     0     0 33027 8381 100  0  0  0  0	
32  0  15744 53034904 212992 541052    0    0     0     0 32997 8372 100  0  0  0  0	
32  0  15744 53034912 212992 541056    0    0     0     0 33039 8378 100  0  0  0  0	
32  0  15744 53034904 212992 541060    0    0     0     0 32988 8383 100  0  0  0  0	
32  0  15744 53034904 212992 541064    0    0     0     0 33039 8375 100  0  0  0  0	
32  0  15744 53034780 212992 541064    0    0     0     0 33017 8406 100  0  0  0  0	
32  0  15744 53034764 212992 541068    0    0     0     0 33030 8375 100  0  0  0  0	
33  0  15744 53034764 212992 541072    0    0     0     0 33009 8373 100  0  0  0  0	
32  0  15744 53034764 212992 541076    0    0     0     0 33020 8378 100  0  0  0  0	
33  0  15744 53034764 212992 541076    0    0     0     0 33014 8402 100  0  0  0  0	
procs -----------memory---------- ---swap-- -----io---- --system-- -----cpu-----
 r  b   swpd   free   buff  cache   si   so    bi    bo   in   cs us sy id wa st
33  0  15744 53034764 212992 541080    0    0     0     0 32841 8897 98  0  2  0  0	
32  0  15744 53034764 212992 541088    0    0     0     0 31023 8554 92  1  7  0  0	
32  0  15744 53034640 212992 541092    0    0     0     0 32489 9032 97  0  3  0  0	
31  0  15744 53034648 212992 541092    0    0     0     0 32478 9142 97  0  3  0  0	
29  0  15744 53034644 212992 541096    0    0     0     0 31702 8944 94  1  6  0  0	
32  0  15744 53034512 212992 541100    0    0     0     0 26316 7234 79  0 21  0  0	
32  0  15744 53034512 212992 541104    0    0     0     0 32285 9080 96  0  4  0  0	
31  0  15744 53034512 212992 541104    0    0     0     0 31689 8569 95  0  5  0  0	
 9  0  15744 53034512 212992 541108    0    0     0     0 27312 7544 81  1 18  0  0	
32  0  15744 53034512 212992 541112    0    0     0     0 20081 5864 58  0 42  0  0	
32  0  15744 53034512 212992 541112    0    0     0     0 32353 8745 97  0  3  0  0	
31  0  15744 53034520 212992 541120    0    0     0     0 31799 8260 96  0  4  0  0	
29  0  15744 53034668 212992 541124    0    0     0     0 31527 8608 92  0  7  0  0	
32  0  15744 53034652 212992 541128    0    0     0     0 23831 6685 70  1 29  0  0	
32  0  15744 53034652 212992 541132    0    0     0     0 32390 8600 97  0  3  0  0	
32  0  15744 53034652 212992 541136    0    0     0     0 33003 8398 100  0  0  0  0	
30  0  15744 53034520 212992 541140    0    0     0     0 32149 8391 97  0  3  0  0	
32  0  15744 53034520 212992 541144    0    0     0     0 28286 7697 84  1 15  0  0	
32  0  15744 53034512 212992 541144    0    0     0     0 32512 9124 97  0  3  0  0	
32  0  15744 53034512 212992 541152    0    0     0     0 32491 9209 97  0  3  0  0	
30  0  15744 53034512 212992 541156    0    0     0     0 31925 8252 96  1  4  0  0	
procs -----------memory---------- ---swap-- -----io---- --system-- -----cpu-----
 r  b   swpd   free   buff  cache   si   so    bi    bo   in   cs us sy id wa st
32  0  15744 53034512 212992 541160    0    0     0    12 22398 6823 66  0 33  0  0	
32  0  15744 53034644 212992 541160    0    0     0     0 32112 8457 97  0  3  0  0	
31  0  15744 53034636 212992 541164    0    0     0     0 32126 8438 97  0  3  0  0	
30  0  15744 53034636 212992 541168    0    0     0     0 31958 8250 96  1  3  0  0	
32  0  15744 53034636 212992 541172    0    0     0     0 22068 6468 65  0 34  0  0	
32  0  15744 53034628 212992 541172    0    0     0     0 32326 8922 97  0  3  0  0	
31  0  15744 53034628 212992 541176    0    0     0     0 32946 8375 100  0  0  0  0	
29  0  15744 53034628 212992 541180    0    0     0     0 31336 8063 94  1  5  0  0	
32  1  15744 53034628 212992 541188    0    0     0    12 27879 7714 83  0 16  0  0	
32  0  15744 53034636 212992 541188    0    0     0     4 32372 9151 96  0  3  0  0	
31  0  15744 53033892 212992 541192    0    0     0     4 32674 9173 97  0  2  0  0	
10  0  15744 53032744 212992 541196    0    0     0     0 27822 8145 80  1 19  0  0	
32  0  15744 53032736 212992 541196    0    0     0     0 28748 7716 86  0 13  0  0	
32  0  15744 53032860 212992 541200    0    0     0     0 32543 9190 97  0  3  0  0	
31  0  15744 53033116 212992 541204    0    0     0     0 32167 8538 97  0  3  0  0	
 1  0  15744 53033108 212992 541208    0    0     0     0 27804 8314 81  1 18  0  0	
32  0  15744 53033232 212992 541212    0    0     0    48 24320 6848 72  0 28  0  0	
32  0  15744 53033304 212992 541216    0    0     0     0 32790 8456 99  0  1  0  0	
33  0  15744 53033320 212992 541220    0    0     0     0 33014 8430 100  0  0  0  0	
 8  0  15744 53033444 212992 541224    0    0     0     0 30156 7855 90  1  9  0  0	
32  0  15744 53033436 212992 541224    0    0     0     0 31031 8061 94  0  6  0  0	
procs -----------memory---------- ---swap-- -----io---- --system-- -----cpu-----
 r  b   swpd   free   buff  cache   si   so    bi    bo   in   cs us sy id wa st
32  0  15744 53033568 212992 541228    0    0     0     0 32604 8996 97  0  3  0  0	
31  0  15744 53033692 212992 541232    0    0     0     0 32342 8261 98  0  2  0  0	
 5  0  15744 53033692 212992 541236    0    0     0     0 24402 6827 72  1 27  0  0	
32  0  15744 53033684 212992 541236    0    0     0     0 32222 8580 97  0  3  0  0	
32  0  15744 53033800 212992 541240    0    0     0     0 33020 8381 100  0  0  0  0	
32  0  15744 53033800 212992 541244    0    0     0     0 33011 8384 100  0  0  0  0	
32  0  15744 53033800 212992 541248    0    0     0     0 32699 8437 98  1  1  0  0	
32  0  15744 53033812 212992 541252    0    0     0     0 33004 8385 100  0  0  0  0	
32  0  15744 53033820 212992 541256    0    0     0     0 33026 8388 100  0  0  0  0	
32  0  15744 53033836 212992 541260    0    0     0     0 33019 8385 100  0  0  0  0	
32  0  15744 53033712 212992 541264    0    0     0     0 33032 8400 100  0  0  0  0	
32  0  15744 53033712 212992 541264    0    0     0    44 33029 8384 100  0  0  0  0	
32  0  15744 53033712 212992 541268    0    0     0     0 33031 8381 100  0  0  0  0	
32  0  15744 53033728 212992 541276    0    0     0     0 33026 8408 100  0  0  0  0	
32  0  15744 53033720 212992 541276    0    0     0     0 33033 8387 100  0  0  0  0	
32  0  15744 53033712 212992 541280    0    0     0     0 32996 8383 100  0  0  0  0	
32  0  15744 53033712 212992 541288    0    0     0     0 33042 8389 100  0  0  0  0	
32  0  15744 53033712 212992 541292    0    0     0     0 32991 8410 100  0  0  0  0	
33  0  15744 53033712 212992 541292    0    0     0     0 33096 8499 100  0  0  0  0	
32  0  15744 53033712 212992 541296    0    0     0     0 32994 8384 100  0  0  0  0	
32  0  15744 53033720 212992 541300    0    0     0     0 33057 8396 100  0  0  0  0	
procs -----------memory---------- ---swap-- -----io---- --system-- -----cpu-----
 r  b   swpd   free   buff  cache   si   so    bi    bo   in   cs us sy id wa st
33  0  15744 53033720 212992 541304    0    0     0     0 33009 8388 100  0  0  0  0	
32  0  15744 53033720 212992 541304    0    0     0     0 33031 8381 100  0  0  0  0	
32  0  15744 53033720 212992 541308    0    0     0     0 33000 8388 100  0  0  0  0	
32  0  15744 53033712 212992 541312    0    0     0     0 33029 8380 100  0  0  0  0	
32  0  15744 53033712 212992 541316    0    0     0     0 32999 8386 100  0  0  0  0	
32  0  15744 53033712 212992 541320    0    0     0     0 33041 8388 100  0  0  0  0	
33  0  15744 53033712 212992 541324    0    0     0     0 33006 8385 100  0  0  0  0	
32  0  15744 53033720 212992 541328    0    0     0     0 33033 8389 100  0  0  0  0	
32  0  15744 53033852 212992 541332    0    0     0     0 33004 8384 100  0  0  0  0	
32  0  15744 53033844 212992 541336    0    0     0     0 33055 8448 100  0  0  0  0	
32  0  15744 53033844 212992 541340    0    0     0     0 33003 8380 100  0  0  0  0	
32  0  15744 53033844 212992 541344    0    0     0     0 33029 8384 100  0  0  0  0	
32  0  15744 53033844 212992 541348    0    0     0     0 33019 8396 100  0  0  0  0	
32  0  15744 53033712 212992 541348    0    0     0     0 33013 8381 100  0  0  0  0	
32  0  15744 53033712 212992 541352    0    0     0     0 33024 8377 100  0  0  0  0	
33  0  15744 53033712 212992 541356    0    0     0     0 33014 8398 100  0  0  0  0	
33  0  15744 53033712 212992 541356    0    0     0     0 33025 8433 100  0  0  0  0	
32  1  15744 53033712 212992 541360    0    0     0     8 33012 8416 100  0  0  0  0	
32  0  15744 53033712 212992 541364    0    0     0     4 33028 8394 100  0  0  0  0	
32  0  15744 53033720 212992 541368    0    0     0     0 33008 8384 100  0  0  0  0	
32  0  15744 53033720 212992 541368    0    0     0     0 33024 8387 100  0  0  0  0	
procs -----------memory---------- ---swap-- -----io---- --system-- -----cpu-----
 r  b   swpd   free   buff  cache   si   so    bi    bo   in   cs us sy id wa st
32  0  15744 53033720 212992 541372    0    0     0     0 33053 8449 100  0  0  0  0	
32  0  15744 53033720 212992 541376    0    0     0     0 33040 8409 100  0  0  0  0	
32  0  15744 53033704 212992 541380    0    0     0     0 33011 8385 100  0  0  0  0	
32  0  15744 53033704 212992 541384    0    0     0     0 33024 8387 100  0  0  0  0	
32  0  15744 53033708 212992 541388    0    0     0     0 33005 8383 100  0  0  0  0	
32  0  15744 53033708 212992 541392    0    0     0     0 33028 8384 100  0  0  0  0	
32  0  15744 53033716 212992 541400    0    0     0     0 33021 8393 100  0  0  0  0	
32  0  15744 53033724 212992 541400    0    0     0     0 33031 8386 100  0  0  0  0	
32  0  15744 53033716 212992 541404    0    0     0     0 33006 8382 100  0  0  0  0	
32  0  15744 53033716 212992 541408    0    0     0     0 33023 8382 100  0  0  0  0	
32  0  15744 53033716 212992 541412    0    0     0     0 33002 8380 100  0  0  0  0	
32  0  15744 53033708 212992 541412    0    0     0     0 33030 8389 100  0  0  0  0	
32  0  15744 53033708 212992 541416    0    0     0     0 33057 8456 100  0  0  0  0	
32  0  15744 53033708 212992 541420    0    0     0     0 33028 8386 100  0  0  0  0	
33  0  15744 53033708 212992 541424    0    0     0     0 33000 8417 100  0  0  0  0	
33  0  15744 53033720 212992 541424    0    0     0     0 33028 8414 100  0  0  0  0	
32  0  15744 53033720 212992 541428    0    0     0     0 33005 8387 100  0  0  0  0	
32  0  15744 53033720 212992 541432    0    0     0     0 33027 8385 100  0  0  0  0	
32  0  15744 53033728 212992 541436    0    0     0     0 33006 8381 100  0  0  0  0	
32  1  15744 53033728 212992 541440    0    0     0    12 33025 8387 100  0  0  0  0	
32  0  15744 53033728 212992 541444    0    0     0     4 33012 8396 100  0  0  0  0	
procs -----------memory---------- ---swap-- -----io---- --system-- -----cpu-----
 r  b   swpd   free   buff  cache   si   so    bi    bo   in   cs us sy id wa st
32  0  15744 53033596 212992 541448    0    0     0     0 33045 8386 100  0  0  0  0	
32  0  15744 53033596 212992 541456    0    0     0     0 33004 8378 100  0  0  0  0	
32  0  15744 53033596 212992 541464    0    0     0     0 33036 8384 100  0  0  0  0	
32  0  15744 53033596 212992 541468    0    0     0     0 33034 8446 100  0  0  0  0	
32  0  15744 53033596 212992 541468    0    0     0     0 33033 8389 100  0  0  0  0	
32  0  15744 53033728 212992 541472    0    0     0     0 33008 8392 100  0  0  0  0	
32  0  15744 53033736 212992 541476    0    0     0     0 33029 8382 100  0  0  0  0	
32  0  15744 53033728 212992 541480    0    0     0     0 33009 8383 100  0  0  0  0	
32  0  15744 53033728 212992 541480    0    0     0     4 33025 8384 100  0  0  0  0	
32  0  15744 53033728 212992 541484    0    0     0     0 33010 8387 100  0  0  0  0	
32  0  15744 53033720 212992 541488    0    0     0     0 33049 8403 100  0  0  0  0	
32  0  15744 53033720 212992 541492    0    0     0     0 32999 8386 100  0  0  0  0	
32  1  15744 53033596 212992 541492    0    0     0     8 33034 8384 100  0  0  0  0	
33  0  15744 53033596 212992 541496    0    0     0     4 33014 8426 100  0  0  0  0	
33  0  15744 53033596 212992 541500    0    0     0     0 33024 8414 100  0  0  0  0	
32  0  15744 53033596 212992 541504    0    0     0     0 33072 8467 100  0  0  0  0	
32  0  15744 53033596 212992 541504    0    0     0     0 33025 8382 100  0  0  0  0	
32  0  15744 53033604 212992 541508    0    0     0     0 33028 8396 100  0  0  0  0	
32  0  15744 53033604 212992 541512    0    0     0     0 33026 8385 100  0  0  0  0	
32  0  15744 53033604 212992 541512    0    0     0     0 33004 8384 100  0  0  0  0	
32  0  15744 53033596 212992 541520    0    0     0     0 33023 8390 100  0  0  0  0	
procs -----------memory---------- ---swap-- -----io---- --system-- -----cpu-----
 r  b   swpd   free   buff  cache   si   so    bi    bo   in   cs us sy id wa st
32  0  15744 53033596 212992 541528    0    0     0     0 33007 8384 100  0  0  0  0	
32  0  15744 53033596 212992 541532    0    0     0     0 33027 8386 100  0  0  0  0	
32  0  15744 53033596 212992 541532    0    0     0     0 32999 8384 100  0  0  0  0	
32  0  15744 53033596 212992 541536    0    0     0     0 33032 8382 100  0  0  0  0	
32  0  15744 53033604 212992 541540    0    0     0     0 33007 8381 100  0  0  0  0	
32  0  15744 53033736 212992 541544    0    0     0     0 33030 8383 100  0  0  0  0	
32  0  15744 53033728 212992 541544    0    0     0     0 33044 8446 100  0  0  0  0	
32  0  15744 53033728 212992 541548    0    0     0     0 33021 8383 100  0  0  0  0	
32  0  15744 53033728 212992 541552    0    0     0     0 33005 8379 100  0  0  0  0	
32  0  15744 53033720 212992 541556    0    0     0     0 33026 8401 100  0  0  0  0	
32  0  15744 53033720 212992 541556    0    0     0     0 33017 8388 100  0  0  0  0	
32  0  15744 53033720 212992 541560    0    0     0     0 33022 8384 100  0  0  0  0	
33  0  15744 53033720 212992 541564    0    0     0     0 33013 8429 100  0  0  0  0	
32  0  15744 53033596 212992 541572    0    0     0     0 33024 8400 100  0  0  0  0	
32  1  15744 53033596 212992 541572    0    0     0    32 33009 8389 100  0  0  0  0	
32  0  15744 53033596 212992 541576    0    0     0     4 33056 8399 100  0  0  0  0	
32  0  15744 53033604 212992 541584    0    0     0     0 33011 8382 100  0  0  0  0	
32  0  15744 53033604 212992 541588    0    0     0     0 33024 8384 100  0  0  0  0	
32  0  15744 53033608 212992 541588    0    0     0     0 33046 8445 100  0  0  0  0	
32  0  15744 53033600 212992 541596    0    0     0     0 33037 8407 100  0  0  0  0	
32  0  15744 53033600 212992 541604    0    0     0     0 33014 8384 100  0  0  0  0	
procs -----------memory---------- ---swap-- -----io---- --system-- -----cpu-----
 r  b   swpd   free   buff  cache   si   so    bi    bo   in   cs us sy id wa st
32  0  15744 53033600 212992 541604    0    0     0     0 33014 8386 100  0  0  0  0	
32  0  15744 53033600 212992 541608    0    0     0    24 33028 8386 100  0  0  0  0	
32  0  15744 53033600 212992 541612    0    0     0     0 33020 8385 100  0  0  0  0	
32  0  15744 53033608 212992 541616    0    0     0     0 33033 8395 100  0  0  0  0	
32  0  15744 53033616 212992 541616    0    0     0     0 33015 8374 100  0  0  0  0	
32  0  15744 53033608 212992 541620    0    0     0     0 33016 8383 100  0  0  0  0	
32  0  15744 53033608 212992 541624    0    0     0     0 33018 8381 100  0  0  0  0	
32  0  15744 53033608 212992 541628    0    0     0     0 33028 8382 100  0  0  0  0	
32  0  15744 53033600 212992 541628    0    0     0     0 33007 8393 100  0  0  0  0	
32  0  15744 53033600 212992 541632    0    0     0     0 33061 8446 100  0  0  0  0	
34  0  15744 53033600 212992 541636    0    0     0     0 33010 8395 100  0  0  0  0	
33  0  15744 53033600 212992 541640    0    0     0     0 33022 8436 100  0  0  0  0	
32  0  15744 53033476 212992 541640    0    0     0     0 33026 8381 100  0  0  0  0	
32  0  15744 53033476 212992 541648    0    0     0     0 33008 8384 100  0  0  0  0	
32  0  15744 53033476 212992 541652    0    0     0     0 33015 8382 100  0  0  0  0	
32  0  15744 53033484 212992 541656    0    0     0     0 33022 8370 100  0  0  0  0	
32  0  15744 53033484 212992 541660    0    0     0     0 33012 8389 100  0  0  0  0	
32  0  15744 53033484 212992 541664    0    0     0     0 33030 8381 100  0  0  0  0	
32  0  15744 53033476 212992 541668    0    0     0     0 33014 8389 100  0  0  0  0	
32  0  15744 53033476 212992 541672    0    0     0     0 33015 8379 100  0  0  0  0	
32  0  15744 53033476 212992 541672    0    0     0     0 33019 8385 100  0  0  0  0	
procs -----------memory---------- ---swap-- -----io---- --system-- -----cpu-----
 r  b   swpd   free   buff  cache   si   so    bi    bo   in   cs us sy id wa st
32  0  15744 53033476 212992 541676    0    0     0     0 33055 8450 100  0  0  0  0	
32  0  15744 53033476 212992 541680    0    0     0     0 33011 8383 100  0  0  0  0	
32  0  15744 53033608 212992 541680    0    0     0     0 33018 8383 100  0  0  0  0	
32  0  15744 53033616 212992 541684    0    0     0     0 33009 8383 100  0  0  0  0	
32  0  15744 53033608 212992 541688    0    0     0     0 33027 8383 100  0  0  0  0	
32  0  15744 53033608 212992 541692    0    0     0     4 33014 8390 100  0  0  0  0	
32  0  15744 53033608 212992 541692    0    0     0    24 33034 8393 100  0  0  0  0	
32  0  15744 53033592 212992 541696    0    0     0     0 33035 8405 100  0  0  0  0	
32  0  15744 53033592 212992 541700    0    0     0     0 33021 8383 100  0  0  0  0	
32  0  15744 53033592 212992 541704    0    0     0     0 33012 8402 100  0  0  0  0	
33  0  15744 53033596 212992 541708    0    0     0     0 33026 8436 100  0  0  0  0	
32  0  15744 53033596 212992 541712    0    0     0     0 33022 8386 100  0  0  0  0	
32  0  15744 53033472 212992 541716    0    0     0     0 33077 8482 100  0  0  0  0	
32  0  15744 53033472 212992 541720    0    0     0     0 33013 8382 100  0  0  0  0	
32  0  15744 53033480 212992 541724    0    0     0     0 33050 8398 100  0  0  0  0	
32  0  15744 53033480 212992 541728    0    0     0     0 33008 8382 100  0  0  0  0	
32  0  15744 53033480 212992 541732    0    0     0     0 33027 8386 100  0  0  0  0	
32  0  15744 53033472 212992 541736    0    0     0     0 33004 8387 100  0  0  0  0	
32  0  15744 53033472 212992 541736    0    0     0     0 33041 8389 100  0  0  0  0	
32  0  15744 53033596 212992 541740    0    0     0     0 33004 8385 100  0  0  0  0	
32  0  15744 53033596 212992 541744    0    0     0     0 33027 8381 100  0  0  0  0	
procs -----------memory---------- ---swap-- -----io---- --system-- -----cpu-----
 r  b   swpd   free   buff  cache   si   so    bi    bo   in   cs us sy id wa st
32  0  15744 53033600 212992 541748    0    0     0     0 33010 8385 100  0  0  0  0	
32  0  15744 53033608 212992 541752    0    0     0     0 33025 8387 100  0  0  0  0	
32  0  15744 53033624 212992 541756    0    0     0     0 33005 8387 100  0  0  0  0	
32  0  15744 53033616 212992 541760    0    0     0     0 33058 8446 100  0  0  0  0	
32  0  15744 53033616 212992 541760    0    0     0     0 33006 8379 100  0  0  0  0	
32  0  15744 53033616 212992 541764    0    0     0     0 33027 8387 100  0  0  0  0	
32  0  15744 53033484 212992 541772    0    0     0     0 33005 8395 100  0  0  0  0	
32  0  15744 53033484 212992 541776    0    0     0     0 33027 8381 100  0  0  0  0	
32  0  15744 53033484 212992 541776    0    0     0     0 33003 8410 100  0  0  0  0	
33  0  15744 53033484 212992 541780    0    0     0     0 33026 8412 100  0  0  0  0	
32  0  15744 53033484 212992 541784    0    0     0     0 33001 8387 100  0  0  0  0	
32  1  15744 53033484 212992 541788    0    0     0     8 33029 8392 100  0  0  0  0	
32  0  15744 53033360 212992 541788    0    0     0     4 33004 8467 100  0  0  0  0	
32  0  15744 53033368 212992 541796    0    0     0     0 33025 8384 100  0  0  0  0	
32  0  15744 53033368 212992 541800    0    0     0     0 33013 8385 100  0  0  0  0	
32  0  15744 53033368 212992 541804    0    0     0     0 33058 8448 100  0  0  0  0	
32  0  15744 53033360 212992 541804    0    0     0     0 33025 8392 100  0  0  0  0	
32  0  15744 53033360 212992 541808    0    0     0     0 33029 8374 100  0  0  0  0	
32  0  15744 53033360 212992 541812    0    0     0     0 32999 8373 100  0  0  0  0	
32  0  15744 53033360 212992 541816    0    0     0    16 33032 8379 100  0  0  0  0	
32  0  15744 53033360 212992 541816    0    0     0     0 33008 8381 100  0  0  0  0	
procs -----------memory---------- ---swap-- -----io---- --system-- -----cpu-----
 r  b   swpd   free   buff  cache   si   so    bi    bo   in   cs us sy id wa st
32  0  15744 53033368 212992 541820    0    0     0     0 33048 8384 100  0  0  0  0	
32  0  15744 53033376 212992 541824    0    0     0     0 33017 8375 100  0  0  0  0	
32  0  15744 53033368 212992 541828    0    0     0     0 33018 8374 100  0  0  0  0	
32  0  15744 53033368 212992 541832    0    0     0     0 33005 8373 100  0  0  0  0	
32  0  15744 53033368 212992 541836    0    0     0     0 33024 8377 100  0  0  0  0	
32  0  15744 53033360 212992 541840    0    0     0     0 33007 8380 100  0  0  0  0	
32  0  15744 53033360 212992 541840    0    0     0     0 33064 8441 100  0  0  0  0	
32  0  15744 53033360 212992 541844    0    0     0     0 33000 8416 100  0  0  0  0	
33  0  15744 53033360 212992 541848    0    0     0     0 33029 8403 100  0  0  0  0	
32  0  15744 53033360 212992 541852    0    0     0     0 33007 8382 100  0  0  0  0	
32  0  15744 53033360 212992 541852    0    0     0     0 33021 8379 100  0  0  0  0	
32  0  15744 53033360 212992 541860    0    0     0     0 33014 8378 100  0  0  0  0	
32  0  15744 53033368 212992 541864    0    0     0     0 33016 8374 100  0  0  0  0	
32  0  15744 53033368 212992 541868    0    0     0     0 33020 8381 100  0  0  0  0	
32  0  15744 53033368 212992 541868    0    0     0     0 33027 8377 100  0  0  0  0	
32  0  15744 53033360 212992 541872    0    0     0     0 33016 8381 100  0  0  0  0	
32  0  15744 53033360 212992 541876    0    0     0     0 33023 8375 100  0  0  0  0	
32  0  15744 53033360 212992 541880    0    0     0     0 33008 8378 100  0  0  0  0	
32  0  15744 53033360 212992 541880    0    0     0     0 33057 8439 100  0  0  0  0	
32  0  15744 53033360 212992 541884    0    0     0     0 33011 8372 100  0  0  0  0	
32  0  15744 53033492 212992 541888    0    0     0     0 33025 8386 100  0  0  0  0	
procs -----------memory---------- ---swap-- -----io---- --system-- -----cpu-----
 r  b   swpd   free   buff  cache   si   so    bi    bo   in   cs us sy id wa st
32  0  15744 53033500 212992 541896    0    0     0     0 33036 8381 100  0  0  0  0	
32  0  15744 53033492 212992 541900    0    0     0     0 33017 8373 100  0  0  0  0	
32  0  15744 53033492 212992 541904    0    0     0     0 33016 8423 100  0  0  0  0	
32  0  15744 53033492 212992 541908    0    0     0     0 33024 8381 100  0  0  0  0	
32  0  15744 53033360 212992 541908    0    0     0     0 33032 8398 100  0  0  0  0	
32  0  15744 53033360 212992 541912    0    0     0     0 33018 8376 100  0  0  0  0	
34  0  15744 53033360 212992 541916    0    0     0     0 33017 8430 100  0  0  0  0	
32  0  15744 53033360 212992 541920    0    0     0     0 33011 8384 100  0  0  0  0	
32  0  15744 53033360 212992 541920    0    0     0     0 33024 8377 100  0  0  0  0	
32  0  15744 53033360 212992 541928    0    0     0     0 33073 8454 100  0  0  0  0	
32  0  15744 53033360 212992 541932    0    0     0     0 33015 8374 100  0  0  0  0	
32  0  15744 53033368 212992 541936    0    0     0     0 33035 8387 100  0  0  0  0	
32  0  15744 53033244 212992 541936    0    0     0     0 33018 8380 100  0  0  0  0	
32  0  15744 53033244 212992 541940    0    0     0     0 33015 8378 100  0  0  0  0	
32  1  15744 53033240 212992 541944    0    0     0    12 33020 8382 100  0  0  0  0	
32  0  15744 53033240 212992 541948    0    0     0     4 33021 8387 100  0  0  0  0	
32  0  15744 53033240 212992 541948    0    0     0     0 33019 8375 100  0  0  0  0	
32  0  15744 53033240 212992 541952    0    0     0     0 33009 8374 100  0  0  0  0	
32  0  15744 53033240 212992 541960    0    0     0     0 33021 8376 100  0  0  0  0	
32  0  15744 53033248 212992 541964    0    0     0     0 33013 8377 100  0  0  0  0	
32  0  15744 53033256 212992 541964    0    0     0     0 33023 8377 100  0  0  0  0	
procs -----------memory---------- ---swap-- -----io---- --system-- -----cpu-----
 r  b   swpd   free   buff  cache   si   so    bi    bo   in   cs us sy id wa st
32  0  15744 53033248 212992 541968    0    0     0     0 33035 8440 100  0  0  0  0	
32  0  15744 53033248 212992 541972    0    0     0     0 33025 8376 100  0  0  0  0	
32  0  15744 53033248 212992 541976    0    0     0     0 33008 8377 100  0  0  0  0	
32  0  15744 53033240 212992 541976    0    0     0     0 33033 8385 100  0  0  0  0	
32  0  15744 53033240 212992 541980    0    0     0     0 33002 8380 100  0  0  0  0	
33  0  15744 53033240 212992 541984    0    0     0     0 33023 8437 100  0  0  0  0	
32  0  15744 53033240 212992 541984    0    0     0     0 33013 8375 100  0  0  0  0	
32  0  15744 53033364 212992 541992    0    0     0     0 33024 8380 100  0  0  0  0	
32  1  15744 53033364 212992 541996    0    0     0     8 33017 8383 100  0  0  0  0	
32  0  15744 53033364 212992 542000    0    0     0     4 33029 8382 100  0  0  0  0	
32  0  15744 53033372 212992 542000    0    0     0     0 33006 8374 100  0  0  0  0	
32  0  15744 53033372 212992 542004    0    0     0     0 33041 8382 100  0  0  0  0	
32  0  15744 53033372 212992 542008    0    0     0     0 33070 8442 100  0  0  0  0	
32  0  15744 53033356 212992 542012    0    0     0     0 33050 8455 100  0  0  0  0	
32  0  15744 53033356 212992 542016    0    0     0     0 32995 8376 100  0  0  0  0	
32  0  15744 53033356 212992 542020    0    0     0     0 33038 8375 100  0  0  0  0	
32  0  15744 53033356 212992 542024    0    0     0     0 33004 8375 100  0  0  0  0	
32  0  15744 53033356 212992 542028    0    0     0     0 33026 8378 100  0  0  0  0	
32  0  15744 53033364 212992 542028    0    0     0     0 33019 8397 100  0  0  0  0	
32  0  15744 53033372 212992 542032    0    0     0     0 33039 8377 100  0  0  0  0	
32  0  15744 53033372 212992 542036    0    0     0     0 32998 8377 100  0  0  0  0	
procs -----------memory---------- ---swap-- -----io---- --system-- -----cpu-----
 r  b   swpd   free   buff  cache   si   so    bi    bo   in   cs us sy id wa st
32  0  15744 53033364 212992 542040    0    0     0     0 33038 8375 100  0  0  0  0	
32  0  15744 53033364 212992 542040    0    0     0     0 32994 8375 100  0  0  0  0	
32  0  15744 53033356 212992 542044    0    0     0     0 33039 8385 100  0  0  0  0	
32  0  15744 53033356 212992 542052    0    0     0     0 33043 8480 100  0  0  0  0	
33  0  15744 53033356 212992 542056    0    0     0     0 33041 8405 100  0  0  0  0	
32  0  15744 53033356 212992 542060    0    0     0     8 32996 8380 100  0  0  0  0	
32  0  15744 53033356 212992 542064    0    0     0     0 33030 8375 100  0  0  0  0	
32  0  15744 53033356 212992 542068    0    0     0     0 33000 8377 100  0  0  0  0	
32  0  15744 53033356 212992 542068    0    0     0     0 33031 8381 100  0  0  0  0	
32  0  15744 53033488 212992 542072    0    0     0     0 33008 8372 100  0  0  0  0	
32  0  15744 53033488 212992 542076    0    0     0     0 33045 8384 100  0  0  0  0	
32  0  15744 53033488 212992 542084    0    0     0     0 32994 8379 100  0  0  0  0	
32  0  15744 53033232 212992 542084    0    0     0     0 33051 8377 100  0  0  0  0	
32  0  15744 53033232 212992 542088    0    0     0     0 33012 8376 100  0  0  0  0	
32  0  15744 53033248 212992 542092    0    0     0     0 33024 8379 100  0  0  0  0	
32  0  15744 53033240 212992 542096    0    0     0     0 33058 8440 100  0  0  0  0	
32  0  15744 53033240 212992 542096    0    0     0     0 33000 8372 100  0  0  0  0	
32  0  15744 53033248 212992 542100    0    0     0     0 33029 8383 100  0  0  0  0	
32  0  15744 53033248 212992 542104    0    0     0     0 33009 8373 100  0  0  0  0	
32  0  15744 53033248 212992 542108    0    0     0     0 33025 8377 100  0  0  0  0	
32  0  15744 53033248 212992 542108    0    0     0     0 33010 8379 100  0  0  0  0	
procs -----------memory---------- ---swap-- -----io---- --system-- -----cpu-----
 r  b   swpd   free   buff  cache   si   so    bi    bo   in   cs us sy id wa st
32  0  15744 53033248 212992 542112    0    0     0     0 33023 8376 100  0  0  0  0	
32  0  15744 53033240 212992 542116    0    0     0     0 33011 8421 100  0  0  0  0	
33  0  15744 53033240 212992 542120    0    0     0     0 33036 8409 100  0  0  0  0	
32  0  15744 53033240 212992 542120    0    0     0     0 33000 8381 100  0  0  0  0	
32  0  15744 53033240 212992 542128    0    0     0     0 33031 8377 100  0  0  0  0	
32  0  15744 53033240 212992 542132    0    0     0     0 33008 8382 100  0  0  0  0	
32  0  15744 53033240 212992 542136    0    0     0     0 33084 8458 100  0  0  0  0	
32  0  15744 53033240 212992 542136    0    0     0     0 33012 8376 100  0  0  0  0	
32  0  15744 53033248 212992 542144    0    0     0     0 33052 8390 100  0  0  0  0	
32  0  15744 53033248 212992 542148    0    0     0     0 33011 8380 100  0  0  0  0	
32  0  15744 53033248 212992 542148    0    0     0     0 33027 8375 100  0  0  0  0	
32  0  15744 53033240 212992 542152    0    0     0     0 33007 8381 100  0  0  0  0	
32  0  15744 53033240 212992 542156    0    0     0     0 33021 8377 100  0  0  0  0	
32  0  15744 53033248 212992 542160    0    0     0     0 33011 8375 100  0  0  0  0	
32  0  15744 53033240 212992 542160    0    0     0     0 33030 8376 100  0  0  0  0	
32  0  15744 53033240 212992 542164    0    0     0     0 33001 8375 100  0  0  0  0	
32  0  15744 53033248 212992 542168    0    0     0     0 33034 8387 100  0  0  0  0	
32  0  15744 53033248 212992 542172    0    0     0     0 33003 8374 100  0  0  0  0	
32  0  15744 53033248 212992 542172    0    0     0     0 33059 8441 100  0  0  0  0	
32  0  15744 53033248 212992 542176    0    0     0     0 33005 8376 100  0  0  0  0	
32  0  15744 53033248 212992 542180    0    0     0     0 33024 8378 100  0  0  0  0	
procs -----------memory---------- ---swap-- -----io---- --system-- -----cpu-----
 r  b   swpd   free   buff  cache   si   so    bi    bo   in   cs us sy id wa st
33  0  15744 53033240 212992 542184    0    0     0     0 33018 8437 100  0  0  0  0	
32  1  15744 53033240 212992 542184    0    0     0    16 33016 8397 100  0  0  0  0	
32  0  15744 53033240 212992 542192    0    0     0     4 33019 8390 100  0  0  0  0	
32  0  15744 53033240 212992 542196    0    0     0     0 33020 8368 100  0  0  0  0	
32  0  15744 53033364 212992 542204    0    0     0     0 33023 8375 100  0  0  0  0	
32  0  15744 53033364 212992 542208    0    0     0     0 33016 8381 100  0  0  0  0	
32  0  15744 53033364 212992 542212    0    0     0     0 33036 8383 100  0  0  0  0	
32  0  15744 53033372 212992 542216    0    0     0     0 33013 8376 100  0  0  0  0	
32  0  15744 53033372 212992 542220    0    0     0     0 33026 8382 100  0  0  0  0	
32  0  15744 53033372 212992 542220    0    0     0     0 33049 8442 100  0  0  0  0	
32  0  15744 53033364 212992 542224    0    0     0     0 33045 8393 100  0  0  0  0	
32  0  15744 53033364 212992 542228    0    0     0     0 33000 8376 100  0  0  0  0	
32  0  15744 53033248 212992 542228    0    0     0     0 33031 8376 100  0  0  0  0	
32  0  15744 53033240 212992 542232    0    0     0     0 33006 8375 100  0  0  0  0	
32  0  15744 53033240 212992 542236    0    0     0     0 33039 8377 100  0  0  0  0	
32  0  15744 53033248 212992 542240    0    0     0     0 33019 8393 100  0  0  0  0	
32  0  15744 53033248 212992 542240    0    0     0     0 33032 8374 100  0  0  0  0	
32  0  15744 53033248 212992 542244    0    0     0     0 32998 8379 100  0  0  0  0	
32  0  15744 53033252 212992 542248    0    0     0     0 33035 8387 100  0  0  0  0	
32  0  15744 53033252 212992 542252    0    0     0     0 33005 8408 100  0  0  0  0	
33  0  15744 53033244 212992 542252    0    0     0     0 33037 8410 100  0  0  0  0	
procs -----------memory---------- ---swap-- -----io---- --system-- -----cpu-----
 r  b   swpd   free   buff  cache   si   so    bi    bo   in   cs us sy id wa st
32  0  15744 53033244 212992 542260    0    0     0     0 33022 8436 100  0  0  0  0	
32  0  15744 53033244 212992 542268    0    0     0     0 33043 8384 100  0  0  0  0	
32  0  15744 53033244 212992 542272    0    0     0     0 32995 8378 100  0  0  0  0	
32  0  15744 53033244 212992 542272    0    0     0     0 33033 8375 100  0  0  0  0	
32  0  15744 53033244 212992 542276    0    0     0     0 33003 8384 100  0  0  0  0	
32  0  15744 53033244 212992 542280    0    0     0     0 33030 8373 100  0  0  0  0	
32  0  15744 53033376 212992 542284    0    0     0     0 32991 8375 100  0  0  0  0	
32  0  15744 53033376 212992 542284    0    0     0     0 33046 8382 100  0  0  0  0	
32  0  15744 53033376 212992 542288    0    0     0     0 32993 8378 100  0  0  0  0	
32  0  15744 53033368 212992 542292    0    0     0     0 33047 8381 100  0  0  0  0	
32  0  15744 53033368 212992 542296    0    0     0     0 32996 8378 100  0  0  0  0	
32  0  15744 53033376 212992 542296    0    0     0     0 33035 8376 100  0  0  0  0	
33  0  15744 53033368 212992 542300    0    0     0     8 33035 8442 100  0  0  0  0	
32  0  15744 53033368 212992 542304    0    0     0     0 33031 8376 100  0  0  0  0	
32  0  15744 53033376 212992 542304    0    0     0     0 33012 8385 100  0  0  0  0	
32  0  15744 53033376 212992 542308    0    0     0     0 33026 8377 100  0  0  0  0	
32  0  15744 53033376 212992 542312    0    0     0     0 33015 8386 100  0  0  0  0	
32  0  15744 53033376 212992 542316    0    0     0     0 33026 8378 100  0  0  0  0	
33  0  15744 53033376 212992 542316    0    0     0     0 33017 8441 100  0  0  0  0	
32  0  15744 53033360 212992 542328    0    0     0     0 33037 8395 100  0  0  0  0	
32  0  15744 53033360 212992 542332    0    0     0     0 33010 8375 100  0  0  0  0	
procs -----------memory---------- ---swap-- -----io---- --system-- -----cpu-----
 r  b   swpd   free   buff  cache   si   so    bi    bo   in   cs us sy id wa st
32  0  15744 53033360 212992 542336    0    0     0     0 33016 8376 100  0  0  0  0	
32  0  15744 53033360 212992 542336    0    0     0     0 33019 8377 100  0  0  0  0	
32  0  15744 53033360 212992 542340    0    0     0     0 33016 8377 100  0  0  0  0	
32  0  15744 53033360 212992 542344    0    0     0     0 33079 8454 100  0  0  0  0	
32  0  15744 53033360 212992 542348    0    0     0     0 33016 8373 100  0  0  0  0	
32  0  15744 53033368 212992 542348    0    0     0     0 33046 8389 100  0  0  0  0	
32  0  15744 53033368 212992 542356    0    0     0     0 33012 8377 100  0  0  0  0	
32  0  15744 53033368 212992 542360    0    0     0     0 33030 8378 100  0  0  0  0	
32  0  15744 53033236 212992 542364    0    0     0     0 33009 8383 100  0  0  0  0	
32  0  15744 53033236 212992 542364    0    0     0     0 33035 8382 100  0  0  0  0	
32  0  15744 53033244 212992 542368    0    0     0     0 33015 8375 100  0  0  0  0	
32  0  15744 53033236 212992 542372    0    0     0     0 33025 8373 100  0  0  0  0	
32  0  15744 53033112 212992 542376    0    0     0     0 33008 8375 100  0  0  0  0	
32  0  15744 53033120 212992 542376    0    0     0     0 33028 8377 100  0  0  0  0	
32  0  15744 53033128 212992 542380    0    0     0     0 33006 8378 100  0  0  0  0	
32  0  15744 53033128 212992 542384    0    0     0     0 33063 8438 100  0  0  0  0	
33  0  15744 53033128 212992 542388    0    0     0     0 33010 8420 100  0  0  0  0	
32  0  15744 53033128 212992 542392    0    0     0     0 33024 8398 100  0  0  0  0	
32  0  15744 53033120 212992 542400    0    0     0     0 33012 8382 100  0  0  0  0	
32  0  15744 53033120 212992 542404    0    0     0     0 33025 8374 100  0  0  0  0	
32  0  15744 53033120 212992 542404    0    0     0     0 33008 8375 100  0  0  0  0	
procs -----------memory---------- ---swap-- -----io---- --system-- -----cpu-----
 r  b   swpd   free   buff  cache   si   so    bi    bo   in   cs us sy id wa st
32  0  15744 53033120 212992 542408    0    0     0     0 33023 8383 100  0  0  0  0	
32  0  15744 53033244 212992 542412    0    0     0     0 33018 8377 100  0  0  0  0	
32  1  15744 53033244 212992 542416    0    0     0    12 33022 8386 100  0  0  0  0	
32  0  15744 53033244 212992 542416    0    0     0     0 33024 8384 100  0  0  0  0	
32  0  15744 53033252 212992 542420    0    0     0     0 33019 8379 100  0  0  0  0	
32  0  15744 53033252 212992 542424    0    0     0     0 33025 8383 100  0  0  0  0	
32  0  15744 53033128 212992 542428    0    0     0     0 33058 8444 100  0  0  0  0	
32  0  15744 53033120 212992 542428    0    0     0     0 33031 8397 100  0  0  0  0	
32  0  15744 53033120 212992 542432    0    0     0     0 33020 8366 100  0  0  0  0	
32  0  15744 53033128 212992 542436    0    0     0     0 33024 8373 100  0  0  0  0	
32  0  15744 53033120 212992 542440    0    0     0    24 33014 8390 100  0  0  0  0	
32  0  15744 53033120 212992 542440    0    0     0     0 33028 8380 100  0  0  0  0	
32  0  15744 53033128 212992 542448    0    0     0     0 33032 8386 100  0  0  0  0	
32  0  15744 53033128 212992 542452    0    0     0     0 33024 8381 100  0  0  0  0	
32  0  15744 53033128 212992 542456    0    0     0     0 33012 8376 100  0  0  0  0	
33  0  15744 53033128 212992 542456    0    0     0     0 33020 8436 100  0  0  0  0	
32  0  15744 53033128 212992 542464    0    0     0     0 33012 8380 100  0  0  0  0	
32  0  15744 53033120 212992 542468    0    0     0     0 33030 8377 100  0  0  0  0	
32  0  15744 53033120 212992 542468    0    0     0     0 33042 8441 100  0  0  0  0	
32  0  15744 53033120 212992 542472    0    0     0     0 33028 8377 100  0  0  0  0	
32  0  15744 53033120 212992 542476    0    0     0     0 33003 8374 100  0  0  0  0	
procs -----------memory---------- ---swap-- -----io---- --system-- -----cpu-----
 r  b   swpd   free   buff  cache   si   so    bi    bo   in   cs us sy id wa st
32  0  15744 53033120 212992 542480    0    0     0     0 33032 8375 100  0  0  0  0	
32  0  15744 53033120 212992 542480    0    0     0     0 33009 8375 100  0  0  0  0	
32  0  15744 53033120 212992 542484    0    0     0     0 33019 8379 100  0  0  0  0	
32  0  15744 53033252 212992 542488    0    0     0     0 33011 8373 100  0  0  0  0	
32  0  15744 53033252 212992 542492    0    0     0     0 33032 8376 100  0  0  0  0	
32  0  15744 53033252 212992 542492    0    0     0     0 33015 8368 100  0  0  0  0	
32  0  15744 53033244 212992 542496    0    0     0     0 33033 8382 100  0  0  0  0	
32  0  15744 53033244 212992 542500    0    0     0     0 33004 8375 100  0  0  0  0	
32  0  15744 53033252 212992 542508    0    0     0     0 33036 8375 100  0  0  0  0	
32  0  15744 53033244 212992 542512    0    0     0     0 33030 8438 100  0  0  0  0	
32  0  15744 53033244 212992 542516    0    0     0     0 33033 8374 100  0  0  0  0	
32  0  15744 53033252 212992 542520    0    0     0     0 33000 8375 100  0  0  0  0	
32  0  15744 53033004 212992 542524    0    0     0     0 33046 8383 100  0  0  0  0	
32  0  15744 53033004 212992 542524    0    0     0     0 33006 8405 100  0  0  0  0	
33  0  15744 53033004 212992 542532    0    0     0     8 33035 8417 100  0  0  0  0	
32  0  15744 53033004 212992 542536    0    0     0     0 33003 8380 100  0  0  0  0	
32  0  15744 53032996 212992 542540    0    0     0     0 33048 8392 100  0  0  0  0	
32  0  15744 53032996 212992 542540    0    0     0     0 32995 8378 100  0  0  0  0	
32  1  15744 53032996 212992 542544    0    0     0    12 33044 8381 100  0  0  0  0	
32  0  15744 53032996 212992 542548    0    0     0     0 33001 8396 100  0  0  0  0	
32  0  15744 53032996 212992 542548    0    0     0     0 33039 8378 100  0  0  0  0	
procs -----------memory---------- ---swap-- -----io---- --system-- -----cpu-----
 r  b   swpd   free   buff  cache   si   so    bi    bo   in   cs us sy id wa st
32  0  15744 53032996 212992 542552    0    0     0     0 33057 8457 100  0  0  0  0	
32  0  15744 53032996 212992 542556    0    0     0     0 33036 8374 100  0  0  0  0	
32  0  15744 53033004 212992 542560    0    0     0     0 33018 8383 100  0  0  0  0	
32  0  15744 53033008 212992 542560    0    0     0     0 33036 8382 100  0  0  0  0	
32  0  15744 53033008 212992 542564    0    0     0     0 32999 8377 100  0  0  0  0	
32  0  15744 53033000 212992 542568    0    0     0     0 33035 8382 100  0  0  0  0	
32  0  15744 53033000 212992 542576    0    0     0     0 32995 8375 100  0  0  0  0	
32  0  15744 53033008 212992 542576    0    0     0     0 33037 8381 100  0  0  0  0	
32  0  15744 53033000 212992 542580    0    0     0     0 32993 8373 100  0  0  0  0	
32  0  15744 53033000 212992 542584    0    0     0     0 33036 8375 100  0  0  0  0	
32  0  15744 53033008 212992 542588    0    0     0     0 32991 8379 100  0  0  0  0	
32  0  15744 53033008 212992 542588    0    0     0     0 33041 8383 100  0  0  0  0	
33  0  15744 53033008 212992 542596    0    0     0     0 33027 8468 100  0  0  0  0	
33  0  15744 53033008 212992 542600    0    0     0     0 33036 8411 100  0  0  0  0	
32  0  15744 53033008 212992 542604    0    0     0     0 32990 8380 100  0  0  0  0	
32  0  15744 53033000 212992 542604    0    0     0     0 33044 8385 100  0  0  0  0	
32  0  15744 53033000 212992 542608    0    0     0     0 32998 8372 100  0  0  0  0	
32  0  15744 53033000 212992 542612    0    0     0     0 33033 8380 100  0  0  0  0	
32  0  15744 53033000 212992 542616    0    0     0     0 33000 8380 100  0  0  0  0	
32  0  15744 53033000 212992 542616    0    0     0     0 33030 8373 100  0  0  0  0	
32  0  15744 53033000 212992 542620    0    0     0     0 32997 8379 100  0  0  0  0	
procs -----------memory---------- ---swap-- -----io---- --system-- -----cpu-----
 r  b   swpd   free   buff  cache   si   so    bi    bo   in   cs us sy id wa st
32  0  15744 53033000 212992 542624    0    0     0    20 33044 8387 100  0  0  0  0	
32  0  15744 53033008 212992 542624    0    0     0     0 32997 8373 100  0  0  0  0	
32  0  15744 53033008 212992 542628    0    0     0     0 33040 8382 100  0  0  0  0	
32  0  15744 53033008 212992 542636    0    0     0     0 33034 8443 100  0  0  0  0	
32  0  15744 53032868 212992 542640    0    0     0     0 33056 8400 100  0  0  0  0	
32  0  15744 53032868 212992 542640    0    0     0     0 32992 8376 100  0  0  0  0	
32  0  15744 53032876 212992 542644    0    0     0     0 33036 8376 100  0  0  0  0	
32  0  15744 53032868 212992 542648    0    0     0     8 32999 8378 100  0  0  0  0	
32  0  15744 53032868 212992 542652    0    0     0     0 33042 8377 100  0  0  0  0	
32  0  15744 53032876 212992 542652    0    0     0     0 33013 8387 100  0  0  0  0	
32  0  15744 53033000 212992 542660    0    0     0     0 33037 8376 100  0  0  0  0	
33  0  15744 53033000 212992 542668    0    0     0     0 33000 8408 100  0  0  0  0	
33  0  15744 53032876 212992 542672    0    0     0     0 33025 8405 100  0  0  0  0	
32  0  15744 53032876 212992 542672    0    0     0     0 33004 8372 100  0  0  0  0	
32  0  15744 53032868 212992 542676    0    0     0     0 33030 8379 100  0  0  0  0	
32  0  15744 53032868 212992 542680    0    0     0     0 33050 8446 100  0  0  0  0	
32  0  15744 53032868 212992 542684    0    0     0     0 33031 8377 100  0  0  0  0	
32  0  15744 53032868 212992 542684    0    0     0     0 32998 8380 100  0  0  0  0	
32  0  15744 53032876 212992 542688    0    0     0    16 33050 8386 100  0  0  0  0	
32  0  15744 53032876 212992 542692    0    0     0     0 32993 8377 100  0  0  0  0	
32  0  15744 53032876 212992 542700    0    0     0     0 33041 8375 100  0  0  0  0	
procs -----------memory---------- ---swap-- -----io---- --system-- -----cpu-----
 r  b   swpd   free   buff  cache   si   so    bi    bo   in   cs us sy id wa st
32  0  15744 53033008 212992 542700    0    0     0     0 32994 8377 100  0  0  0  0	
32  0  15744 53033008 212992 542704    0    0     0     0 33041 8384 100  0  0  0  0	
32  0  15744 53033008 212992 542708    0    0     0     0 32999 8375 100  0  0  0  0	
32  0  15744 53033000 212992 542708    0    0     0     0 33048 8378 100  0  0  0  0	
32  0  15744 53033000 212992 542712    0    0     0     0 33002 8374 100  0  0  0  0	
32  0  15744 53033008 212992 542716    0    0     0     0 33038 8380 100  0  0  0  0	
32  0  15744 53033000 212992 542720    0    0     0     0 33036 8436 100  0  0  0  0	
32  0  15744 53032876 212992 542720    0    0     0     0 33029 8379 100  0  0  0  0	
32  0  15744 53032884 212992 542724    0    0     0     0 33001 8383 100  0  0  0  0	
32  0  15744 53032884 212992 542732    0    0     0     0 33034 8371 100  0  0  0  0	
32  0  15744 53032884 212992 542736    0    0     0     0 33006 8425 100  0  0  0  0	
32  0  15744 53032884 212992 542736    0    0     0     0 33031 8396 100  0  0  0  0	
32  0  15744 53032884 212992 542740    0    0     0     0 33002 8381 100  0  0  0  0	
32  0  15744 53032752 212992 542744    0    0     0     0 33044 8400 100  0  0  0  0	
32  0  15744 53032752 212992 542748    0    0     0     0 33008 8379 100  0  0  0  0	
32  0  15744 53032752 212992 542748    0    0     0     0 33027 8377 100  0  0  0  0	
32  0  15744 53032752 212992 542752    0    0     0     0 33005 8372 100  0  0  0  0	
32  0  15744 53032752 212992 542760    0    0     0     0 33032 8379 100  0  0  0  0	
32  0  15744 53032752 212992 542764    0    0     0     0 33064 8466 100  0  0  0  0	
32  0  15744 53032752 212992 542764    0    0     0     0 33028 8374 100  0  0  0  0	
32  0  15744 53032760 212992 542768    0    0     0     0 33031 8388 100  0  0  0  0	
procs -----------memory---------- ---swap-- -----io---- --system-- -----cpu-----
 r  b   swpd   free   buff  cache   si   so    bi    bo   in   cs us sy id wa st
32  0  15744 53032760 212992 542772    0    0     0     0 33028 8379 100  0  0  0  0	
32  0  15744 53032760 212992 542776    0    0     0     0 33014 8377 100  0  0  0  0	
32  0  15744 53032756 212992 542776    0    0     0     0 33021 8380 100  0  0  0  0	
32  0  15744 53032756 212992 542780    0    0     0     0 33010 8375 100  0  0  0  0	
32  0  15744 53032764 212992 542784    0    0     0     0 33027 8377 100  0  0  0  0	
32  0  15744 53032756 212992 542784    0    0     0     0 33009 8372 100  0  0  0  0	
32  0  15744 53032756 212992 542788    0    0     0     0 33017 8371 100  0  0  0  0	
32  0  15744 53032764 212992 542796    0    0     0     0 33018 8378 100  0  0  0  0	
32  0  15744 53032764 212992 542800    0    0     0     0 33017 8379 100  0  0  0  0	
33  0  15744 53032764 212992 542800    0    0     0     0 33048 8499 100  0  0  0  0	
32  0  15744 53032764 212992 542804    0    0     0     4 33019 8378 100  0  0  0  0	
32  0  15744 53032764 212992 542808    0    0     0     0 33013 8378 100  0  0  0  0	
32  1  15744 53032632 212992 542816    0    0     0     4 33017 8382 100  0  0  0  0	
32  0  15744 53032632 212992 542816    0    0     0     0 33025 8382 100  0  0  0  0	
32  0  15744 53032632 212992 542824    0    0     0     0 33018 8382 100  0  0  0  0	
32  0  15744 53032632 212992 542828    0    0     0     0 33016 8376 100  0  0  0  0	
32  0  15744 53032632 212992 542832    0    0     0     0 33018 8382 100  0  0  0  0	
32  0  15744 53032632 212992 542832    0    0     0     0 33017 8378 100  0  0  0  0	
32  0  15744 53032508 212992 542836    0    0     0    12 33032 8400 100  0  0  0  0	
32  0  15744 53032516 212992 542840    0    0     0     0 33021 8377 100  0  0  0  0	
32  0  15744 53032516 212992 542844    0    0     0     0 33011 8377 100  0  0  0  0	
procs -----------memory---------- ---swap-- -----io---- --system-- -----cpu-----
 r  b   swpd   free   buff  cache   si   so    bi    bo   in   cs us sy id wa st
32  0  15744 53032520 212992 542844    0    0     0     0 33066 8447 100  0  0  0  0	
32  0  15744 53032512 212992 542848    0    0     0     0 33015 8390 100  0  0  0  0	
32  0  15744 53032512 212992 542852    0    0     0     0 33030 8372 100  0  0  0  0	
32  0  15744 53032520 212992 542856    0    0     0     0 33003 8376 100  0  0  0  0	
32  0  15744 53032512 212992 542856    0    0     0     0 33035 8375 100  0  0  0  0	
32  0  15744 53032512 212992 542864    0    0     0     0 33007 8378 100  0  0  0  0	
32  0  15744 53032520 212992 542868    0    0     0     0 33049 8379 100  0  0  0  0	
32  0  15744 53032644 212992 542868    0    0     0     0 33008 8406 100  0  0  0  0	
33  0  15744 53032644 212992 542872    0    0     0     0 33022 8413 100  0  0  0  0	
32  0  15744 53032644 212992 542876    0    0     0     0 33010 8376 100  0  0  0  0	
32  0  15744 53032644 212992 542880    0    0     0     0 33022 8380 100  0  0  0  0	
32  0  15744 53032636 212992 542884    0    0     0     0 33010 8381 100  0  0  0  0	
32  0  15744 53032636 212992 542888    0    0     0     0 33059 8441 100  0  0  0  0	
32  0  15744 53032636 212992 542892    0    0     0     0 32998 8377 100  0  0  0  0	
32  0  15744 53032636 212992 542896    0    0     0     0 33035 8375 100  0  0  0  0	
32  0  15744 53032636 212992 542896    0    0     0     0 33003 8375 100  0  0  0  0	
32  0  15744 53032636 212992 542900    0    0     0     0 33025 8378 100  0  0  0  0	
32  0  15744 53032636 212992 542904    0    0     0     0 33006 8378 100  0  0  0  0	
32  0  15744 53032768 212992 542908    0    0     0     0 33020 8375 100  0  0  0  0	
32  0  15744 53032768 212992 542908    0    0     0     0 33014 8381 100  0  0  0  0	
32  0  15744 53032768 212992 542912    0    0     0     0 33023 8375 100  0  0  0  0	
procs -----------memory---------- ---swap-- -----io---- --system-- -----cpu-----
 r  b   swpd   free   buff  cache   si   so    bi    bo   in   cs us sy id wa st
32  0  15744 53032636 212992 542916    0    0     0     0 33015 8378 100  0  0  0  0	
32  0  15744 53032636 212992 542920    0    0     0     0 33026 8372 100  0  0  0  0	
32  0  15744 53032644 212992 542920    0    0     0     0 33007 8381 100  0  0  0  0	
32  0  15744 53032636 212992 542928    0    0     0     4 33067 8439 100  0  0  0  0	
32  0  15744 53032636 212992 542932    0    0     0     0 33007 8378 100  0  0  0  0	
32  0  15744 53032644 212992 542936    0    0     0    16 33038 8393 100  0  0  0  0	
33  0  15744 53032644 212992 542936    0    0     0     0 33005 8404 100  0  0  0  0	
33  0  15744 53032644 212992 542944    0    0     0     0 33026 8406 100  0  0  0  0	
32  0  15744 53032644 212992 542948    0    0     0     0 33008 8379 100  0  0  0  0	
32  0  15744 53032644 212992 542948    0    0     0     0 33029 8377 100  0  0  0  0	
32  0  15744 53032628 212992 542952    0    0     0     0 33033 8402 100  0  0  0  0	
32  0  15744 53032628 212992 542956    0    0     0     0 33021 8378 100  0  0  0  0	
32  0  15744 53032504 212992 542960    0    0     0     0 33028 8373 100  0  0  0  0	
32  0  15744 53032504 212992 542960    0    0     0     0 33001 8375 100  0  0  0  0	
32  0  15744 53032504 212992 542968    0    0     0     0 33038 8387 100  0  0  0  0	
32  0  15744 53032504 212992 542972    0    0     0     0 33058 8454 100  0  0  0  0	
32  0  15744 53032504 212992 542976    0    0     0     0 33034 8382 100  0  0  0  0	
32  0  15744 53032512 212992 542976    0    0     0     0 33025 8385 100  0  0  0  0	
32  0  15744 53032512 212992 542980    0    0     0     0 33035 8376 100  0  0  0  0	
32  0  15744 53032512 212992 542984    0    0     0     0 32999 8378 100  0  0  0  0	
32  0  15744 53032504 212992 542988    0    0     0     0 33033 8377 100  0  0  0  0	
procs -----------memory---------- ---swap-- -----io---- --system-- -----cpu-----
 r  b   swpd   free   buff  cache   si   so    bi    bo   in   cs us sy id wa st
32  0  15744 53032504 212992 542988    0    0     0     0 33016 8380 100  0  0  0  0	
32  0  15744 53032512 212992 542992    0    0     0     0 33034 8374 100  0  0  0  0	
32  0  15744 53032504 212992 543000    0    0     0     0 32994 8376 100  0  0  0  0	
32  0  15744 53032508 212992 543004    0    0     0     0 33037 8373 100  0  0  0  0	
32  0  15744 53032516 212992 543008    0    0     0     0 32994 8400 100  0  0  0  0	
33  0  15744 53032524 212992 543012    0    0     0     0 33042 8414 100  0  0  0  0	
32  0  15744 53032524 212992 543016    0    0     0     0 33029 8447 100  0  0  0  0	
32  0  15744 53032524 212992 543020    0    0     0     0 33035 8373 100  0  0  0  0	
32  0  15744 53032524 212992 543020    0    0     0     0 32999 8380 100  0  0  0  0	
32  0  15744 53032516 212992 543024    0    0     0     0 33032 8378 100  0  0  0  0	
32  0  15744 53032516 212992 543028    0    0     0     0 33000 8377 100  0  0  0  0	
32  0  15744 53032516 212992 543028    0    0     0     0 33034 8386 100  0  0  0  0	
32  0  15744 53032516 212992 543032    0    0     0     0 32996 8375 100  0  0  0  0	
32  0  15744 53032516 212992 543036    0    0     0     0 33036 8377 100  0  0  0  0	
32  0  15744 53032516 212992 543040    0    0     0     0 32997 8379 100  0  0  0  0	
32  0  15744 53032516 212992 543040    0    0     0    12 33044 8386 100  0  0  0  0	
32  0  15744 53032524 212992 543044    0    0     0     0 32998 8375 100  0  0  0  0	
32  0  15744 53032524 212992 543048    0    0     0     8 33043 8382 100  0  0  0  0	
32  0  15744 53032276 212992 543052    0    0     0     0 33049 8509 100  0  0  0  0	
