Linux 2.6.32-279.14.1.el6.x86_64 (compute-641-20.local) 	04/21/20 	_x86_64_	(32 CPU)

11:55:07     CPU    %usr   %nice    %sys %iowait    %irq   %soft  %steal  %guest   %idle
11:55:08     all   12.27    0.00    3.54    0.63    0.00    0.13    0.00    0.00   83.44
11:55:08       0   13.13    0.00    2.02    0.00    0.00    0.00    0.00    0.00   84.85
11:55:08       1   12.00    0.00    1.00    0.00    0.00    0.00    0.00    0.00   87.00
11:55:08       2   12.12    0.00    0.00    0.00    0.00    0.00    0.00    0.00   87.88
11:55:08       3   12.87    0.00    0.00    0.00    0.00    0.00    0.00    0.00   87.13
11:55:08       4   12.12    0.00    0.00    0.00    0.00    0.00    0.00    0.00   87.88
11:55:08       5   11.00    0.00    1.00    0.00    0.00    0.00    0.00    0.00   88.00
11:55:08       6   11.11    0.00    0.00    0.00    0.00    0.00    0.00    0.00   88.89
11:55:08       7   11.88    0.00    0.99    0.00    0.00    0.00    0.00    0.00   87.13
11:55:08       8   12.24    0.00    1.02    0.00    0.00    0.00    0.00    0.00   86.73
11:55:08       9   12.12    0.00    1.01    0.00    0.00    0.00    0.00    0.00   86.87
11:55:08      10   11.22    0.00    2.04    0.00    0.00    0.00    0.00    0.00   86.73
11:55:08      11   12.00    0.00    1.00    0.00    0.00    0.00    0.00    0.00   87.00
11:55:08      12   11.88    0.00    0.99    0.00    0.00    0.00    0.00    0.00   87.13
11:55:08      13   12.00    0.00    1.00    0.00    0.00    0.00    0.00    0.00   87.00
11:55:08      14   11.22    0.00    0.00    0.00    0.00    0.00    0.00    0.00   88.78
11:55:08      15   11.11    0.00    0.00    0.00    0.00    0.00    0.00    0.00   88.89
11:55:08      16   14.00    0.00   10.00    2.00    0.00    0.00    0.00    0.00   74.00
11:55:08      17   11.00    0.00    6.00    0.00    0.00    0.00    0.00    0.00   83.00
11:55:08      18   14.00    0.00    3.00    0.00    0.00    0.00    0.00    0.00   83.00
11:55:08      19   11.11    0.00   11.11    3.03    0.00    0.00    0.00    0.00   74.75
11:55:08      20   12.00    0.00    0.00    0.00    0.00    0.00    0.00    0.00   88.00
11:55:08      21   12.87    0.00   10.89    2.97    0.00    0.00    0.00    0.00   73.27
11:55:08      22   12.12    0.00    0.00    0.00    0.00    0.00    0.00    0.00   87.88
11:55:08      23   12.87    0.00   10.89    2.97    0.00    0.00    0.00    0.00   73.27
11:55:08      24   16.33    0.00    8.16    1.02    0.00    1.02    0.00    0.00   73.47
11:55:08      25   12.87    0.00    4.95    0.00    0.00    0.00    0.00    0.00   82.18
11:55:08      26   11.11    0.00    2.02    0.00    0.00    1.01    0.00    0.00   85.86
11:55:08      27   12.00    0.00   11.00    2.00    0.00    1.00    0.00    0.00   74.00
11:55:08      28   12.00    0.00    1.00    0.00    0.00    0.00    0.00    0.00   87.00
11:55:08      29   12.00    0.00   11.00    3.00    0.00    0.00    0.00    0.00   74.00
11:55:08      30   12.00    0.00    0.00    0.00    0.00    0.00    0.00    0.00   88.00
11:55:08      31   13.13    0.00   11.11    2.02    0.00    0.00    0.00    0.00   73.74

11:55:08     CPU    %usr   %nice    %sys %iowait    %irq   %soft  %steal  %guest   %idle
11:55:09     all   92.75    0.00    6.88    0.00    0.00    0.38    0.00    0.00    0.00
11:55:09       0   98.00    0.00    2.00    0.00    0.00    0.00    0.00    0.00    0.00
11:55:09       1   99.00    0.00    1.00    0.00    0.00    0.00    0.00    0.00    0.00
11:55:09       2   98.00    0.00    2.00    0.00    0.00    0.00    0.00    0.00    0.00
11:55:09       3   98.00    0.00    2.00    0.00    0.00    0.00    0.00    0.00    0.00
11:55:09       4   99.00    0.00    1.00    0.00    0.00    0.00    0.00    0.00    0.00
11:55:09       5   98.00    0.00    2.00    0.00    0.00    0.00    0.00    0.00    0.00
11:55:09       6   98.02    0.00    1.98    0.00    0.00    0.00    0.00    0.00    0.00
11:55:09       7   98.99    0.00    1.01    0.00    0.00    0.00    0.00    0.00    0.00
11:55:09       8   98.02    0.00    1.98    0.00    0.00    0.00    0.00    0.00    0.00
11:55:09       9   97.00    0.00    3.00    0.00    0.00    0.00    0.00    0.00    0.00
11:55:09      10   98.00    0.00    2.00    0.00    0.00    0.00    0.00    0.00    0.00
11:55:09      11   98.99    0.00    1.01    0.00    0.00    0.00    0.00    0.00    0.00
11:55:09      12   99.00    0.00    1.00    0.00    0.00    0.00    0.00    0.00    0.00
11:55:09      13   97.00    0.00    3.00    0.00    0.00    0.00    0.00    0.00    0.00
11:55:09      14   97.03    0.00    2.97    0.00    0.00    0.00    0.00    0.00    0.00
11:55:09      15   98.02    0.00    1.98    0.00    0.00    0.00    0.00    0.00    0.00
11:55:09      16   98.00    0.00    2.00    0.00    0.00    0.00    0.00    0.00    0.00
11:55:09      17   77.78    0.00   21.21    0.00    0.00    1.01    0.00    0.00    0.00
11:55:09      18   97.98    0.00    1.01    0.00    0.00    1.01    0.00    0.00    0.00
11:55:09      19   79.00    0.00   20.00    0.00    0.00    1.00    0.00    0.00    0.00
11:55:09      20   96.97    0.00    2.02    0.00    0.00    1.01    0.00    0.00    0.00
11:55:09      21   78.00    0.00   22.00    0.00    0.00    0.00    0.00    0.00    0.00
11:55:09      22   97.03    0.00    2.97    0.00    0.00    0.00    0.00    0.00    0.00
11:55:09      23   80.00    0.00   20.00    0.00    0.00    0.00    0.00    0.00    0.00
11:55:09      24   94.00    0.00    2.00    0.00    0.00    4.00    0.00    0.00    0.00
11:55:09      25   79.80    0.00   19.19    0.00    0.00    1.01    0.00    0.00    0.00
11:55:09      26   96.97    0.00    1.01    0.00    0.00    2.02    0.00    0.00    0.00
11:55:09      27   77.78    0.00   22.22    0.00    0.00    0.00    0.00    0.00    0.00
11:55:09      28   97.00    0.00    3.00    0.00    0.00    0.00    0.00    0.00    0.00
11:55:09      29   76.00    0.00   24.00    0.00    0.00    0.00    0.00    0.00    0.00
11:55:09      30   98.00    0.00    2.00    0.00    0.00    0.00    0.00    0.00    0.00
11:55:09      31   74.00    0.00   26.00    0.00    0.00    0.00    0.00    0.00    0.00

11:55:09     CPU    %usr   %nice    %sys %iowait    %irq   %soft  %steal  %guest   %idle
11:55:10     all   92.94    0.00    6.69    0.00    0.00    0.38    0.00    0.00    0.00
11:55:10       0   98.00    0.00    2.00    0.00    0.00    0.00    0.00    0.00    0.00
11:55:10       1   99.00    0.00    1.00    0.00    0.00    0.00    0.00    0.00    0.00
11:55:10       2   99.00    0.00    1.00    0.00    0.00    0.00    0.00    0.00    0.00
11:55:10       3   98.00    0.00    2.00    0.00    0.00    0.00    0.00    0.00    0.00
11:55:10       4   99.00    0.00    1.00    0.00    0.00    0.00    0.00    0.00    0.00
11:55:10       5   99.00    0.00    1.00    0.00    0.00    0.00    0.00    0.00    0.00
11:55:10       6   98.99    0.00    1.01    0.00    0.00    0.00    0.00    0.00    0.00
11:55:10       7   98.02    0.00    1.98    0.00    0.00    0.00    0.00    0.00    0.00
11:55:10       8   97.00    0.00    3.00    0.00    0.00    0.00    0.00    0.00    0.00
11:55:10       9   99.00    0.00    1.00    0.00    0.00    0.00    0.00    0.00    0.00
11:55:10      10   97.03    0.00    2.97    0.00    0.00    0.00    0.00    0.00    0.00
11:55:10      11   98.00    0.00    2.00    0.00    0.00    0.00    0.00    0.00    0.00
11:55:10      12   98.00    0.00    2.00    0.00    0.00    0.00    0.00    0.00    0.00
11:55:10      13   97.00    0.00    3.00    0.00    0.00    0.00    0.00    0.00    0.00
11:55:10      14   98.00    0.00    2.00    0.00    0.00    0.00    0.00    0.00    0.00
11:55:10      15   98.00    0.00    2.00    0.00    0.00    0.00    0.00    0.00    0.00
11:55:10      16   98.00    0.00    2.00    0.00    0.00    0.00    0.00    0.00    0.00
11:55:10      17   78.43    0.00   19.61    0.00    0.00    1.96    0.00    0.00    0.00
11:55:10      18   97.00    0.00    2.00    0.00    0.00    1.00    0.00    0.00    0.00
11:55:10      19   79.00    0.00   20.00    0.00    0.00    1.00    0.00    0.00    0.00
11:55:10      20   95.05    0.00    2.97    0.00    0.00    1.98    0.00    0.00    0.00
11:55:10      21   77.78    0.00   22.22    0.00    0.00    0.00    0.00    0.00    0.00
11:55:10      22   98.00    0.00    2.00    0.00    0.00    0.00    0.00    0.00    0.00
11:55:10      23   80.00    0.00   20.00    0.00    0.00    0.00    0.00    0.00    0.00
11:55:10      24   96.00    0.00    1.00    0.00    0.00    3.00    0.00    0.00    0.00
11:55:10      25   79.21    0.00   18.81    0.00    0.00    1.98    0.00    0.00    0.00
11:55:10      26   96.04    0.00    1.98    0.00    0.00    1.98    0.00    0.00    0.00
11:55:10      27   79.21    0.00   19.80    0.00    0.00    0.99    0.00    0.00    0.00
11:55:10      28   98.00    0.00    2.00    0.00    0.00    0.00    0.00    0.00    0.00
11:55:10      29   76.00    0.00   24.00    0.00    0.00    0.00    0.00    0.00    0.00
11:55:10      30   98.00    0.00    2.00    0.00    0.00    0.00    0.00    0.00    0.00
11:55:10      31   77.00    0.00   23.00    0.00    0.00    0.00    0.00    0.00    0.00

11:55:10     CPU    %usr   %nice    %sys %iowait    %irq   %soft  %steal  %guest   %idle
11:55:11     all   92.97    0.00    6.69    0.00    0.00    0.34    0.00    0.00    0.00
11:55:11       0   98.00    0.00    2.00    0.00    0.00    0.00    0.00    0.00    0.00
11:55:11       1   98.99    0.00    1.01    0.00    0.00    0.00    0.00    0.00    0.00
11:55:11       2   98.02    0.00    1.98    0.00    0.00    0.00    0.00    0.00    0.00
11:55:11       3   98.00    0.00    2.00    0.00    0.00    0.00    0.00    0.00    0.00
11:55:11       4   98.00    0.00    2.00    0.00    0.00    0.00    0.00    0.00    0.00
11:55:11       5   98.02    0.00    1.98    0.00    0.00    0.00    0.00    0.00    0.00
11:55:11       6   98.02    0.00    1.98    0.00    0.00    0.00    0.00    0.00    0.00
11:55:11       7   97.98    0.00    2.02    0.00    0.00    0.00    0.00    0.00    0.00
11:55:11       8   97.98    0.00    2.02    0.00    0.00    0.00    0.00    0.00    0.00
11:55:11       9   97.00    0.00    3.00    0.00    0.00    0.00    0.00    0.00    0.00
11:55:11      10   97.98    0.00    2.02    0.00    0.00    0.00    0.00    0.00    0.00
11:55:11      11   98.00    0.00    2.00    0.00    0.00    0.00    0.00    0.00    0.00
11:55:11      12   98.00    0.00    2.00    0.00    0.00    0.00    0.00    0.00    0.00
11:55:11      13   98.00    0.00    2.00    0.00    0.00    0.00    0.00    0.00    0.00
11:55:11      14   98.00    0.00    2.00    0.00    0.00    0.00    0.00    0.00    0.00
11:55:11      15   98.00    0.00    2.00    0.00    0.00    0.00    0.00    0.00    0.00
11:55:11      16   98.99    0.00    1.01    0.00    0.00    0.00    0.00    0.00    0.00
11:55:11      17   79.80    0.00   19.19    0.00    0.00    1.01    0.00    0.00    0.00
11:55:11      18   97.00    0.00    2.00    0.00    0.00    1.00    0.00    0.00    0.00
11:55:11      19   79.21    0.00   19.80    0.00    0.00    0.99    0.00    0.00    0.00
11:55:11      20   97.00    0.00    2.00    0.00    0.00    1.00    0.00    0.00    0.00
11:55:11      21   78.00    0.00   22.00    0.00    0.00    0.00    0.00    0.00    0.00
11:55:11      22   97.00    0.00    3.00    0.00    0.00    0.00    0.00    0.00    0.00
11:55:11      23   80.00    0.00   20.00    0.00    0.00    0.00    0.00    0.00    0.00
11:55:11      24   95.00    0.00    2.00    0.00    0.00    3.00    0.00    0.00    0.00
11:55:11      25   79.00    0.00   20.00    0.00    0.00    1.00    0.00    0.00    0.00
11:55:11      26   97.98    0.00    1.01    0.00    0.00    1.01    0.00    0.00    0.00
11:55:11      27   78.22    0.00   19.80    0.00    0.00    1.98    0.00    0.00    0.00
11:55:11      28   97.00    0.00    3.00    0.00    0.00    0.00    0.00    0.00    0.00
11:55:11      29   77.23    0.00   22.77    0.00    0.00    0.00    0.00    0.00    0.00
11:55:11      30   97.00    0.00    3.00    0.00    0.00    0.00    0.00    0.00    0.00
11:55:11      31   77.00    0.00   23.00    0.00    0.00    0.00    0.00    0.00    0.00

11:55:11     CPU    %usr   %nice    %sys %iowait    %irq   %soft  %steal  %guest   %idle
11:55:12     all   93.12    0.00    6.56    0.00    0.00    0.31    0.00    0.00    0.00
11:55:12       0   98.00    0.00    2.00    0.00    0.00    0.00    0.00    0.00    0.00
11:55:12       1   98.00    0.00    2.00    0.00    0.00    0.00    0.00    0.00    0.00
11:55:12       2   98.99    0.00    1.01    0.00    0.00    0.00    0.00    0.00    0.00
11:55:12       3   99.00    0.00    1.00    0.00    0.00    0.00    0.00    0.00    0.00
11:55:12       4   99.00    0.00    1.00    0.00    0.00    0.00    0.00    0.00    0.00
11:55:12       5   98.99    0.00    1.01    0.00    0.00    0.00    0.00    0.00    0.00
11:55:12       6   99.00    0.00    1.00    0.00    0.00    0.00    0.00    0.00    0.00
11:55:12       7   98.02    0.00    1.98    0.00    0.00    0.00    0.00    0.00    0.00
11:55:12       8   97.03    0.00    2.97    0.00    0.00    0.00    0.00    0.00    0.00
11:55:12       9   99.00    0.00    1.00    0.00    0.00    0.00    0.00    0.00    0.00
11:55:12      10   97.03    0.00    2.97    0.00    0.00    0.00    0.00    0.00    0.00
11:55:12      11   97.03    0.00    2.97    0.00    0.00    0.00    0.00    0.00    0.00
11:55:12      12   98.00    0.00    2.00    0.00    0.00    0.00    0.00    0.00    0.00
11:55:12      13   98.00    0.00    2.00    0.00    0.00    0.00    0.00    0.00    0.00
11:55:12      14   98.00    0.00    2.00    0.00    0.00    0.00    0.00    0.00    0.00
11:55:12      15   98.00    0.00    2.00    0.00    0.00    0.00    0.00    0.00    0.00
11:55:12      16   98.02    0.00    1.98    0.00    0.00    0.00    0.00    0.00    0.00
11:55:12      17   80.00    0.00   19.00    0.00    0.00    1.00    0.00    0.00    0.00
11:55:12      18   97.00    0.00    2.00    0.00    0.00    1.00    0.00    0.00    0.00
11:55:12      19   80.81    0.00   18.18    0.00    0.00    1.01    0.00    0.00    0.00
11:55:12      20   97.00    0.00    2.00    0.00    0.00    1.00    0.00    0.00    0.00
11:55:12      21   77.00    0.00   23.00    0.00    0.00    0.00    0.00    0.00    0.00
11:55:12      22   98.00    0.00    2.00    0.00    0.00    0.00    0.00    0.00    0.00
11:55:12      23   81.00    0.00   19.00    0.00    0.00    0.00    0.00    0.00    0.00
11:55:12      24   96.00    0.00    1.00    0.00    0.00    3.00    0.00    0.00    0.00
11:55:12      25   80.00    0.00   19.00    0.00    0.00    1.00    0.00    0.00    0.00
11:55:12      26   97.00    0.00    1.00    0.00    0.00    2.00    0.00    0.00    0.00
11:55:12      27   79.80    0.00   19.19    0.00    0.00    1.01    0.00    0.00    0.00
11:55:12      28   97.00    0.00    3.00    0.00    0.00    0.00    0.00    0.00    0.00
11:55:12      29   77.78    0.00   22.22    0.00    0.00    0.00    0.00    0.00    0.00
11:55:12      30   98.00    0.00    2.00    0.00    0.00    0.00    0.00    0.00    0.00
11:55:12      31   76.00    0.00   24.00    0.00    0.00    0.00    0.00    0.00    0.00

11:55:12     CPU    %usr   %nice    %sys %iowait    %irq   %soft  %steal  %guest   %idle
11:55:13     all   93.06    0.00    6.60    0.00    0.00    0.34    0.00    0.00    0.00
11:55:13       0   98.99    0.00    1.01    0.00    0.00    0.00    0.00    0.00    0.00
11:55:13       1   99.00    0.00    1.00    0.00    0.00    0.00    0.00    0.00    0.00
11:55:13       2   99.00    0.00    1.00    0.00    0.00    0.00    0.00    0.00    0.00
11:55:13       3   98.00    0.00    2.00    0.00    0.00    0.00    0.00    0.00    0.00
11:55:13       4   98.00    0.00    2.00    0.00    0.00    0.00    0.00    0.00    0.00
11:55:13       5   98.00    0.00    2.00    0.00    0.00    0.00    0.00    0.00    0.00
11:55:13       6   98.99    0.00    1.01    0.00    0.00    0.00    0.00    0.00    0.00
11:55:13       7   98.00    0.00    2.00    0.00    0.00    0.00    0.00    0.00    0.00
11:55:13       8   98.00    0.00    2.00    0.00    0.00    0.00    0.00    0.00    0.00
11:55:13       9   98.00    0.00    2.00    0.00    0.00    0.00    0.00    0.00    0.00
11:55:13      10   97.00    0.00    3.00    0.00    0.00    0.00    0.00    0.00    0.00
11:55:13      11   98.99    0.00    1.01    0.00    0.00    0.00    0.00    0.00    0.00
11:55:13      12   98.00    0.00    2.00    0.00    0.00    0.00    0.00    0.00    0.00
11:55:13      13   97.98    0.00    2.02    0.00    0.00    0.00    0.00    0.00    0.00
11:55:13      14   98.99    0.00    1.01    0.00    0.00    0.00    0.00    0.00    0.00
11:55:13      15   98.00    0.00    2.00    0.00    0.00    0.00    0.00    0.00    0.00
11:55:13      16   98.00    0.00    2.00    0.00    0.00    0.00    0.00    0.00    0.00
11:55:13      17   79.80    0.00   20.20    0.00    0.00    0.00    0.00    0.00    0.00
11:55:13      18   97.00    0.00    2.00    0.00    0.00    1.00    0.00    0.00    0.00
11:55:13      19   78.22    0.00   20.79    0.00    0.00    0.99    0.00    0.00    0.00
11:55:13      20   96.97    0.00    2.02    0.00    0.00    1.01    0.00    0.00    0.00
11:55:13      21   79.00    0.00   21.00    0.00    0.00    0.00    0.00    0.00    0.00
11:55:13      22   98.00    0.00    2.00    0.00    0.00    0.00    0.00    0.00    0.00
11:55:13      23   80.00    0.00   20.00    0.00    0.00    0.00    0.00    0.00    0.00
11:55:13      24   95.00    0.00    2.00    0.00    0.00    3.00    0.00    0.00    0.00
11:55:13      25   79.80    0.00   20.20    0.00    0.00    0.00    0.00    0.00    0.00
11:55:13      26   96.04    0.00    1.98    0.00    0.00    1.98    0.00    0.00    0.00
11:55:13      27   81.00    0.00   18.00    0.00    0.00    1.00    0.00    0.00    0.00
11:55:13      28   96.00    0.00    4.00    0.00    0.00    0.00    0.00    0.00    0.00
11:55:13      29   77.00    0.00   23.00    0.00    0.00    0.00    0.00    0.00    0.00
11:55:13      30   98.00    0.00    2.00    0.00    0.00    0.00    0.00    0.00    0.00
11:55:13      31   77.00    0.00   23.00    0.00    0.00    0.00    0.00    0.00    0.00

11:55:13     CPU    %usr   %nice    %sys %iowait    %irq   %soft  %steal  %guest   %idle
11:55:14     all   92.78    0.00    6.88    0.00    0.00    0.34    0.00    0.00    0.00
11:55:14       0   98.00    0.00    2.00    0.00    0.00    0.00    0.00    0.00    0.00
11:55:14       1   98.00    0.00    2.00    0.00    0.00    0.00    0.00    0.00    0.00
11:55:14       2   98.00    0.00    2.00    0.00    0.00    0.00    0.00    0.00    0.00
11:55:14       3   97.98    0.00    2.02    0.00    0.00    0.00    0.00    0.00    0.00
11:55:14       4   98.00    0.00    2.00    0.00    0.00    0.00    0.00    0.00    0.00
11:55:14       5   98.00    0.00    2.00    0.00    0.00    0.00    0.00    0.00    0.00
11:55:14       6   98.02    0.00    1.98    0.00    0.00    0.00    0.00    0.00    0.00
11:55:14       7   98.00    0.00    2.00    0.00    0.00    0.00    0.00    0.00    0.00
11:55:14       8   97.98    0.00    2.02    0.00    0.00    0.00    0.00    0.00    0.00
11:55:14       9   98.00    0.00    2.00    0.00    0.00    0.00    0.00    0.00    0.00
11:55:14      10   98.00    0.00    2.00    0.00    0.00    0.00    0.00    0.00    0.00
11:55:14      11   97.03    0.00    2.97    0.00    0.00    0.00    0.00    0.00    0.00
11:55:14      12   98.00    0.00    2.00    0.00    0.00    0.00    0.00    0.00    0.00
11:55:14      13   97.03    0.00    2.97    0.00    0.00    0.00    0.00    0.00    0.00
11:55:14      14   97.03    0.00    2.97    0.00    0.00    0.00    0.00    0.00    0.00
11:55:14      15   97.98    0.00    2.02    0.00    0.00    0.00    0.00    0.00    0.00
11:55:14      16   98.99    0.00    1.01    0.00    0.00    0.00    0.00    0.00    0.00
11:55:14      17   79.21    0.00   19.80    0.00    0.00    0.99    0.00    0.00    0.00
11:55:14      18   97.00    0.00    2.00    0.00    0.00    1.00    0.00    0.00    0.00
11:55:14      19   79.80    0.00   20.20    0.00    0.00    0.00    0.00    0.00    0.00
11:55:14      20   97.03    0.00    1.98    0.00    0.00    0.99    0.00    0.00    0.00
11:55:14      21   80.00    0.00   20.00    0.00    0.00    0.00    0.00    0.00    0.00
11:55:14      22   97.98    0.00    2.02    0.00    0.00    0.00    0.00    0.00    0.00
11:55:14      23   79.00    0.00   21.00    0.00    0.00    0.00    0.00    0.00    0.00
11:55:14      24   95.00    0.00    1.00    0.00    0.00    4.00    0.00    0.00    0.00
11:55:14      25   78.00    0.00   21.00    0.00    0.00    1.00    0.00    0.00    0.00
11:55:14      26   97.00    0.00    1.00    0.00    0.00    2.00    0.00    0.00    0.00
11:55:14      27   77.00    0.00   23.00    0.00    0.00    0.00    0.00    0.00    0.00
11:55:14      28   97.00    0.00    3.00    0.00    0.00    0.00    0.00    0.00    0.00
11:55:14      29   77.00    0.00   23.00    0.00    0.00    0.00    0.00    0.00    0.00
11:55:14      30   98.00    0.00    2.00    0.00    0.00    0.00    0.00    0.00    0.00
11:55:14      31   77.00    0.00   23.00    0.00    0.00    0.00    0.00    0.00    0.00

11:55:14     CPU    %usr   %nice    %sys %iowait    %irq   %soft  %steal  %guest   %idle
11:55:15     all   92.94    0.00    6.72    0.00    0.00    0.34    0.00    0.00    0.00
11:55:15       0   98.02    0.00    1.98    0.00    0.00    0.00    0.00    0.00    0.00
11:55:15       1   98.02    0.00    1.98    0.00    0.00    0.00    0.00    0.00    0.00
11:55:15       2   99.00    0.00    1.00    0.00    0.00    0.00    0.00    0.00    0.00
11:55:15       3   98.02    0.00    1.98    0.00    0.00    0.00    0.00    0.00    0.00
11:55:15       4   99.00    0.00    1.00    0.00    0.00    0.00    0.00    0.00    0.00
11:55:15       5   99.00    0.00    1.00    0.00    0.00    0.00    0.00    0.00    0.00
11:55:15       6   98.99    0.00    1.01    0.00    0.00    0.00    0.00    0.00    0.00
11:55:15       7   98.00    0.00    2.00    0.00    0.00    0.00    0.00    0.00    0.00
11:55:15       8   98.00    0.00    2.00    0.00    0.00    0.00    0.00    0.00    0.00
11:55:15       9   98.00    0.00    2.00    0.00    0.00    0.00    0.00    0.00    0.00
11:55:15      10   97.00    0.00    3.00    0.00    0.00    0.00    0.00    0.00    0.00
11:55:15      11   97.98    0.00    2.02    0.00    0.00    0.00    0.00    0.00    0.00
11:55:15      12   99.00    0.00    1.00    0.00    0.00    0.00    0.00    0.00    0.00
11:55:15      13   98.00    0.00    2.00    0.00    0.00    0.00    0.00    0.00    0.00
11:55:15      14   99.00    0.00    1.00    0.00    0.00    0.00    0.00    0.00    0.00
11:55:15      15   97.03    0.00    2.97    0.00    0.00    0.00    0.00    0.00    0.00
11:55:15      16   98.00    0.00    2.00    0.00    0.00    0.00    0.00    0.00    0.00
11:55:15      17   78.00    0.00   21.00    0.00    0.00    1.00    0.00    0.00    0.00
11:55:15      18   97.00    0.00    2.00    0.00    0.00    1.00    0.00    0.00    0.00
11:55:15      19   80.00    0.00   19.00    0.00    0.00    1.00    0.00    0.00    0.00
11:55:15      20   96.00    0.00    2.00    0.00    0.00    2.00    0.00    0.00    0.00
11:55:15      21   77.00    0.00   23.00    0.00    0.00    0.00    0.00    0.00    0.00
11:55:15      22   97.03    0.00    2.97    0.00    0.00    0.00    0.00    0.00    0.00
11:55:15      23   80.00    0.00   20.00    0.00    0.00    0.00    0.00    0.00    0.00
11:55:15      24   95.05    0.00    1.98    0.00    0.00    2.97    0.00    0.00    0.00
11:55:15      25   80.00    0.00   19.00    0.00    0.00    1.00    0.00    0.00    0.00
11:55:15      26   97.00    0.00    1.00    0.00    0.00    2.00    0.00    0.00    0.00
11:55:15      27   78.00    0.00   20.00    0.00    0.00    2.00    0.00    0.00    0.00
11:55:15      28   96.00    0.00    4.00    0.00    0.00    0.00    0.00    0.00    0.00
11:55:15      29   77.00    0.00   23.00    0.00    0.00    0.00    0.00    0.00    0.00
11:55:15      30   97.03    0.00    2.97    0.00    0.00    0.00    0.00    0.00    0.00
11:55:15      31   75.76    0.00   24.24    0.00    0.00    0.00    0.00    0.00    0.00
