Linux 2.6.32-279.14.1.el6.x86_64 (compute-641-20.local) 	04/21/20 	_x86_64_	(32 CPU)

11:55:15     CPU    %usr   %nice    %sys %iowait    %irq   %soft  %steal  %guest   %idle
11:55:16     all   32.94    0.00    5.95    0.00    0.00    0.19    0.00    0.00   60.93
11:55:16       0   35.35    0.00    3.03    0.00    0.00    0.00    0.00    0.00   61.62
11:55:16       1   35.00    0.00    2.00    0.00    0.00    0.00    0.00    0.00   63.00
11:55:16       2   34.34    0.00    2.02    0.00    0.00    0.00    0.00    0.00   63.64
11:55:16       3   36.00    0.00    7.00    0.00    0.00    0.00    0.00    0.00   57.00
11:55:16       4   35.00    0.00    1.00    0.00    0.00    0.00    0.00    0.00   64.00
11:55:16       5   34.34    0.00    1.01    0.00    0.00    0.00    0.00    0.00   64.65
11:55:16       6   35.00    0.00    1.00    0.00    0.00    0.00    0.00    0.00   64.00
11:55:16       7   34.65    0.00    1.98    0.00    0.00    0.00    0.00    0.00   63.37
11:55:16       8   35.00    0.00    4.00    0.00    0.00    0.00    0.00    0.00   61.00
11:55:16       9   34.34    0.00    1.01    0.00    0.00    0.00    0.00    0.00   64.65
11:55:16      10   34.34    0.00    2.02    0.00    0.00    0.00    0.00    0.00   63.64
11:55:16      11   34.00    0.00    2.00    0.00    0.00    0.00    0.00    0.00   64.00
11:55:16      12   34.00    0.00    2.00    0.00    0.00    0.00    0.00    0.00   64.00
11:55:16      13   34.00    0.00    2.00    0.00    0.00    0.00    0.00    0.00   64.00
11:55:16      14   34.00    0.00    3.00    0.00    0.00    0.00    0.00    0.00   63.00
11:55:16      15   33.33    0.00    2.02    0.00    0.00    0.00    0.00    0.00   64.65
11:55:16      16   36.00    0.00    9.00    0.00    0.00    0.00    0.00    0.00   55.00
11:55:16      17   28.28    0.00   11.11    0.00    0.00    0.00    0.00    0.00   60.61
11:55:16      18   34.00    0.00    5.00    0.00    0.00    1.00    0.00    0.00   60.00
11:55:16      19   26.00    0.00   11.00    0.00    0.00    1.00    0.00    0.00   62.00
11:55:16      20   35.00    0.00    2.00    0.00    0.00    0.00    0.00    0.00   63.00
11:55:16      21   29.00    0.00   17.00    0.00    0.00    0.00    0.00    0.00   54.00
11:55:16      22   34.34    0.00    1.01    0.00    0.00    0.00    0.00    0.00   64.65
11:55:16      23   28.28    0.00   16.16    0.00    0.00    0.00    0.00    0.00   55.56
11:55:16      24   36.36    0.00    9.09    0.00    0.00    1.01    0.00    0.00   53.54
11:55:16      25   28.71    0.00   12.87    0.00    0.00    0.00    0.00    0.00   58.42
11:55:16      26   34.34    0.00    3.03    0.00    0.00    1.01    0.00    0.00   61.62
11:55:16      27   28.00    0.00   17.00    0.00    0.00    1.00    0.00    0.00   54.00
11:55:16      28   33.66    0.00    3.96    0.00    0.00    0.00    0.00    0.00   62.38
11:55:16      29   29.00    0.00   16.00    0.00    0.00    0.00    0.00    0.00   55.00
11:55:16      30   33.00    0.00    3.00    0.00    0.00    0.00    0.00    0.00   64.00
11:55:16      31   29.00    0.00   16.00    0.00    0.00    0.00    0.00    0.00   55.00

11:55:16     CPU    %usr   %nice    %sys %iowait    %irq   %soft  %steal  %guest   %idle
11:55:17     all   91.72    0.00    7.97    0.00    0.00    0.31    0.00    0.00    0.00
11:55:17       0   98.00    0.00    2.00    0.00    0.00    0.00    0.00    0.00    0.00
11:55:17       1   97.98    0.00    2.02    0.00    0.00    0.00    0.00    0.00    0.00
11:55:17       2   99.00    0.00    1.00    0.00    0.00    0.00    0.00    0.00    0.00
11:55:17       3   97.98    0.00    2.02    0.00    0.00    0.00    0.00    0.00    0.00
11:55:17       4   98.00    0.00    2.00    0.00    0.00    0.00    0.00    0.00    0.00
11:55:17       5   97.00    0.00    3.00    0.00    0.00    0.00    0.00    0.00    0.00
11:55:17       6   98.00    0.00    2.00    0.00    0.00    0.00    0.00    0.00    0.00
11:55:17       7   98.99    0.00    1.01    0.00    0.00    0.00    0.00    0.00    0.00
11:55:17       8   98.02    0.00    1.98    0.00    0.00    0.00    0.00    0.00    0.00
11:55:17       9   97.03    0.00    2.97    0.00    0.00    0.00    0.00    0.00    0.00
11:55:17      10   98.99    0.00    1.01    0.00    0.00    0.00    0.00    0.00    0.00
11:55:17      11   98.00    0.00    2.00    0.00    0.00    0.00    0.00    0.00    0.00
11:55:17      12   97.00    0.00    3.00    0.00    0.00    0.00    0.00    0.00    0.00
11:55:17      13   98.00    0.00    2.00    0.00    0.00    0.00    0.00    0.00    0.00
11:55:17      14   97.00    0.00    3.00    0.00    0.00    0.00    0.00    0.00    0.00
11:55:17      15   97.00    0.00    3.00    0.00    0.00    0.00    0.00    0.00    0.00
11:55:17      16   98.00    0.00    2.00    0.00    0.00    0.00    0.00    0.00    0.00
11:55:17      17   71.57    0.00   26.47    0.00    0.00    1.96    0.00    0.00    0.00
11:55:17      18   96.00    0.00    3.00    0.00    0.00    1.00    0.00    0.00    0.00
11:55:17      19   75.00    0.00   24.00    0.00    0.00    1.00    0.00    0.00    0.00
11:55:17      20   96.00    0.00    2.00    0.00    0.00    2.00    0.00    0.00    0.00
11:55:17      21   72.00    0.00   28.00    0.00    0.00    0.00    0.00    0.00    0.00
11:55:17      22   98.00    0.00    2.00    0.00    0.00    0.00    0.00    0.00    0.00
11:55:17      23   74.00    0.00   26.00    0.00    0.00    0.00    0.00    0.00    0.00
11:55:17      24   96.04    0.00    2.97    0.00    0.00    0.99    0.00    0.00    0.00
11:55:17      25   75.00    0.00   23.00    0.00    0.00    2.00    0.00    0.00    0.00
11:55:17      26   96.97    0.00    2.02    0.00    0.00    1.01    0.00    0.00    0.00
11:55:17      27   75.00    0.00   24.00    0.00    0.00    1.00    0.00    0.00    0.00
11:55:17      28   97.00    0.00    3.00    0.00    0.00    0.00    0.00    0.00    0.00
11:55:17      29   73.74    0.00   26.26    0.00    0.00    0.00    0.00    0.00    0.00
11:55:17      30   97.00    0.00    3.00    0.00    0.00    0.00    0.00    0.00    0.00
11:55:17      31   75.00    0.00   25.00    0.00    0.00    0.00    0.00    0.00    0.00

11:55:17     CPU    %usr   %nice    %sys %iowait    %irq   %soft  %steal  %guest   %idle
11:55:18     all   91.00    0.00    8.69    0.00    0.00    0.31    0.00    0.00    0.00
11:55:18       0   97.00    0.00    3.00    0.00    0.00    0.00    0.00    0.00    0.00
11:55:18       1   97.00    0.00    3.00    0.00    0.00    0.00    0.00    0.00    0.00
11:55:18       2   99.00    0.00    1.00    0.00    0.00    0.00    0.00    0.00    0.00
11:55:18       3   97.03    0.00    2.97    0.00    0.00    0.00    0.00    0.00    0.00
11:55:18       4   98.99    0.00    1.01    0.00    0.00    0.00    0.00    0.00    0.00
11:55:18       5   98.00    0.00    2.00    0.00    0.00    0.00    0.00    0.00    0.00
11:55:18       6   99.00    0.00    1.00    0.00    0.00    0.00    0.00    0.00    0.00
11:55:18       7   98.00    0.00    2.00    0.00    0.00    0.00    0.00    0.00    0.00
11:55:18       8   97.00    0.00    3.00    0.00    0.00    0.00    0.00    0.00    0.00
11:55:18       9   98.00    0.00    2.00    0.00    0.00    0.00    0.00    0.00    0.00
11:55:18      10   98.00    0.00    2.00    0.00    0.00    0.00    0.00    0.00    0.00
11:55:18      11   98.00    0.00    2.00    0.00    0.00    0.00    0.00    0.00    0.00
11:55:18      12   97.00    0.00    3.00    0.00    0.00    0.00    0.00    0.00    0.00
11:55:18      13   97.00    0.00    3.00    0.00    0.00    0.00    0.00    0.00    0.00
11:55:18      14   99.00    0.00    1.00    0.00    0.00    0.00    0.00    0.00    0.00
11:55:18      15   96.04    0.00    3.96    0.00    0.00    0.00    0.00    0.00    0.00
11:55:18      16   98.00    0.00    2.00    0.00    0.00    0.00    0.00    0.00    0.00
11:55:18      17   72.45    0.00   27.55    0.00    0.00    0.00    0.00    0.00    0.00
11:55:18      18   97.98    0.00    1.01    0.00    0.00    1.01    0.00    0.00    0.00
11:55:18      19   71.00    0.00   28.00    0.00    0.00    1.00    0.00    0.00    0.00
11:55:18      20   97.00    0.00    1.00    0.00    0.00    2.00    0.00    0.00    0.00
11:55:18      21   72.00    0.00   28.00    0.00    0.00    0.00    0.00    0.00    0.00
11:55:18      22   98.00    0.00    2.00    0.00    0.00    0.00    0.00    0.00    0.00
11:55:18      23   71.00    0.00   29.00    0.00    0.00    0.00    0.00    0.00    0.00
11:55:18      24   96.97    0.00    2.02    0.00    0.00    1.01    0.00    0.00    0.00
11:55:18      25   71.00    0.00   27.00    0.00    0.00    2.00    0.00    0.00    0.00
11:55:18      26   96.04    0.00    1.98    0.00    0.00    1.98    0.00    0.00    0.00
11:55:18      27   72.00    0.00   27.00    0.00    0.00    1.00    0.00    0.00    0.00
11:55:18      28   97.00    0.00    3.00    0.00    0.00    0.00    0.00    0.00    0.00
11:55:18      29   72.00    0.00   28.00    0.00    0.00    0.00    0.00    0.00    0.00
11:55:18      30   96.00    0.00    4.00    0.00    0.00    0.00    0.00    0.00    0.00
11:55:18      31   71.72    0.00   28.28    0.00    0.00    0.00    0.00    0.00    0.00

11:55:18     CPU    %usr   %nice    %sys %iowait    %irq   %soft  %steal  %guest   %idle
11:55:19     all   92.28    0.00    7.38    0.00    0.00    0.34    0.00    0.00    0.00
11:55:19       0   98.99    0.00    1.01    0.00    0.00    0.00    0.00    0.00    0.00
11:55:19       1   98.02    0.00    1.98    0.00    0.00    0.00    0.00    0.00    0.00
11:55:19       2   97.00    0.00    3.00    0.00    0.00    0.00    0.00    0.00    0.00
11:55:19       3   98.00    0.00    2.00    0.00    0.00    0.00    0.00    0.00    0.00
11:55:19       4   98.02    0.00    1.98    0.00    0.00    0.00    0.00    0.00    0.00
11:55:19       5   98.00    0.00    2.00    0.00    0.00    0.00    0.00    0.00    0.00
11:55:19       6   99.00    0.00    1.00    0.00    0.00    0.00    0.00    0.00    0.00
11:55:19       7   98.00    0.00    2.00    0.00    0.00    0.00    0.00    0.00    0.00
11:55:19       8   98.99    0.00    1.01    0.00    0.00    0.00    0.00    0.00    0.00
11:55:19       9   96.97    0.00    3.03    0.00    0.00    0.00    0.00    0.00    0.00
11:55:19      10   99.00    0.00    1.00    0.00    0.00    0.00    0.00    0.00    0.00
11:55:19      11   97.98    0.00    2.02    0.00    0.00    0.00    0.00    0.00    0.00
11:55:19      12   98.00    0.00    2.00    0.00    0.00    0.00    0.00    0.00    0.00
11:55:19      13   97.00    0.00    3.00    0.00    0.00    0.00    0.00    0.00    0.00
11:55:19      14   99.00    0.00    1.00    0.00    0.00    0.00    0.00    0.00    0.00
11:55:19      15   97.98    0.00    2.02    0.00    0.00    0.00    0.00    0.00    0.00
11:55:19      16   99.00    0.00    1.00    0.00    0.00    0.00    0.00    0.00    0.00
11:55:19      17   74.26    0.00   23.76    0.00    0.00    1.98    0.00    0.00    0.00
11:55:19      18   96.04    0.00    2.97    0.00    0.00    0.99    0.00    0.00    0.00
11:55:19      19   76.00    0.00   23.00    0.00    0.00    1.00    0.00    0.00    0.00
11:55:19      20   97.00    0.00    2.00    0.00    0.00    1.00    0.00    0.00    0.00
11:55:19      21   74.00    0.00   26.00    0.00    0.00    0.00    0.00    0.00    0.00
11:55:19      22   98.00    0.00    2.00    0.00    0.00    0.00    0.00    0.00    0.00
11:55:19      23   77.00    0.00   23.00    0.00    0.00    0.00    0.00    0.00    0.00
11:55:19      24   98.00    0.00    1.00    0.00    0.00    1.00    0.00    0.00    0.00
11:55:19      25   75.00    0.00   23.00    0.00    0.00    2.00    0.00    0.00    0.00
11:55:19      26   96.00    0.00    2.00    0.00    0.00    2.00    0.00    0.00    0.00
11:55:19      27   77.00    0.00   22.00    0.00    0.00    1.00    0.00    0.00    0.00
11:55:19      28   98.99    0.00    1.01    0.00    0.00    0.00    0.00    0.00    0.00
11:55:19      29   75.00    0.00   25.00    0.00    0.00    0.00    0.00    0.00    0.00
11:55:19      30   98.00    0.00    2.00    0.00    0.00    0.00    0.00    0.00    0.00
11:55:19      31   75.25    0.00   24.75    0.00    0.00    0.00    0.00    0.00    0.00

11:55:19     CPU    %usr   %nice    %sys %iowait    %irq   %soft  %steal  %guest   %idle
11:55:20     all   91.84    0.00    7.81    0.00    0.00    0.34    0.00    0.00    0.00
11:55:20       0   98.00    0.00    2.00    0.00    0.00    0.00    0.00    0.00    0.00
11:55:20       1   98.00    0.00    2.00    0.00    0.00    0.00    0.00    0.00    0.00
11:55:20       2   99.00    0.00    1.00    0.00    0.00    0.00    0.00    0.00    0.00
11:55:20       3   97.98    0.00    2.02    0.00    0.00    0.00    0.00    0.00    0.00
11:55:20       4   98.99    0.00    1.01    0.00    0.00    0.00    0.00    0.00    0.00
11:55:20       5   97.00    0.00    3.00    0.00    0.00    0.00    0.00    0.00    0.00
11:55:20       6   99.00    0.00    1.00    0.00    0.00    0.00    0.00    0.00    0.00
11:55:20       7   97.03    0.00    2.97    0.00    0.00    0.00    0.00    0.00    0.00
11:55:20       8   97.00    0.00    3.00    0.00    0.00    0.00    0.00    0.00    0.00
11:55:20       9   97.03    0.00    2.97    0.00    0.00    0.00    0.00    0.00    0.00
11:55:20      10   98.00    0.00    2.00    0.00    0.00    0.00    0.00    0.00    0.00
11:55:20      11   97.03    0.00    2.97    0.00    0.00    0.00    0.00    0.00    0.00
11:55:20      12   97.98    0.00    2.02    0.00    0.00    0.00    0.00    0.00    0.00
11:55:20      13   97.00    0.00    3.00    0.00    0.00    0.00    0.00    0.00    0.00
11:55:20      14   99.00    0.00    1.00    0.00    0.00    0.00    0.00    0.00    0.00
11:55:20      15   96.04    0.00    3.96    0.00    0.00    0.00    0.00    0.00    0.00
11:55:20      16   97.98    0.00    2.02    0.00    0.00    0.00    0.00    0.00    0.00
11:55:20      17   75.00    0.00   24.00    0.00    0.00    1.00    0.00    0.00    0.00
11:55:20      18   96.00    0.00    2.00    0.00    0.00    2.00    0.00    0.00    0.00
11:55:20      19   76.00    0.00   23.00    0.00    0.00    1.00    0.00    0.00    0.00
11:55:20      20   96.97    0.00    2.02    0.00    0.00    1.01    0.00    0.00    0.00
11:55:20      21   74.00    0.00   26.00    0.00    0.00    0.00    0.00    0.00    0.00
11:55:20      22   98.00    0.00    2.00    0.00    0.00    0.00    0.00    0.00    0.00
11:55:20      23   75.00    0.00   25.00    0.00    0.00    0.00    0.00    0.00    0.00
11:55:20      24   96.04    0.00    2.97    0.00    0.00    0.99    0.00    0.00    0.00
11:55:20      25   73.00    0.00   25.00    0.00    0.00    2.00    0.00    0.00    0.00
11:55:20      26   96.00    0.00    2.00    0.00    0.00    2.00    0.00    0.00    0.00
11:55:20      27   75.00    0.00   24.00    0.00    0.00    1.00    0.00    0.00    0.00
11:55:20      28   97.03    0.00    2.97    0.00    0.00    0.00    0.00    0.00    0.00
11:55:20      29   75.00    0.00   25.00    0.00    0.00    0.00    0.00    0.00    0.00
11:55:20      30   97.00    0.00    3.00    0.00    0.00    0.00    0.00    0.00    0.00
11:55:20      31   75.00    0.00   25.00    0.00    0.00    0.00    0.00    0.00    0.00

11:55:20     CPU    %usr   %nice    %sys %iowait    %irq   %soft  %steal  %guest   %idle
11:55:21     all   91.59    0.00    8.06    0.00    0.00    0.34    0.00    0.00    0.00
11:55:21       0   97.03    0.00    2.97    0.00    0.00    0.00    0.00    0.00    0.00
11:55:21       1   97.98    0.00    2.02    0.00    0.00    0.00    0.00    0.00    0.00
11:55:21       2   98.00    0.00    2.00    0.00    0.00    0.00    0.00    0.00    0.00
11:55:21       3   98.00    0.00    2.00    0.00    0.00    0.00    0.00    0.00    0.00
11:55:21       4   98.02    0.00    1.98    0.00    0.00    0.00    0.00    0.00    0.00
11:55:21       5   98.00    0.00    2.00    0.00    0.00    0.00    0.00    0.00    0.00
11:55:21       6   99.00    0.00    1.00    0.00    0.00    0.00    0.00    0.00    0.00
11:55:21       7   97.98    0.00    2.02    0.00    0.00    0.00    0.00    0.00    0.00
11:55:21       8   99.01    0.00    0.99    0.00    0.00    0.00    0.00    0.00    0.00
11:55:21       9   97.98    0.00    2.02    0.00    0.00    0.00    0.00    0.00    0.00
11:55:21      10   98.00    0.00    2.00    0.00    0.00    0.00    0.00    0.00    0.00
11:55:21      11   99.00    0.00    1.00    0.00    0.00    0.00    0.00    0.00    0.00
11:55:21      12   97.00    0.00    3.00    0.00    0.00    0.00    0.00    0.00    0.00
11:55:21      13   98.00    0.00    2.00    0.00    0.00    0.00    0.00    0.00    0.00
11:55:21      14   97.98    0.00    2.02    0.00    0.00    0.00    0.00    0.00    0.00
11:55:21      15   96.97    0.00    3.03    0.00    0.00    0.00    0.00    0.00    0.00
11:55:21      16   98.00    0.00    2.00    0.00    0.00    0.00    0.00    0.00    0.00
11:55:21      17   74.00    0.00   25.00    0.00    0.00    1.00    0.00    0.00    0.00
11:55:21      18   97.00    0.00    2.00    0.00    0.00    1.00    0.00    0.00    0.00
11:55:21      19   74.00    0.00   25.00    0.00    0.00    1.00    0.00    0.00    0.00
11:55:21      20   96.04    0.00    1.98    0.00    0.00    1.98    0.00    0.00    0.00
11:55:21      21   73.00    0.00   27.00    0.00    0.00    0.00    0.00    0.00    0.00
11:55:21      22   98.00    0.00    2.00    0.00    0.00    0.00    0.00    0.00    0.00
11:55:21      23   72.00    0.00   28.00    0.00    0.00    0.00    0.00    0.00    0.00
11:55:21      24   97.98    0.00    1.01    0.00    0.00    1.01    0.00    0.00    0.00
11:55:21      25   74.00    0.00   24.00    0.00    0.00    2.00    0.00    0.00    0.00
11:55:21      26   95.00    0.00    3.00    0.00    0.00    2.00    0.00    0.00    0.00
11:55:21      27   73.27    0.00   24.75    0.00    0.00    1.98    0.00    0.00    0.00
11:55:21      28   98.00    0.00    2.00    0.00    0.00    0.00    0.00    0.00    0.00
11:55:21      29   72.00    0.00   28.00    0.00    0.00    0.00    0.00    0.00    0.00
11:55:21      30   96.00    0.00    4.00    0.00    0.00    0.00    0.00    0.00    0.00
11:55:21      31   73.74    0.00   26.26    0.00    0.00    0.00    0.00    0.00    0.00

11:55:21     CPU    %usr   %nice    %sys %iowait    %irq   %soft  %steal  %guest   %idle
11:55:22     all   92.44    0.00    7.22    0.00    0.00    0.34    0.00    0.00    0.00
11:55:22       0   98.00    0.00    2.00    0.00    0.00    0.00    0.00    0.00    0.00
11:55:22       1   97.03    0.00    2.97    0.00    0.00    0.00    0.00    0.00    0.00
11:55:22       2   99.00    0.00    1.00    0.00    0.00    0.00    0.00    0.00    0.00
11:55:22       3   98.02    0.00    1.98    0.00    0.00    0.00    0.00    0.00    0.00
11:55:22       4   98.00    0.00    2.00    0.00    0.00    0.00    0.00    0.00    0.00
11:55:22       5   97.03    0.00    2.97    0.00    0.00    0.00    0.00    0.00    0.00
11:55:22       6   99.00    0.00    1.00    0.00    0.00    0.00    0.00    0.00    0.00
11:55:22       7   98.00    0.00    2.00    0.00    0.00    0.00    0.00    0.00    0.00
11:55:22       8   98.99    0.00    1.01    0.00    0.00    0.00    0.00    0.00    0.00
11:55:22       9   97.00    0.00    3.00    0.00    0.00    0.00    0.00    0.00    0.00
11:55:22      10   98.02    0.00    1.98    0.00    0.00    0.00    0.00    0.00    0.00
11:55:22      11   98.00    0.00    2.00    0.00    0.00    0.00    0.00    0.00    0.00
11:55:22      12   98.00    0.00    2.00    0.00    0.00    0.00    0.00    0.00    0.00
11:55:22      13   98.00    0.00    2.00    0.00    0.00    0.00    0.00    0.00    0.00
11:55:22      14   98.02    0.00    1.98    0.00    0.00    0.00    0.00    0.00    0.00
11:55:22      15   97.00    0.00    3.00    0.00    0.00    0.00    0.00    0.00    0.00
11:55:22      16   99.00    0.00    1.00    0.00    0.00    0.00    0.00    0.00    0.00
11:55:22      17   76.77    0.00   23.23    0.00    0.00    0.00    0.00    0.00    0.00
11:55:22      18   98.00    0.00    2.00    0.00    0.00    0.00    0.00    0.00    0.00
11:55:22      19   77.78    0.00   22.22    0.00    0.00    0.00    0.00    0.00    0.00
11:55:22      20   97.03    0.00    1.98    0.00    0.00    0.99    0.00    0.00    0.00
11:55:22      21   78.00    0.00   22.00    0.00    0.00    0.00    0.00    0.00    0.00
11:55:22      22   98.00    0.00    2.00    0.00    0.00    0.00    0.00    0.00    0.00
11:55:22      23   76.00    0.00   24.00    0.00    0.00    0.00    0.00    0.00    0.00
11:55:22      24   96.04    0.00    1.98    0.00    0.00    1.98    0.00    0.00    0.00
11:55:22      25   75.76    0.00   23.23    0.00    0.00    1.01    0.00    0.00    0.00
11:55:22      26   96.00    0.00    2.00    0.00    0.00    2.00    0.00    0.00    0.00
11:55:22      27   77.00    0.00   22.00    0.00    0.00    1.00    0.00    0.00    0.00
11:55:22      28   98.99    0.00    1.01    0.00    0.00    0.00    0.00    0.00    0.00
11:55:22      29   76.00    0.00   23.00    0.00    0.00    1.00    0.00    0.00    0.00
11:55:22      30   96.00    0.00    3.00    0.00    0.00    1.00    0.00    0.00    0.00
11:55:22      31   76.00    0.00   23.00    0.00    0.00    1.00    0.00    0.00    0.00

11:55:22     CPU    %usr   %nice    %sys %iowait    %irq   %soft  %steal  %guest   %idle
11:55:23     all   91.43    0.00    8.25    0.00    0.00    0.31    0.00    0.00    0.00
11:55:23       0   98.99    0.00    1.01    0.00    0.00    0.00    0.00    0.00    0.00
11:55:23       1   98.00    0.00    2.00    0.00    0.00    0.00    0.00    0.00    0.00
11:55:23       2   98.00    0.00    2.00    0.00    0.00    0.00    0.00    0.00    0.00
11:55:23       3   98.99    0.00    1.01    0.00    0.00    0.00    0.00    0.00    0.00
11:55:23       4   98.00    0.00    2.00    0.00    0.00    0.00    0.00    0.00    0.00
11:55:23       5   96.97    0.00    3.03    0.00    0.00    0.00    0.00    0.00    0.00
11:55:23       6   99.00    0.00    1.00    0.00    0.00    0.00    0.00    0.00    0.00
11:55:23       7   99.00    0.00    1.00    0.00    0.00    0.00    0.00    0.00    0.00
11:55:23       8   97.03    0.00    2.97    0.00    0.00    0.00    0.00    0.00    0.00
11:55:23       9   97.03    0.00    2.97    0.00    0.00    0.00    0.00    0.00    0.00
11:55:23      10   98.99    0.00    1.01    0.00    0.00    0.00    0.00    0.00    0.00
11:55:23      11   97.00    0.00    3.00    0.00    0.00    0.00    0.00    0.00    0.00
11:55:23      12   97.00    0.00    3.00    0.00    0.00    0.00    0.00    0.00    0.00
11:55:23      13   98.00    0.00    2.00    0.00    0.00    0.00    0.00    0.00    0.00
11:55:23      14   98.00    0.00    2.00    0.00    0.00    0.00    0.00    0.00    0.00
11:55:23      15   96.00    0.00    4.00    0.00    0.00    0.00    0.00    0.00    0.00
11:55:23      16   98.00    0.00    2.00    0.00    0.00    0.00    0.00    0.00    0.00
11:55:23      17   72.00    0.00   28.00    0.00    0.00    0.00    0.00    0.00    0.00
11:55:23      18   98.99    0.00    1.01    0.00    0.00    0.00    0.00    0.00    0.00
11:55:23      19   73.27    0.00   26.73    0.00    0.00    0.00    0.00    0.00    0.00
11:55:23      20   97.98    0.00    2.02    0.00    0.00    0.00    0.00    0.00    0.00
11:55:23      21   72.00    0.00   28.00    0.00    0.00    0.00    0.00    0.00    0.00
11:55:23      22   98.00    0.00    2.00    0.00    0.00    0.00    0.00    0.00    0.00
11:55:23      23   73.00    0.00   27.00    0.00    0.00    0.00    0.00    0.00    0.00
11:55:23      24   96.00    0.00    3.00    0.00    0.00    1.00    0.00    0.00    0.00
11:55:23      25   72.28    0.00   26.73    0.00    0.00    0.99    0.00    0.00    0.00
11:55:23      26   95.00    0.00    3.00    0.00    0.00    2.00    0.00    0.00    0.00
11:55:23      27   73.00    0.00   25.00    0.00    0.00    2.00    0.00    0.00    0.00
11:55:23      28   97.00    0.00    2.00    0.00    0.00    1.00    0.00    0.00    0.00
11:55:23      29   72.00    0.00   27.00    0.00    0.00    1.00    0.00    0.00    0.00
11:55:23      30   96.04    0.00    2.97    0.00    0.00    0.99    0.00    0.00    0.00
11:55:23      31   75.00    0.00   24.00    0.00    0.00    1.00    0.00    0.00    0.00

11:55:23     CPU    %usr   %nice    %sys %iowait    %irq   %soft  %steal  %guest   %idle
11:55:24     all   92.25    0.00    7.40    0.00    0.00    0.34    0.00    0.00    0.00
11:55:24       0   98.00    0.00    2.00    0.00    0.00    0.00    0.00    0.00    0.00
11:55:24       1   97.00    0.00    3.00    0.00    0.00    0.00    0.00    0.00    0.00
11:55:24       2   98.00    0.00    2.00    0.00    0.00    0.00    0.00    0.00    0.00
11:55:24       3   98.00    0.00    2.00    0.00    0.00    0.00    0.00    0.00    0.00
11:55:24       4   99.00    0.00    1.00    0.00    0.00    0.00    0.00    0.00    0.00
11:55:24       5   97.03    0.00    2.97    0.00    0.00    0.00    0.00    0.00    0.00
11:55:24       6   98.00    0.00    2.00    0.00    0.00    0.00    0.00    0.00    0.00
11:55:24       7   97.00    0.00    3.00    0.00    0.00    0.00    0.00    0.00    0.00
11:55:24       8   98.99    0.00    1.01    0.00    0.00    0.00    0.00    0.00    0.00
11:55:24       9   97.98    0.00    2.02    0.00    0.00    0.00    0.00    0.00    0.00
11:55:24      10   98.02    0.00    1.98    0.00    0.00    0.00    0.00    0.00    0.00
11:55:24      11   98.00    0.00    2.00    0.00    0.00    0.00    0.00    0.00    0.00
11:55:24      12   98.00    0.00    2.00    0.00    0.00    0.00    0.00    0.00    0.00
11:55:24      13   98.00    0.00    2.00    0.00    0.00    0.00    0.00    0.00    0.00
11:55:24      14   99.00    0.00    1.00    0.00    0.00    0.00    0.00    0.00    0.00
11:55:24      15   97.00    0.00    3.00    0.00    0.00    0.00    0.00    0.00    0.00
11:55:24      16   99.00    0.00    1.00    0.00    0.00    0.00    0.00    0.00    0.00
11:55:24      17   75.25    0.00   24.75    0.00    0.00    0.00    0.00    0.00    0.00
11:55:24      18   98.00    0.00    2.00    0.00    0.00    0.00    0.00    0.00    0.00
11:55:24      19   75.76    0.00   24.24    0.00    0.00    0.00    0.00    0.00    0.00
11:55:24      20   98.00    0.00    2.00    0.00    0.00    0.00    0.00    0.00    0.00
11:55:24      21   76.00    0.00   24.00    0.00    0.00    0.00    0.00    0.00    0.00
11:55:24      22   98.00    0.00    2.00    0.00    0.00    0.00    0.00    0.00    0.00
11:55:24      23   78.00    0.00   22.00    0.00    0.00    0.00    0.00    0.00    0.00
11:55:24      24   97.98    0.00    1.01    0.00    0.00    1.01    0.00    0.00    0.00
11:55:24      25   76.00    0.00   23.00    0.00    0.00    1.00    0.00    0.00    0.00
11:55:24      26   96.00    0.00    2.00    0.00    0.00    2.00    0.00    0.00    0.00
11:55:24      27   75.76    0.00   23.23    0.00    0.00    1.01    0.00    0.00    0.00
11:55:24      28   96.00    0.00    2.00    0.00    0.00    2.00    0.00    0.00    0.00
11:55:24      29   74.26    0.00   23.76    0.00    0.00    1.98    0.00    0.00    0.00
11:55:24      30   97.00    0.00    2.00    0.00    0.00    1.00    0.00    0.00    0.00
11:55:24      31   73.74    0.00   25.25    0.00    0.00    1.01    0.00    0.00    0.00

11:55:24     CPU    %usr   %nice    %sys %iowait    %irq   %soft  %steal  %guest   %idle
11:55:25     all   92.25    0.00    7.44    0.00    0.00    0.31    0.00    0.00    0.00
11:55:25       0   99.00    0.00    1.00    0.00    0.00    0.00    0.00    0.00    0.00
11:55:25       1   97.00    0.00    3.00    0.00    0.00    0.00    0.00    0.00    0.00
11:55:25       2   99.00    0.00    1.00    0.00    0.00    0.00    0.00    0.00    0.00
11:55:25       3   97.03    0.00    2.97    0.00    0.00    0.00    0.00    0.00    0.00
11:55:25       4   99.00    0.00    1.00    0.00    0.00    0.00    0.00    0.00    0.00
11:55:25       5   97.98    0.00    2.02    0.00    0.00    0.00    0.00    0.00    0.00
11:55:25       6   98.00    0.00    2.00    0.00    0.00    0.00    0.00    0.00    0.00
11:55:25       7   98.00    0.00    2.00    0.00    0.00    0.00    0.00    0.00    0.00
11:55:25       8   98.02    0.00    1.98    0.00    0.00    0.00    0.00    0.00    0.00
11:55:25       9   98.00    0.00    2.00    0.00    0.00    0.00    0.00    0.00    0.00
11:55:25      10   98.99    0.00    1.01    0.00    0.00    0.00    0.00    0.00    0.00
11:55:25      11   97.00    0.00    3.00    0.00    0.00    0.00    0.00    0.00    0.00
11:55:25      12   97.00    0.00    3.00    0.00    0.00    0.00    0.00    0.00    0.00
11:55:25      13   96.00    0.00    4.00    0.00    0.00    0.00    0.00    0.00    0.00
11:55:25      14   97.00    0.00    3.00    0.00    0.00    0.00    0.00    0.00    0.00
11:55:25      15   97.03    0.00    2.97    0.00    0.00    0.00    0.00    0.00    0.00
11:55:25      16   99.00    0.00    1.00    0.00    0.00    0.00    0.00    0.00    0.00
11:55:25      17   74.75    0.00   25.25    0.00    0.00    0.00    0.00    0.00    0.00
11:55:25      18   97.03    0.00    2.97    0.00    0.00    0.00    0.00    0.00    0.00
11:55:25      19   77.00    0.00   23.00    0.00    0.00    0.00    0.00    0.00    0.00
11:55:25      20   98.00    0.00    2.00    0.00    0.00    0.00    0.00    0.00    0.00
11:55:25      21   75.00    0.00   25.00    0.00    0.00    0.00    0.00    0.00    0.00
11:55:25      22   99.00    0.00    1.00    0.00    0.00    0.00    0.00    0.00    0.00
11:55:25      23   76.00    0.00   24.00    0.00    0.00    0.00    0.00    0.00    0.00
11:55:25      24   97.00    0.00    2.00    0.00    0.00    1.00    0.00    0.00    0.00
11:55:25      25   76.77    0.00   22.22    0.00    0.00    1.01    0.00    0.00    0.00
11:55:25      26   96.00    0.00    2.00    0.00    0.00    2.00    0.00    0.00    0.00
11:55:25      27   76.00    0.00   23.00    0.00    0.00    1.00    0.00    0.00    0.00
11:55:25      28   97.98    0.00    2.02    0.00    0.00    0.00    0.00    0.00    0.00
11:55:25      29   77.00    0.00   22.00    0.00    0.00    1.00    0.00    0.00    0.00
11:55:25      30   97.00    0.00    2.00    0.00    0.00    1.00    0.00    0.00    0.00
11:55:25      31   75.25    0.00   22.77    0.00    0.00    1.98    0.00    0.00    0.00

11:55:25     CPU    %usr   %nice    %sys %iowait    %irq   %soft  %steal  %guest   %idle
11:55:26     all   91.40    0.00    8.22    0.00    0.00    0.38    0.00    0.00    0.00
11:55:26       0   97.03    0.00    2.97    0.00    0.00    0.00    0.00    0.00    0.00
11:55:26       1   97.00    0.00    3.00    0.00    0.00    0.00    0.00    0.00    0.00
11:55:26       2   98.00    0.00    2.00    0.00    0.00    0.00    0.00    0.00    0.00
11:55:26       3   97.98    0.00    2.02    0.00    0.00    0.00    0.00    0.00    0.00
11:55:26       4   97.98    0.00    2.02    0.00    0.00    0.00    0.00    0.00    0.00
11:55:26       5   98.00    0.00    2.00    0.00    0.00    0.00    0.00    0.00    0.00
11:55:26       6   98.00    0.00    2.00    0.00    0.00    0.00    0.00    0.00    0.00
11:55:26       7   98.02    0.00    1.98    0.00    0.00    0.00    0.00    0.00    0.00
11:55:26       8   98.99    0.00    1.01    0.00    0.00    0.00    0.00    0.00    0.00
11:55:26       9   98.00    0.00    2.00    0.00    0.00    0.00    0.00    0.00    0.00
11:55:26      10   98.02    0.00    1.98    0.00    0.00    0.00    0.00    0.00    0.00
11:55:26      11   98.00    0.00    2.00    0.00    0.00    0.00    0.00    0.00    0.00
11:55:26      12   97.03    0.00    2.97    0.00    0.00    0.00    0.00    0.00    0.00
11:55:26      13   97.00    0.00    3.00    0.00    0.00    0.00    0.00    0.00    0.00
11:55:26      14   98.00    0.00    2.00    0.00    0.00    0.00    0.00    0.00    0.00
11:55:26      15   96.97    0.00    3.03    0.00    0.00    0.00    0.00    0.00    0.00
11:55:26      16   98.00    0.00    2.00    0.00    0.00    0.00    0.00    0.00    0.00
11:55:26      17   72.28    0.00   27.72    0.00    0.00    0.00    0.00    0.00    0.00
11:55:26      18   98.00    0.00    2.00    0.00    0.00    0.00    0.00    0.00    0.00
11:55:26      19   73.27    0.00   26.73    0.00    0.00    0.00    0.00    0.00    0.00
11:55:26      20   97.03    0.00    2.97    0.00    0.00    0.00    0.00    0.00    0.00
11:55:26      21   73.00    0.00   27.00    0.00    0.00    0.00    0.00    0.00    0.00
11:55:26      22   98.00    0.00    2.00    0.00    0.00    0.00    0.00    0.00    0.00
11:55:26      23   74.00    0.00   26.00    0.00    0.00    0.00    0.00    0.00    0.00
11:55:26      24   97.03    0.00    2.97    0.00    0.00    0.00    0.00    0.00    0.00
11:55:26      25   73.00    0.00   26.00    0.00    0.00    1.00    0.00    0.00    0.00
11:55:26      26   95.00    0.00    3.00    0.00    0.00    2.00    0.00    0.00    0.00
11:55:26      27   72.00    0.00   26.00    0.00    0.00    2.00    0.00    0.00    0.00
11:55:26      28   95.10    0.00    2.94    0.00    0.00    1.96    0.00    0.00    0.00
11:55:26      29   72.73    0.00   25.25    0.00    0.00    2.02    0.00    0.00    0.00
11:55:26      30   97.98    0.00    1.01    0.00    0.00    1.01    0.00    0.00    0.00
11:55:26      31   72.28    0.00   25.74    0.00    0.00    1.98    0.00    0.00    0.00

11:55:26     CPU    %usr   %nice    %sys %iowait    %irq   %soft  %steal  %guest   %idle
11:55:27     all   92.50    0.00    7.16    0.00    0.00    0.34    0.00    0.00    0.00
11:55:27       0   98.00    0.00    2.00    0.00    0.00    0.00    0.00    0.00    0.00
11:55:27       1   98.00    0.00    2.00    0.00    0.00    0.00    0.00    0.00    0.00
11:55:27       2   99.00    0.00    1.00    0.00    0.00    0.00    0.00    0.00    0.00
11:55:27       3   98.02    0.00    1.98    0.00    0.00    0.00    0.00    0.00    0.00
11:55:27       4   98.02    0.00    1.98    0.00    0.00    0.00    0.00    0.00    0.00
11:55:27       5   98.02    0.00    1.98    0.00    0.00    0.00    0.00    0.00    0.00
11:55:27       6   98.00    0.00    2.00    0.00    0.00    0.00    0.00    0.00    0.00
11:55:27       7   98.99    0.00    1.01    0.00    0.00    0.00    0.00    0.00    0.00
11:55:27       8   98.00    0.00    2.00    0.00    0.00    0.00    0.00    0.00    0.00
11:55:27       9   98.00    0.00    2.00    0.00    0.00    0.00    0.00    0.00    0.00
11:55:27      10   99.00    0.00    1.00    0.00    0.00    0.00    0.00    0.00    0.00
11:55:27      11   97.00    0.00    3.00    0.00    0.00    0.00    0.00    0.00    0.00
11:55:27      12   97.98    0.00    2.02    0.00    0.00    0.00    0.00    0.00    0.00
11:55:27      13   97.00    0.00    3.00    0.00    0.00    0.00    0.00    0.00    0.00
11:55:27      14   98.00    0.00    2.00    0.00    0.00    0.00    0.00    0.00    0.00
11:55:27      15   97.00    0.00    3.00    0.00    0.00    0.00    0.00    0.00    0.00
11:55:27      16   98.02    0.00    1.98    0.00    0.00    0.00    0.00    0.00    0.00
11:55:27      17   75.76    0.00   24.24    0.00    0.00    0.00    0.00    0.00    0.00
11:55:27      18   98.00    0.00    2.00    0.00    0.00    0.00    0.00    0.00    0.00
11:55:27      19   77.00    0.00   23.00    0.00    0.00    0.00    0.00    0.00    0.00
11:55:27      20   98.99    0.00    1.01    0.00    0.00    0.00    0.00    0.00    0.00
11:55:27      21   76.00    0.00   24.00    0.00    0.00    0.00    0.00    0.00    0.00
11:55:27      22   98.00    0.00    2.00    0.00    0.00    0.00    0.00    0.00    0.00
11:55:27      23   75.00    0.00   25.00    0.00    0.00    0.00    0.00    0.00    0.00
11:55:27      24   97.98    0.00    1.01    0.00    0.00    1.01    0.00    0.00    0.00
11:55:27      25   78.00    0.00   21.00    0.00    0.00    1.00    0.00    0.00    0.00
11:55:27      26   96.00    0.00    2.00    0.00    0.00    2.00    0.00    0.00    0.00
11:55:27      27   76.00    0.00   22.00    0.00    0.00    2.00    0.00    0.00    0.00
11:55:27      28   96.97    0.00    2.02    0.00    0.00    1.01    0.00    0.00    0.00
11:55:27      29   76.24    0.00   21.78    0.00    0.00    1.98    0.00    0.00    0.00
11:55:27      30   96.04    0.00    2.97    0.00    0.00    0.99    0.00    0.00    0.00
11:55:27      31   76.77    0.00   22.22    0.00    0.00    1.01    0.00    0.00    0.00

11:55:27     CPU    %usr   %nice    %sys %iowait    %irq   %soft  %steal  %guest   %idle
11:55:28     all   91.72    0.00    7.91    0.00    0.00    0.38    0.00    0.00    0.00
11:55:28       0   98.99    0.00    1.01    0.00    0.00    0.00    0.00    0.00    0.00
11:55:28       1   97.00    0.00    3.00    0.00    0.00    0.00    0.00    0.00    0.00
11:55:28       2   98.99    0.00    1.01    0.00    0.00    0.00    0.00    0.00    0.00
11:55:28       3   97.98    0.00    2.02    0.00    0.00    0.00    0.00    0.00    0.00
11:55:28       4   98.00    0.00    2.00    0.00    0.00    0.00    0.00    0.00    0.00
11:55:28       5   98.00    0.00    2.00    0.00    0.00    0.00    0.00    0.00    0.00
11:55:28       6   98.00    0.00    2.00    0.00    0.00    0.00    0.00    0.00    0.00
11:55:28       7   98.00    0.00    2.00    0.00    0.00    0.00    0.00    0.00    0.00
11:55:28       8   99.00    0.00    1.00    0.00    0.00    0.00    0.00    0.00    0.00
11:55:28       9   98.00    0.00    2.00    0.00    0.00    0.00    0.00    0.00    0.00
11:55:28      10   98.99    0.00    1.01    0.00    0.00    0.00    0.00    0.00    0.00
11:55:28      11   97.00    0.00    3.00    0.00    0.00    0.00    0.00    0.00    0.00
11:55:28      12   98.00    0.00    2.00    0.00    0.00    0.00    0.00    0.00    0.00
11:55:28      13   98.00    0.00    2.00    0.00    0.00    0.00    0.00    0.00    0.00
11:55:28      14   98.00    0.00    2.00    0.00    0.00    0.00    0.00    0.00    0.00
11:55:28      15   97.00    0.00    3.00    0.00    0.00    0.00    0.00    0.00    0.00
11:55:28      16   98.99    0.00    1.01    0.00    0.00    0.00    0.00    0.00    0.00
11:55:28      17   72.28    0.00   27.72    0.00    0.00    0.00    0.00    0.00    0.00
11:55:28      18   99.00    0.00    1.00    0.00    0.00    0.00    0.00    0.00    0.00
11:55:28      19   74.00    0.00   26.00    0.00    0.00    0.00    0.00    0.00    0.00
11:55:28      20   99.00    0.00    1.00    0.00    0.00    0.00    0.00    0.00    0.00
11:55:28      21   73.00    0.00   27.00    0.00    0.00    0.00    0.00    0.00    0.00
11:55:28      22   98.00    0.00    2.00    0.00    0.00    0.00    0.00    0.00    0.00
11:55:28      23   76.00    0.00   24.00    0.00    0.00    0.00    0.00    0.00    0.00
11:55:28      24   98.00    0.00    1.00    0.00    0.00    1.00    0.00    0.00    0.00
11:55:28      25   73.00    0.00   25.00    0.00    0.00    2.00    0.00    0.00    0.00
11:55:28      26   96.00    0.00    2.00    0.00    0.00    2.00    0.00    0.00    0.00
11:55:28      27   73.00    0.00   26.00    0.00    0.00    1.00    0.00    0.00    0.00
11:55:28      28   97.00    0.00    2.00    0.00    0.00    1.00    0.00    0.00    0.00
11:55:28      29   73.74    0.00   25.25    0.00    0.00    1.01    0.00    0.00    0.00
11:55:28      30   96.00    0.00    2.00    0.00    0.00    2.00    0.00    0.00    0.00
11:55:28      31   73.00    0.00   25.00    0.00    0.00    2.00    0.00    0.00    0.00

11:55:28     CPU    %usr   %nice    %sys %iowait    %irq   %soft  %steal  %guest   %idle
11:55:29     all   92.50    0.00    7.22    0.00    0.00    0.28    0.00    0.00    0.00
11:55:29       0   97.00    0.00    3.00    0.00    0.00    0.00    0.00    0.00    0.00
11:55:29       1   97.98    0.00    2.02    0.00    0.00    0.00    0.00    0.00    0.00
11:55:29       2   99.00    0.00    1.00    0.00    0.00    0.00    0.00    0.00    0.00
11:55:29       3   98.00    0.00    2.00    0.00    0.00    0.00    0.00    0.00    0.00
11:55:29       4   98.00    0.00    2.00    0.00    0.00    0.00    0.00    0.00    0.00
11:55:29       5   97.98    0.00    2.02    0.00    0.00    0.00    0.00    0.00    0.00
11:55:29       6   98.00    0.00    2.00    0.00    0.00    0.00    0.00    0.00    0.00
11:55:29       7   98.00    0.00    2.00    0.00    0.00    0.00    0.00    0.00    0.00
11:55:29       8   99.00    0.00    1.00    0.00    0.00    0.00    0.00    0.00    0.00
11:55:29       9   97.00    0.00    3.00    0.00    0.00    0.00    0.00    0.00    0.00
11:55:29      10   98.02    0.00    1.98    0.00    0.00    0.00    0.00    0.00    0.00
11:55:29      11   97.00    0.00    3.00    0.00    0.00    0.00    0.00    0.00    0.00
11:55:29      12   98.00    0.00    2.00    0.00    0.00    0.00    0.00    0.00    0.00
11:55:29      13   98.00    0.00    2.00    0.00    0.00    0.00    0.00    0.00    0.00
11:55:29      14   98.00    0.00    2.00    0.00    0.00    0.00    0.00    0.00    0.00
11:55:29      15   97.00    0.00    3.00    0.00    0.00    0.00    0.00    0.00    0.00
11:55:29      16   99.00    0.00    1.00    0.00    0.00    0.00    0.00    0.00    0.00
11:55:29      17   76.00    0.00   24.00    0.00    0.00    0.00    0.00    0.00    0.00
11:55:29      18   98.99    0.00    1.01    0.00    0.00    0.00    0.00    0.00    0.00
11:55:29      19   76.77    0.00   23.23    0.00    0.00    0.00    0.00    0.00    0.00
11:55:29      20   98.02    0.00    1.98    0.00    0.00    0.00    0.00    0.00    0.00
11:55:29      21   75.00    0.00   25.00    0.00    0.00    0.00    0.00    0.00    0.00
11:55:29      22   98.00    0.00    2.00    0.00    0.00    0.00    0.00    0.00    0.00
11:55:29      23   77.00    0.00   23.00    0.00    0.00    0.00    0.00    0.00    0.00
11:55:29      24   96.00    0.00    3.00    0.00    0.00    1.00    0.00    0.00    0.00
11:55:29      25   78.00    0.00   21.00    0.00    0.00    1.00    0.00    0.00    0.00
11:55:29      26   96.00    0.00    2.00    0.00    0.00    2.00    0.00    0.00    0.00
11:55:29      27   78.00    0.00   22.00    0.00    0.00    0.00    0.00    0.00    0.00
11:55:29      28   97.00    0.00    1.00    0.00    0.00    2.00    0.00    0.00    0.00
11:55:29      29   76.24    0.00   22.77    0.00    0.00    0.99    0.00    0.00    0.00
11:55:29      30   97.00    0.00    2.00    0.00    0.00    1.00    0.00    0.00    0.00
11:55:29      31   76.00    0.00   22.00    0.00    0.00    2.00    0.00    0.00    0.00

11:55:29     CPU    %usr   %nice    %sys %iowait    %irq   %soft  %steal  %guest   %idle
11:55:30     all   91.78    0.00    7.88    0.00    0.00    0.34    0.00    0.00    0.00
11:55:30       0   98.00    0.00    2.00    0.00    0.00    0.00    0.00    0.00    0.00
11:55:30       1   96.04    0.00    3.96    0.00    0.00    0.00    0.00    0.00    0.00
11:55:30       2   98.02    0.00    1.98    0.00    0.00    0.00    0.00    0.00    0.00
11:55:30       3   98.00    0.00    2.00    0.00    0.00    0.00    0.00    0.00    0.00
11:55:30       4   99.00    0.00    1.00    0.00    0.00    0.00    0.00    0.00    0.00
11:55:30       5   97.00    0.00    3.00    0.00    0.00    0.00    0.00    0.00    0.00
11:55:30       6   99.00    0.00    1.00    0.00    0.00    0.00    0.00    0.00    0.00
11:55:30       7   98.00    0.00    2.00    0.00    0.00    0.00    0.00    0.00    0.00
11:55:30       8   97.00    0.00    3.00    0.00    0.00    0.00    0.00    0.00    0.00
11:55:30       9   97.03    0.00    2.97    0.00    0.00    0.00    0.00    0.00    0.00
11:55:30      10   99.00    0.00    1.00    0.00    0.00    0.00    0.00    0.00    0.00
11:55:30      11   98.00    0.00    2.00    0.00    0.00    0.00    0.00    0.00    0.00
11:55:30      12   98.00    0.00    2.00    0.00    0.00    0.00    0.00    0.00    0.00
11:55:30      13   98.00    0.00    2.00    0.00    0.00    0.00    0.00    0.00    0.00
11:55:30      14   97.98    0.00    2.02    0.00    0.00    0.00    0.00    0.00    0.00
11:55:30      15   97.00    0.00    3.00    0.00    0.00    0.00    0.00    0.00    0.00
11:55:30      16   98.02    0.00    1.98    0.00    0.00    0.00    0.00    0.00    0.00
11:55:30      17   72.73    0.00   27.27    0.00    0.00    0.00    0.00    0.00    0.00
11:55:30      18   98.02    0.00    1.98    0.00    0.00    0.00    0.00    0.00    0.00
11:55:30      19   75.00    0.00   25.00    0.00    0.00    0.00    0.00    0.00    0.00
11:55:30      20   98.00    0.00    2.00    0.00    0.00    0.00    0.00    0.00    0.00
11:55:30      21   74.00    0.00   26.00    0.00    0.00    0.00    0.00    0.00    0.00
11:55:30      22   98.00    0.00    2.00    0.00    0.00    0.00    0.00    0.00    0.00
11:55:30      23   74.00    0.00   26.00    0.00    0.00    0.00    0.00    0.00    0.00
11:55:30      24   97.00    0.00    2.00    0.00    0.00    1.00    0.00    0.00    0.00
11:55:30      25   73.27    0.00   24.75    0.00    0.00    1.98    0.00    0.00    0.00
11:55:30      26   97.00    0.00    2.00    0.00    0.00    1.00    0.00    0.00    0.00
11:55:30      27   73.27    0.00   24.75    0.00    0.00    1.98    0.00    0.00    0.00
11:55:30      28   97.00    0.00    2.00    0.00    0.00    1.00    0.00    0.00    0.00
11:55:30      29   75.76    0.00   23.23    0.00    0.00    1.01    0.00    0.00    0.00
11:55:30      30   96.00    0.00    3.00    0.00    0.00    1.00    0.00    0.00    0.00
11:55:30      31   76.00    0.00   22.00    0.00    0.00    2.00    0.00    0.00    0.00

11:55:30     CPU    %usr   %nice    %sys %iowait    %irq   %soft  %steal  %guest   %idle
11:55:31     all   92.03    0.00    7.59    0.00    0.00    0.38    0.00    0.00    0.00
11:55:31       0   98.02    0.00    1.98    0.00    0.00    0.00    0.00    0.00    0.00
11:55:31       1   97.00    0.00    3.00    0.00    0.00    0.00    0.00    0.00    0.00
11:55:31       2   99.00    0.00    1.00    0.00    0.00    0.00    0.00    0.00    0.00
11:55:31       3   98.02    0.00    1.98    0.00    0.00    0.00    0.00    0.00    0.00
11:55:31       4   98.99    0.00    1.01    0.00    0.00    0.00    0.00    0.00    0.00
11:55:31       5   97.00    0.00    3.00    0.00    0.00    0.00    0.00    0.00    0.00
11:55:31       6   99.00    0.00    1.00    0.00    0.00    0.00    0.00    0.00    0.00
11:55:31       7   98.00    0.00    2.00    0.00    0.00    0.00    0.00    0.00    0.00
11:55:31       8   99.00    0.00    1.00    0.00    0.00    0.00    0.00    0.00    0.00
11:55:31       9   97.98    0.00    2.02    0.00    0.00    0.00    0.00    0.00    0.00
11:55:31      10   98.99    0.00    1.01    0.00    0.00    0.00    0.00    0.00    0.00
11:55:31      11   97.00    0.00    3.00    0.00    0.00    0.00    0.00    0.00    0.00
11:55:31      12   98.00    0.00    2.00    0.00    0.00    0.00    0.00    0.00    0.00
11:55:31      13   98.00    0.00    2.00    0.00    0.00    0.00    0.00    0.00    0.00
11:55:31      14   98.02    0.00    1.98    0.00    0.00    0.00    0.00    0.00    0.00
11:55:31      15   97.00    0.00    3.00    0.00    0.00    0.00    0.00    0.00    0.00
11:55:31      16   98.99    0.00    1.01    0.00    0.00    0.00    0.00    0.00    0.00
11:55:31      17   74.26    0.00   25.74    0.00    0.00    0.00    0.00    0.00    0.00
11:55:31      18   98.00    0.00    2.00    0.00    0.00    0.00    0.00    0.00    0.00
11:55:31      19   75.00    0.00   25.00    0.00    0.00    0.00    0.00    0.00    0.00
11:55:31      20   98.99    0.00    1.01    0.00    0.00    0.00    0.00    0.00    0.00
11:55:31      21   74.75    0.00   25.25    0.00    0.00    0.00    0.00    0.00    0.00
11:55:31      22   98.00    0.00    2.00    0.00    0.00    0.00    0.00    0.00    0.00
11:55:31      23   74.00    0.00   26.00    0.00    0.00    0.00    0.00    0.00    0.00
11:55:31      24   96.00    0.00    3.00    0.00    0.00    1.00    0.00    0.00    0.00
11:55:31      25   74.00    0.00   24.00    0.00    0.00    2.00    0.00    0.00    0.00
11:55:31      26   97.00    0.00    1.00    0.00    0.00    2.00    0.00    0.00    0.00
11:55:31      27   74.75    0.00   24.24    0.00    0.00    1.01    0.00    0.00    0.00
11:55:31      28   96.97    0.00    2.02    0.00    0.00    1.01    0.00    0.00    0.00
11:55:31      29   74.00    0.00   25.00    0.00    0.00    1.00    0.00    0.00    0.00
11:55:31      30   97.00    0.00    2.00    0.00    0.00    1.00    0.00    0.00    0.00
11:55:31      31   74.00    0.00   24.00    0.00    0.00    2.00    0.00    0.00    0.00

11:55:31     CPU    %usr   %nice    %sys %iowait    %irq   %soft  %steal  %guest   %idle
11:55:32     all   92.50    0.00    7.19    0.00    0.00    0.31    0.00    0.00    0.00
11:55:32       0   98.99    0.00    1.01    0.00    0.00    0.00    0.00    0.00    0.00
11:55:32       1   98.00    0.00    2.00    0.00    0.00    0.00    0.00    0.00    0.00
11:55:32       2   98.00    0.00    2.00    0.00    0.00    0.00    0.00    0.00    0.00
11:55:32       3   99.00    0.00    1.00    0.00    0.00    0.00    0.00    0.00    0.00
11:55:32       4   98.02    0.00    1.98    0.00    0.00    0.00    0.00    0.00    0.00
11:55:32       5   98.02    0.00    1.98    0.00    0.00    0.00    0.00    0.00    0.00
11:55:32       6   99.00    0.00    1.00    0.00    0.00    0.00    0.00    0.00    0.00
11:55:32       7   97.00    0.00    3.00    0.00    0.00    0.00    0.00    0.00    0.00
11:55:32       8   98.00    0.00    2.00    0.00    0.00    0.00    0.00    0.00    0.00
11:55:32       9   97.03    0.00    2.97    0.00    0.00    0.00    0.00    0.00    0.00
11:55:32      10   99.00    0.00    1.00    0.00    0.00    0.00    0.00    0.00    0.00
11:55:32      11   98.00    0.00    2.00    0.00    0.00    0.00    0.00    0.00    0.00
11:55:32      12   97.00    0.00    3.00    0.00    0.00    0.00    0.00    0.00    0.00
11:55:32      13   97.00    0.00    3.00    0.00    0.00    0.00    0.00    0.00    0.00
11:55:32      14   98.00    0.00    2.00    0.00    0.00    0.00    0.00    0.00    0.00
11:55:32      15   97.00    0.00    3.00    0.00    0.00    0.00    0.00    0.00    0.00
11:55:32      16   99.00    0.00    1.00    0.00    0.00    0.00    0.00    0.00    0.00
11:55:32      17   75.76    0.00   24.24    0.00    0.00    0.00    0.00    0.00    0.00
11:55:32      18   98.00    0.00    2.00    0.00    0.00    0.00    0.00    0.00    0.00
11:55:32      19   77.00    0.00   23.00    0.00    0.00    0.00    0.00    0.00    0.00
11:55:32      20   97.00    0.00    3.00    0.00    0.00    0.00    0.00    0.00    0.00
11:55:32      21   76.24    0.00   23.76    0.00    0.00    0.00    0.00    0.00    0.00
11:55:32      22   98.00    0.00    2.00    0.00    0.00    0.00    0.00    0.00    0.00
11:55:32      23   77.00    0.00   23.00    0.00    0.00    0.00    0.00    0.00    0.00
11:55:32      24   97.03    0.00    1.98    0.00    0.00    0.99    0.00    0.00    0.00
11:55:32      25   76.77    0.00   22.22    0.00    0.00    1.01    0.00    0.00    0.00
11:55:32      26   97.00    0.00    2.00    0.00    0.00    1.00    0.00    0.00    0.00
11:55:32      27   76.00    0.00   22.00    0.00    0.00    2.00    0.00    0.00    0.00
11:55:32      28   96.04    0.00    2.97    0.00    0.00    0.99    0.00    0.00    0.00
11:55:32      29   77.00    0.00   22.00    0.00    0.00    1.00    0.00    0.00    0.00
11:55:32      30   97.00    0.00    2.00    0.00    0.00    1.00    0.00    0.00    0.00
11:55:32      31   76.00    0.00   22.00    0.00    0.00    2.00    0.00    0.00    0.00

11:55:32     CPU    %usr   %nice    %sys %iowait    %irq   %soft  %steal  %guest   %idle
11:55:33     all   91.28    0.00    8.34    0.00    0.00    0.37    0.00    0.00    0.00
11:55:33       0   97.03    0.00    2.97    0.00    0.00    0.00    0.00    0.00    0.00
11:55:33       1   97.98    0.00    2.02    0.00    0.00    0.00    0.00    0.00    0.00
11:55:33       2   98.00    0.00    2.00    0.00    0.00    0.00    0.00    0.00    0.00
11:55:33       3   96.97    0.00    3.03    0.00    0.00    0.00    0.00    0.00    0.00
11:55:33       4   98.99    0.00    1.01    0.00    0.00    0.00    0.00    0.00    0.00
11:55:33       5   98.00    0.00    2.00    0.00    0.00    0.00    0.00    0.00    0.00
11:55:33       6   98.00    0.00    2.00    0.00    0.00    0.00    0.00    0.00    0.00
11:55:33       7   98.00    0.00    2.00    0.00    0.00    0.00    0.00    0.00    0.00
11:55:33       8   98.00    0.00    2.00    0.00    0.00    0.00    0.00    0.00    0.00
11:55:33       9   97.98    0.00    2.02    0.00    0.00    0.00    0.00    0.00    0.00
11:55:33      10   98.00    0.00    2.00    0.00    0.00    0.00    0.00    0.00    0.00
11:55:33      11   97.00    0.00    3.00    0.00    0.00    0.00    0.00    0.00    0.00
11:55:33      12   97.00    0.00    3.00    0.00    0.00    0.00    0.00    0.00    0.00
11:55:33      13   98.00    0.00    2.00    0.00    0.00    0.00    0.00    0.00    0.00
11:55:33      14   98.00    0.00    2.00    0.00    0.00    0.00    0.00    0.00    0.00
11:55:33      15   96.00    0.00    4.00    0.00    0.00    0.00    0.00    0.00    0.00
11:55:33      16   98.02    0.00    1.98    0.00    0.00    0.00    0.00    0.00    0.00
11:55:33      17   73.00    0.00   27.00    0.00    0.00    0.00    0.00    0.00    0.00
11:55:33      18   97.00    0.00    3.00    0.00    0.00    0.00    0.00    0.00    0.00
11:55:33      19   73.00    0.00   27.00    0.00    0.00    0.00    0.00    0.00    0.00
11:55:33      20   99.00    0.00    1.00    0.00    0.00    0.00    0.00    0.00    0.00
11:55:33      21   72.00    0.00   28.00    0.00    0.00    0.00    0.00    0.00    0.00
11:55:33      22   98.00    0.00    2.00    0.00    0.00    0.00    0.00    0.00    0.00
11:55:33      23   72.00    0.00   28.00    0.00    0.00    0.00    0.00    0.00    0.00
11:55:33      24   97.98    0.00    2.02    0.00    0.00    0.00    0.00    0.00    0.00
11:55:33      25   72.00    0.00   27.00    0.00    0.00    1.00    0.00    0.00    0.00
11:55:33      26   95.00    0.00    2.00    0.00    0.00    3.00    0.00    0.00    0.00
11:55:33      27   75.00    0.00   24.00    0.00    0.00    1.00    0.00    0.00    0.00
11:55:33      28   97.00    0.00    2.00    0.00    0.00    1.00    0.00    0.00    0.00
11:55:33      29   73.00    0.00   26.00    0.00    0.00    1.00    0.00    0.00    0.00
11:55:33      30   96.94    0.00    2.04    0.00    0.00    1.02    0.00    0.00    0.00
11:55:33      31   73.00    0.00   25.00    0.00    0.00    2.00    0.00    0.00    0.00

11:55:33     CPU    %usr   %nice    %sys %iowait    %irq   %soft  %steal  %guest   %idle
11:55:34     all   92.34    0.00    7.31    0.00    0.00    0.34    0.00    0.00    0.00
11:55:34       0   97.98    0.00    2.02    0.00    0.00    0.00    0.00    0.00    0.00
11:55:34       1   98.00    0.00    2.00    0.00    0.00    0.00    0.00    0.00    0.00
11:55:34       2   98.99    0.00    1.01    0.00    0.00    0.00    0.00    0.00    0.00
11:55:34       3   98.00    0.00    2.00    0.00    0.00    0.00    0.00    0.00    0.00
11:55:34       4   98.02    0.00    1.98    0.00    0.00    0.00    0.00    0.00    0.00
11:55:34       5   98.00    0.00    2.00    0.00    0.00    0.00    0.00    0.00    0.00
11:55:34       6   98.00    0.00    2.00    0.00    0.00    0.00    0.00    0.00    0.00
11:55:34       7   98.00    0.00    2.00    0.00    0.00    0.00    0.00    0.00    0.00
11:55:34       8   98.00    0.00    2.00    0.00    0.00    0.00    0.00    0.00    0.00
11:55:34       9   98.00    0.00    2.00    0.00    0.00    0.00    0.00    0.00    0.00
11:55:34      10   99.00    0.00    1.00    0.00    0.00    0.00    0.00    0.00    0.00
11:55:34      11   98.00    0.00    2.00    0.00    0.00    0.00    0.00    0.00    0.00
11:55:34      12   98.00    0.00    2.00    0.00    0.00    0.00    0.00    0.00    0.00
11:55:34      13   97.00    0.00    3.00    0.00    0.00    0.00    0.00    0.00    0.00
11:55:34      14   99.00    0.00    1.00    0.00    0.00    0.00    0.00    0.00    0.00
11:55:34      15   95.05    0.00    4.95    0.00    0.00    0.00    0.00    0.00    0.00
11:55:34      16   98.99    0.00    1.01    0.00    0.00    0.00    0.00    0.00    0.00
11:55:34      17   75.25    0.00   24.75    0.00    0.00    0.00    0.00    0.00    0.00
11:55:34      18   98.00    0.00    2.00    0.00    0.00    0.00    0.00    0.00    0.00
11:55:34      19   76.00    0.00   24.00    0.00    0.00    0.00    0.00    0.00    0.00
11:55:34      20   98.00    0.00    2.00    0.00    0.00    0.00    0.00    0.00    0.00
11:55:34      21   75.00    0.00   25.00    0.00    0.00    0.00    0.00    0.00    0.00
11:55:34      22   98.00    0.00    2.00    0.00    0.00    0.00    0.00    0.00    0.00
11:55:34      23   77.00    0.00   23.00    0.00    0.00    0.00    0.00    0.00    0.00
11:55:34      24   98.00    0.00    1.00    0.00    0.00    1.00    0.00    0.00    0.00
11:55:34      25   77.00    0.00   22.00    0.00    0.00    1.00    0.00    0.00    0.00
11:55:34      26   96.00    0.00    2.00    0.00    0.00    2.00    0.00    0.00    0.00
11:55:34      27   76.00    0.00   22.00    0.00    0.00    2.00    0.00    0.00    0.00
11:55:34      28   96.00    0.00    2.00    0.00    0.00    2.00    0.00    0.00    0.00
11:55:34      29   76.00    0.00   22.00    0.00    0.00    2.00    0.00    0.00    0.00
11:55:34      30   96.08    0.00    1.96    0.00    0.00    1.96    0.00    0.00    0.00
11:55:34      31   75.00    0.00   23.00    0.00    0.00    2.00    0.00    0.00    0.00

11:55:34     CPU    %usr   %nice    %sys %iowait    %irq   %soft  %steal  %guest   %idle
11:55:35     all   91.81    0.00    7.85    0.00    0.00    0.34    0.00    0.00    0.00
11:55:35       0   98.00    0.00    2.00    0.00    0.00    0.00    0.00    0.00    0.00
11:55:35       1   97.00    0.00    3.00    0.00    0.00    0.00    0.00    0.00    0.00
11:55:35       2   98.02    0.00    1.98    0.00    0.00    0.00    0.00    0.00    0.00
11:55:35       3   97.00    0.00    3.00    0.00    0.00    0.00    0.00    0.00    0.00
11:55:35       4   98.99    0.00    1.01    0.00    0.00    0.00    0.00    0.00    0.00
11:55:35       5   98.00    0.00    2.00    0.00    0.00    0.00    0.00    0.00    0.00
11:55:35       6   99.00    0.00    1.00    0.00    0.00    0.00    0.00    0.00    0.00
11:55:35       7   98.00    0.00    2.00    0.00    0.00    0.00    0.00    0.00    0.00
11:55:35       8   98.00    0.00    2.00    0.00    0.00    0.00    0.00    0.00    0.00
11:55:35       9   98.00    0.00    2.00    0.00    0.00    0.00    0.00    0.00    0.00
11:55:35      10   98.00    0.00    2.00    0.00    0.00    0.00    0.00    0.00    0.00
11:55:35      11   98.00    0.00    2.00    0.00    0.00    0.00    0.00    0.00    0.00
11:55:35      12   97.00    0.00    3.00    0.00    0.00    0.00    0.00    0.00    0.00
11:55:35      13   98.00    0.00    2.00    0.00    0.00    0.00    0.00    0.00    0.00
11:55:35      14   97.98    0.00    2.02    0.00    0.00    0.00    0.00    0.00    0.00
11:55:35      15   96.97    0.00    3.03    0.00    0.00    0.00    0.00    0.00    0.00
11:55:35      16   97.03    0.00    2.97    0.00    0.00    0.00    0.00    0.00    0.00
11:55:35      17   74.75    0.00   25.25    0.00    0.00    0.00    0.00    0.00    0.00
11:55:35      18   98.00    0.00    2.00    0.00    0.00    0.00    0.00    0.00    0.00
11:55:35      19   74.00    0.00   26.00    0.00    0.00    0.00    0.00    0.00    0.00
11:55:35      20   98.00    0.00    2.00    0.00    0.00    0.00    0.00    0.00    0.00
11:55:35      21   73.00    0.00   27.00    0.00    0.00    0.00    0.00    0.00    0.00
11:55:35      22   97.00    0.00    3.00    0.00    0.00    0.00    0.00    0.00    0.00
11:55:35      23   75.00    0.00   25.00    0.00    0.00    0.00    0.00    0.00    0.00
11:55:35      24   97.00    0.00    2.00    0.00    0.00    1.00    0.00    0.00    0.00
11:55:35      25   75.00    0.00   24.00    0.00    0.00    1.00    0.00    0.00    0.00
11:55:35      26   96.97    0.00    2.02    0.00    0.00    1.01    0.00    0.00    0.00
11:55:35      27   75.00    0.00   24.00    0.00    0.00    1.00    0.00    0.00    0.00
11:55:35      28   97.00    0.00    2.00    0.00    0.00    1.00    0.00    0.00    0.00
11:55:35      29   74.26    0.00   23.76    0.00    0.00    1.98    0.00    0.00    0.00
11:55:35      30   96.00    0.00    3.00    0.00    0.00    1.00    0.00    0.00    0.00
11:55:35      31   75.00    0.00   24.00    0.00    0.00    1.00    0.00    0.00    0.00

11:55:35     CPU    %usr   %nice    %sys %iowait    %irq   %soft  %steal  %guest   %idle
11:55:36     all   92.03    0.00    7.59    0.00    0.00    0.38    0.00    0.00    0.00
11:55:36       0   99.00    0.00    1.00    0.00    0.00    0.00    0.00    0.00    0.00
11:55:36       1   97.00    0.00    3.00    0.00    0.00    0.00    0.00    0.00    0.00
11:55:36       2   98.99    0.00    1.01    0.00    0.00    0.00    0.00    0.00    0.00
11:55:36       3   97.00    0.00    3.00    0.00    0.00    0.00    0.00    0.00    0.00
11:55:36       4   98.00    0.00    2.00    0.00    0.00    0.00    0.00    0.00    0.00
11:55:36       5   97.98    0.00    2.02    0.00    0.00    0.00    0.00    0.00    0.00
11:55:36       6   98.00    0.00    2.00    0.00    0.00    0.00    0.00    0.00    0.00
11:55:36       7   97.98    0.00    2.02    0.00    0.00    0.00    0.00    0.00    0.00
11:55:36       8   98.00    0.00    2.00    0.00    0.00    0.00    0.00    0.00    0.00
11:55:36       9   96.00    0.00    4.00    0.00    0.00    0.00    0.00    0.00    0.00
11:55:36      10   98.00    0.00    2.00    0.00    0.00    0.00    0.00    0.00    0.00
11:55:36      11   97.98    0.00    2.02    0.00    0.00    0.00    0.00    0.00    0.00
11:55:36      12   98.00    0.00    2.00    0.00    0.00    0.00    0.00    0.00    0.00
11:55:36      13   97.00    0.00    3.00    0.00    0.00    0.00    0.00    0.00    0.00
11:55:36      14   99.00    0.00    1.00    0.00    0.00    0.00    0.00    0.00    0.00
11:55:36      15   97.00    0.00    3.00    0.00    0.00    0.00    0.00    0.00    0.00
11:55:36      16   99.00    0.00    1.00    0.00    0.00    0.00    0.00    0.00    0.00
11:55:36      17   74.26    0.00   25.74    0.00    0.00    0.00    0.00    0.00    0.00
11:55:36      18   98.99    0.00    1.01    0.00    0.00    0.00    0.00    0.00    0.00
11:55:36      19   76.00    0.00   24.00    0.00    0.00    0.00    0.00    0.00    0.00
11:55:36      20   98.00    0.00    2.00    0.00    0.00    0.00    0.00    0.00    0.00
11:55:36      21   76.77    0.00   23.23    0.00    0.00    0.00    0.00    0.00    0.00
11:55:36      22   98.00    0.00    2.00    0.00    0.00    0.00    0.00    0.00    0.00
11:55:36      23   75.00    0.00   25.00    0.00    0.00    0.00    0.00    0.00    0.00
11:55:36      24   96.00    0.00    2.00    0.00    0.00    2.00    0.00    0.00    0.00
11:55:36      25   74.00    0.00   24.00    0.00    0.00    2.00    0.00    0.00    0.00
11:55:36      26   96.00    0.00    2.00    0.00    0.00    2.00    0.00    0.00    0.00
11:55:36      27   76.00    0.00   23.00    0.00    0.00    1.00    0.00    0.00    0.00
11:55:36      28   96.00    0.00    2.00    0.00    0.00    2.00    0.00    0.00    0.00
11:55:36      29   75.76    0.00   23.23    0.00    0.00    1.01    0.00    0.00    0.00
11:55:36      30   96.00    0.00    3.00    0.00    0.00    1.00    0.00    0.00    0.00
11:55:36      31   75.00    0.00   23.00    0.00    0.00    2.00    0.00    0.00    0.00

11:55:36     CPU    %usr   %nice    %sys %iowait    %irq   %soft  %steal  %guest   %idle
11:55:37     all   91.93    0.00    7.75    0.00    0.00    0.31    0.00    0.00    0.00
11:55:37       0   99.00    0.00    1.00    0.00    0.00    0.00    0.00    0.00    0.00
11:55:37       1   97.03    0.00    2.97    0.00    0.00    0.00    0.00    0.00    0.00
11:55:37       2   98.02    0.00    1.98    0.00    0.00    0.00    0.00    0.00    0.00
11:55:37       3   98.00    0.00    2.00    0.00    0.00    0.00    0.00    0.00    0.00
11:55:37       4   98.00    0.00    2.00    0.00    0.00    0.00    0.00    0.00    0.00
11:55:37       5   97.00    0.00    3.00    0.00    0.00    0.00    0.00    0.00    0.00
11:55:37       6   99.00    0.00    1.00    0.00    0.00    0.00    0.00    0.00    0.00
11:55:37       7   98.00    0.00    2.00    0.00    0.00    0.00    0.00    0.00    0.00
11:55:37       8   97.00    0.00    3.00    0.00    0.00    0.00    0.00    0.00    0.00
11:55:37       9   97.03    0.00    2.97    0.00    0.00    0.00    0.00    0.00    0.00
11:55:37      10   99.00    0.00    1.00    0.00    0.00    0.00    0.00    0.00    0.00
11:55:37      11   97.03    0.00    2.97    0.00    0.00    0.00    0.00    0.00    0.00
11:55:37      12   97.00    0.00    3.00    0.00    0.00    0.00    0.00    0.00    0.00
11:55:37      13   97.00    0.00    3.00    0.00    0.00    0.00    0.00    0.00    0.00
11:55:37      14   98.00    0.00    2.00    0.00    0.00    0.00    0.00    0.00    0.00
11:55:37      15   96.00    0.00    4.00    0.00    0.00    0.00    0.00    0.00    0.00
11:55:37      16   98.00    0.00    2.00    0.00    0.00    0.00    0.00    0.00    0.00
11:55:37      17   74.00    0.00   26.00    0.00    0.00    0.00    0.00    0.00    0.00
11:55:37      18   98.02    0.00    1.98    0.00    0.00    0.00    0.00    0.00    0.00
11:55:37      19   74.26    0.00   25.74    0.00    0.00    0.00    0.00    0.00    0.00
11:55:37      20   98.00    0.00    2.00    0.00    0.00    0.00    0.00    0.00    0.00
11:55:37      21   74.26    0.00   25.74    0.00    0.00    0.00    0.00    0.00    0.00
11:55:37      22   98.00    0.00    2.00    0.00    0.00    0.00    0.00    0.00    0.00
11:55:37      23   76.00    0.00   24.00    0.00    0.00    0.00    0.00    0.00    0.00
11:55:37      24   95.05    0.00    2.97    0.00    0.00    1.98    0.00    0.00    0.00
11:55:37      25   75.25    0.00   23.76    0.00    0.00    0.99    0.00    0.00    0.00
11:55:37      26   96.04    0.00    2.97    0.00    0.00    0.99    0.00    0.00    0.00
11:55:37      27   75.00    0.00   23.00    0.00    0.00    2.00    0.00    0.00    0.00
11:55:37      28   97.00    0.00    2.00    0.00    0.00    1.00    0.00    0.00    0.00
11:55:37      29   74.00    0.00   25.00    0.00    0.00    1.00    0.00    0.00    0.00
11:55:37      30   96.97    0.00    2.02    0.00    0.00    1.01    0.00    0.00    0.00
11:55:37      31   76.77    0.00   22.22    0.00    0.00    1.01    0.00    0.00    0.00

11:55:37     CPU    %usr   %nice    %sys %iowait    %irq   %soft  %steal  %guest   %idle
11:55:38     all   91.78    0.00    7.84    0.00    0.00    0.37    0.00    0.00    0.00
11:55:38       0   97.00    0.00    3.00    0.00    0.00    0.00    0.00    0.00    0.00
11:55:38       1   97.00    0.00    3.00    0.00    0.00    0.00    0.00    0.00    0.00
11:55:38       2   98.00    0.00    2.00    0.00    0.00    0.00    0.00    0.00    0.00
11:55:38       3   97.00    0.00    3.00    0.00    0.00    0.00    0.00    0.00    0.00
11:55:38       4   99.00    0.00    1.00    0.00    0.00    0.00    0.00    0.00    0.00
11:55:38       5   98.02    0.00    1.98    0.00    0.00    0.00    0.00    0.00    0.00
11:55:38       6   98.99    0.00    1.01    0.00    0.00    0.00    0.00    0.00    0.00
11:55:38       7   98.00    0.00    2.00    0.00    0.00    0.00    0.00    0.00    0.00
11:55:38       8   99.00    0.00    1.00    0.00    0.00    0.00    0.00    0.00    0.00
11:55:38       9   96.97    0.00    3.03    0.00    0.00    0.00    0.00    0.00    0.00
11:55:38      10   98.02    0.00    1.98    0.00    0.00    0.00    0.00    0.00    0.00
11:55:38      11   97.98    0.00    2.02    0.00    0.00    0.00    0.00    0.00    0.00
11:55:38      12   98.00    0.00    2.00    0.00    0.00    0.00    0.00    0.00    0.00
11:55:38      13   98.00    0.00    2.00    0.00    0.00    0.00    0.00    0.00    0.00
11:55:38      14   98.02    0.00    1.98    0.00    0.00    0.00    0.00    0.00    0.00
11:55:38      15   97.00    0.00    3.00    0.00    0.00    0.00    0.00    0.00    0.00
11:55:38      16   98.99    0.00    1.01    0.00    0.00    0.00    0.00    0.00    0.00
11:55:38      17   71.00    0.00   29.00    0.00    0.00    0.00    0.00    0.00    0.00
11:55:38      18   98.00    0.00    2.00    0.00    0.00    0.00    0.00    0.00    0.00
11:55:38      19   75.00    0.00   25.00    0.00    0.00    0.00    0.00    0.00    0.00
11:55:38      20   98.00    0.00    2.00    0.00    0.00    0.00    0.00    0.00    0.00
11:55:38      21   75.00    0.00   25.00    0.00    0.00    0.00    0.00    0.00    0.00
11:55:38      22   98.00    0.00    2.00    0.00    0.00    0.00    0.00    0.00    0.00
11:55:38      23   75.00    0.00   25.00    0.00    0.00    0.00    0.00    0.00    0.00
11:55:38      24   96.00    0.00    3.00    0.00    0.00    1.00    0.00    0.00    0.00
11:55:38      25   74.75    0.00   24.24    0.00    0.00    1.01    0.00    0.00    0.00
11:55:38      26   95.00    0.00    2.00    0.00    0.00    3.00    0.00    0.00    0.00
11:55:38      27   75.00    0.00   23.00    0.00    0.00    2.00    0.00    0.00    0.00
11:55:38      28   96.00    0.00    2.00    0.00    0.00    2.00    0.00    0.00    0.00
11:55:38      29   75.25    0.00   23.76    0.00    0.00    0.99    0.00    0.00    0.00
11:55:38      30   97.00    0.00    2.00    0.00    0.00    1.00    0.00    0.00    0.00
11:55:38      31   74.26    0.00   23.76    0.00    0.00    1.98    0.00    0.00    0.00

11:55:38     CPU    %usr   %nice    %sys %iowait    %irq   %soft  %steal  %guest   %idle
11:55:39     all   92.12    0.00    7.44    0.00    0.00    0.44    0.00    0.00    0.00
11:55:39       0   97.03    0.00    2.97    0.00    0.00    0.00    0.00    0.00    0.00
11:55:39       1   98.00    0.00    2.00    0.00    0.00    0.00    0.00    0.00    0.00
11:55:39       2   98.99    0.00    1.01    0.00    0.00    0.00    0.00    0.00    0.00
11:55:39       3   96.04    0.00    3.96    0.00    0.00    0.00    0.00    0.00    0.00
11:55:39       4   98.02    0.00    1.98    0.00    0.00    0.00    0.00    0.00    0.00
11:55:39       5   98.00    0.00    2.00    0.00    0.00    0.00    0.00    0.00    0.00
11:55:39       6   98.02    0.00    1.98    0.00    0.00    0.00    0.00    0.00    0.00
11:55:39       7   97.03    0.00    2.97    0.00    0.00    0.00    0.00    0.00    0.00
11:55:39       8   98.00    0.00    2.00    0.00    0.00    0.00    0.00    0.00    0.00
11:55:39       9   98.00    0.00    2.00    0.00    0.00    0.00    0.00    0.00    0.00
11:55:39      10   98.99    0.00    1.01    0.00    0.00    0.00    0.00    0.00    0.00
11:55:39      11   97.03    0.00    2.97    0.00    0.00    0.00    0.00    0.00    0.00
11:55:39      12   97.00    0.00    3.00    0.00    0.00    0.00    0.00    0.00    0.00
11:55:39      13   97.00    0.00    3.00    0.00    0.00    0.00    0.00    0.00    0.00
11:55:39      14   98.00    0.00    2.00    0.00    0.00    0.00    0.00    0.00    0.00
11:55:39      15   96.00    0.00    4.00    0.00    0.00    0.00    0.00    0.00    0.00
11:55:39      16   99.00    0.00    1.00    0.00    0.00    0.00    0.00    0.00    0.00
11:55:39      17   75.76    0.00   24.24    0.00    0.00    0.00    0.00    0.00    0.00
11:55:39      18   97.98    0.00    2.02    0.00    0.00    0.00    0.00    0.00    0.00
11:55:39      19   77.78    0.00   22.22    0.00    0.00    0.00    0.00    0.00    0.00
11:55:39      20   96.00    0.00    4.00    0.00    0.00    0.00    0.00    0.00    0.00
11:55:39      21   77.78    0.00   22.22    0.00    0.00    0.00    0.00    0.00    0.00
11:55:39      22   98.00    0.00    2.00    0.00    0.00    0.00    0.00    0.00    0.00
11:55:39      23   78.00    0.00   22.00    0.00    0.00    0.00    0.00    0.00    0.00
11:55:39      24   97.98    0.00    1.01    0.00    0.00    1.01    0.00    0.00    0.00
11:55:39      25   74.26    0.00   23.76    0.00    0.00    1.98    0.00    0.00    0.00
11:55:39      26   95.00    0.00    2.00    0.00    0.00    3.00    0.00    0.00    0.00
11:55:39      27   76.77    0.00   22.22    0.00    0.00    1.01    0.00    0.00    0.00
11:55:39      28   97.00    0.00    2.00    0.00    0.00    1.00    0.00    0.00    0.00
11:55:39      29   75.76    0.00   23.23    0.00    0.00    1.01    0.00    0.00    0.00
11:55:39      30   95.00    0.00    4.00    0.00    0.00    1.00    0.00    0.00    0.00
11:55:39      31   75.00    0.00   23.00    0.00    0.00    2.00    0.00    0.00    0.00

11:55:39     CPU    %usr   %nice    %sys %iowait    %irq   %soft  %steal  %guest   %idle
11:55:40     all   91.38    0.00    8.31    0.00    0.00    0.31    0.00    0.00    0.00
11:55:40       0   97.98    0.00    2.02    0.00    0.00    0.00    0.00    0.00    0.00
11:55:40       1   97.00    0.00    3.00    0.00    0.00    0.00    0.00    0.00    0.00
11:55:40       2   98.00    0.00    2.00    0.00    0.00    0.00    0.00    0.00    0.00
11:55:40       3   97.98    0.00    2.02    0.00    0.00    0.00    0.00    0.00    0.00
11:55:40       4   99.00    0.00    1.00    0.00    0.00    0.00    0.00    0.00    0.00
11:55:40       5   97.98    0.00    2.02    0.00    0.00    0.00    0.00    0.00    0.00
11:55:40       6   97.00    0.00    3.00    0.00    0.00    0.00    0.00    0.00    0.00
11:55:40       7   98.00    0.00    2.00    0.00    0.00    0.00    0.00    0.00    0.00
11:55:40       8   98.00    0.00    2.00    0.00    0.00    0.00    0.00    0.00    0.00
11:55:40       9   98.00    0.00    2.00    0.00    0.00    0.00    0.00    0.00    0.00
11:55:40      10   99.00    0.00    1.00    0.00    0.00    0.00    0.00    0.00    0.00
11:55:40      11   98.99    0.00    1.01    0.00    0.00    0.00    0.00    0.00    0.00
11:55:40      12   97.00    0.00    3.00    0.00    0.00    0.00    0.00    0.00    0.00
11:55:40      13   98.00    0.00    2.00    0.00    0.00    0.00    0.00    0.00    0.00
11:55:40      14   99.00    0.00    1.00    0.00    0.00    0.00    0.00    0.00    0.00
11:55:40      15   95.00    0.00    5.00    0.00    0.00    0.00    0.00    0.00    0.00
11:55:40      16   98.02    0.00    1.98    0.00    0.00    0.00    0.00    0.00    0.00
11:55:40      17   71.00    0.00   29.00    0.00    0.00    0.00    0.00    0.00    0.00
11:55:40      18   98.02    0.00    1.98    0.00    0.00    0.00    0.00    0.00    0.00
11:55:40      19   72.28    0.00   27.72    0.00    0.00    0.00    0.00    0.00    0.00
11:55:40      20   98.00    0.00    2.00    0.00    0.00    0.00    0.00    0.00    0.00
11:55:40      21   73.00    0.00   27.00    0.00    0.00    0.00    0.00    0.00    0.00
11:55:40      22   98.00    0.00    2.00    0.00    0.00    0.00    0.00    0.00    0.00
11:55:40      23   72.00    0.00   28.00    0.00    0.00    0.00    0.00    0.00    0.00
11:55:40      24   97.00    0.00    2.00    0.00    0.00    1.00    0.00    0.00    0.00
11:55:40      25   72.73    0.00   26.26    0.00    0.00    1.01    0.00    0.00    0.00
11:55:40      26   96.00    0.00    3.00    0.00    0.00    1.00    0.00    0.00    0.00
11:55:40      27   74.00    0.00   25.00    0.00    0.00    1.00    0.00    0.00    0.00
11:55:40      28   97.00    0.00    2.00    0.00    0.00    1.00    0.00    0.00    0.00
11:55:40      29   73.74    0.00   25.25    0.00    0.00    1.01    0.00    0.00    0.00
11:55:40      30   96.97    0.00    2.02    0.00    0.00    1.01    0.00    0.00    0.00
11:55:40      31   73.00    0.00   25.00    0.00    0.00    2.00    0.00    0.00    0.00

11:55:40     CPU    %usr   %nice    %sys %iowait    %irq   %soft  %steal  %guest   %idle
11:55:41     all   92.37    0.00    7.31    0.00    0.00    0.31    0.00    0.00    0.00
11:55:41       0   98.00    0.00    2.00    0.00    0.00    0.00    0.00    0.00    0.00
11:55:41       1   97.98    0.00    2.02    0.00    0.00    0.00    0.00    0.00    0.00
11:55:41       2   99.00    0.00    1.00    0.00    0.00    0.00    0.00    0.00    0.00
11:55:41       3   98.00    0.00    2.00    0.00    0.00    0.00    0.00    0.00    0.00
11:55:41       4   98.99    0.00    1.01    0.00    0.00    0.00    0.00    0.00    0.00
11:55:41       5   97.03    0.00    2.97    0.00    0.00    0.00    0.00    0.00    0.00
11:55:41       6   99.00    0.00    1.00    0.00    0.00    0.00    0.00    0.00    0.00
11:55:41       7   97.00    0.00    3.00    0.00    0.00    0.00    0.00    0.00    0.00
11:55:41       8   98.00    0.00    2.00    0.00    0.00    0.00    0.00    0.00    0.00
11:55:41       9   97.03    0.00    2.97    0.00    0.00    0.00    0.00    0.00    0.00
11:55:41      10   98.00    0.00    2.00    0.00    0.00    0.00    0.00    0.00    0.00
11:55:41      11   97.03    0.00    2.97    0.00    0.00    0.00    0.00    0.00    0.00
11:55:41      12   98.00    0.00    2.00    0.00    0.00    0.00    0.00    0.00    0.00
11:55:41      13   96.97    0.00    3.03    0.00    0.00    0.00    0.00    0.00    0.00
11:55:41      14   99.00    0.00    1.00    0.00    0.00    0.00    0.00    0.00    0.00
11:55:41      15   97.00    0.00    3.00    0.00    0.00    0.00    0.00    0.00    0.00
11:55:41      16   98.00    0.00    2.00    0.00    0.00    0.00    0.00    0.00    0.00
11:55:41      17   76.00    0.00   24.00    0.00    0.00    0.00    0.00    0.00    0.00
11:55:41      18   97.98    0.00    2.02    0.00    0.00    0.00    0.00    0.00    0.00
11:55:41      19   74.75    0.00   25.25    0.00    0.00    0.00    0.00    0.00    0.00
11:55:41      20   98.00    0.00    2.00    0.00    0.00    0.00    0.00    0.00    0.00
11:55:41      21   78.22    0.00   21.78    0.00    0.00    0.00    0.00    0.00    0.00
11:55:41      22   98.00    0.00    2.00    0.00    0.00    0.00    0.00    0.00    0.00
11:55:41      23   75.00    0.00   25.00    0.00    0.00    0.00    0.00    0.00    0.00
11:55:41      24   97.03    0.00    1.98    0.00    0.00    0.99    0.00    0.00    0.00
11:55:41      25   76.24    0.00   22.77    0.00    0.00    0.99    0.00    0.00    0.00
11:55:41      26   95.00    0.00    3.00    0.00    0.00    2.00    0.00    0.00    0.00
11:55:41      27   76.00    0.00   22.00    0.00    0.00    2.00    0.00    0.00    0.00
11:55:41      28   96.04    0.00    1.98    0.00    0.00    1.98    0.00    0.00    0.00
11:55:41      29   76.24    0.00   21.78    0.00    0.00    1.98    0.00    0.00    0.00
11:55:41      30   95.10    0.00    2.94    0.00    0.00    1.96    0.00    0.00    0.00
11:55:41      31   77.00    0.00   22.00    0.00    0.00    1.00    0.00    0.00    0.00

11:55:41     CPU    %usr   %nice    %sys %iowait    %irq   %soft  %steal  %guest   %idle
11:55:42     all   92.00    0.00    7.66    0.00    0.00    0.34    0.00    0.00    0.00
11:55:42       0   98.00    0.00    2.00    0.00    0.00    0.00    0.00    0.00    0.00
11:55:42       1   97.03    0.00    2.97    0.00    0.00    0.00    0.00    0.00    0.00
11:55:42       2   98.02    0.00    1.98    0.00    0.00    0.00    0.00    0.00    0.00
11:55:42       3   98.00    0.00    2.00    0.00    0.00    0.00    0.00    0.00    0.00
11:55:42       4   98.00    0.00    2.00    0.00    0.00    0.00    0.00    0.00    0.00
11:55:42       5   97.98    0.00    2.02    0.00    0.00    0.00    0.00    0.00    0.00
11:55:42       6   98.99    0.00    1.01    0.00    0.00    0.00    0.00    0.00    0.00
11:55:42       7   99.00    0.00    1.00    0.00    0.00    0.00    0.00    0.00    0.00
11:55:42       8   98.00    0.00    2.00    0.00    0.00    0.00    0.00    0.00    0.00
11:55:42       9   98.99    0.00    1.01    0.00    0.00    0.00    0.00    0.00    0.00
11:55:42      10   99.00    0.00    1.00    0.00    0.00    0.00    0.00    0.00    0.00
11:55:42      11   98.00    0.00    2.00    0.00    0.00    0.00    0.00    0.00    0.00
11:55:42      12   98.00    0.00    2.00    0.00    0.00    0.00    0.00    0.00    0.00
11:55:42      13   98.00    0.00    2.00    0.00    0.00    0.00    0.00    0.00    0.00
11:55:42      14   98.00    0.00    2.00    0.00    0.00    0.00    0.00    0.00    0.00
11:55:42      15   96.00    0.00    4.00    0.00    0.00    0.00    0.00    0.00    0.00
11:55:42      16   98.99    0.00    1.01    0.00    0.00    0.00    0.00    0.00    0.00
11:55:42      17   74.00    0.00   26.00    0.00    0.00    0.00    0.00    0.00    0.00
11:55:42      18   98.00    0.00    2.00    0.00    0.00    0.00    0.00    0.00    0.00
11:55:42      19   75.25    0.00   24.75    0.00    0.00    0.00    0.00    0.00    0.00
11:55:42      20   98.00    0.00    2.00    0.00    0.00    0.00    0.00    0.00    0.00
11:55:42      21   74.75    0.00   25.25    0.00    0.00    0.00    0.00    0.00    0.00
11:55:42      22   98.00    0.00    2.00    0.00    0.00    0.00    0.00    0.00    0.00
11:55:42      23   76.00    0.00   24.00    0.00    0.00    0.00    0.00    0.00    0.00
11:55:42      24   96.97    0.00    2.02    0.00    0.00    1.01    0.00    0.00    0.00
11:55:42      25   75.76    0.00   22.22    0.00    0.00    2.02    0.00    0.00    0.00
11:55:42      26   97.00    0.00    2.00    0.00    0.00    1.00    0.00    0.00    0.00
11:55:42      27   74.26    0.00   23.76    0.00    0.00    1.98    0.00    0.00    0.00
11:55:42      28   97.00    0.00    2.00    0.00    0.00    1.00    0.00    0.00    0.00
11:55:42      29   73.00    0.00   26.00    0.00    0.00    1.00    0.00    0.00    0.00
11:55:42      30   96.97    0.00    2.02    0.00    0.00    1.01    0.00    0.00    0.00
11:55:42      31   73.00    0.00   25.00    0.00    0.00    2.00    0.00    0.00    0.00

11:55:42     CPU    %usr   %nice    %sys %iowait    %irq   %soft  %steal  %guest   %idle
11:55:43     all   91.72    0.00    7.90    0.00    0.00    0.37    0.00    0.00    0.00
11:55:43       0   98.02    0.00    1.98    0.00    0.00    0.00    0.00    0.00    0.00
11:55:43       1   98.00    0.00    2.00    0.00    0.00    0.00    0.00    0.00    0.00
11:55:43       2   98.99    0.00    1.01    0.00    0.00    0.00    0.00    0.00    0.00
11:55:43       3   98.00    0.00    2.00    0.00    0.00    0.00    0.00    0.00    0.00
11:55:43       4   98.00    0.00    2.00    0.00    0.00    0.00    0.00    0.00    0.00
11:55:43       5   97.00    0.00    3.00    0.00    0.00    0.00    0.00    0.00    0.00
11:55:43       6   98.00    0.00    2.00    0.00    0.00    0.00    0.00    0.00    0.00
11:55:43       7   98.00    0.00    2.00    0.00    0.00    0.00    0.00    0.00    0.00
11:55:43       8   98.00    0.00    2.00    0.00    0.00    0.00    0.00    0.00    0.00
11:55:43       9   98.00    0.00    2.00    0.00    0.00    0.00    0.00    0.00    0.00
11:55:43      10   98.00    0.00    2.00    0.00    0.00    0.00    0.00    0.00    0.00
11:55:43      11   98.00    0.00    2.00    0.00    0.00    0.00    0.00    0.00    0.00
11:55:43      12   98.00    0.00    2.00    0.00    0.00    0.00    0.00    0.00    0.00
11:55:43      13   97.03    0.00    2.97    0.00    0.00    0.00    0.00    0.00    0.00
11:55:43      14   99.00    0.00    1.00    0.00    0.00    0.00    0.00    0.00    0.00
11:55:43      15   96.00    0.00    4.00    0.00    0.00    0.00    0.00    0.00    0.00
11:55:43      16   98.00    0.00    2.00    0.00    0.00    0.00    0.00    0.00    0.00
11:55:43      17   73.00    0.00   27.00    0.00    0.00    0.00    0.00    0.00    0.00
11:55:43      18   98.00    0.00    2.00    0.00    0.00    0.00    0.00    0.00    0.00
11:55:43      19   74.00    0.00   26.00    0.00    0.00    0.00    0.00    0.00    0.00
11:55:43      20   98.00    0.00    2.00    0.00    0.00    0.00    0.00    0.00    0.00
11:55:43      21   74.26    0.00   25.74    0.00    0.00    0.00    0.00    0.00    0.00
11:55:43      22   99.00    0.00    1.00    0.00    0.00    0.00    0.00    0.00    0.00
11:55:43      23   75.00    0.00   25.00    0.00    0.00    0.00    0.00    0.00    0.00
11:55:43      24   97.00    0.00    1.00    0.00    0.00    2.00    0.00    0.00    0.00
11:55:43      25   74.00    0.00   25.00    0.00    0.00    1.00    0.00    0.00    0.00
11:55:43      26   97.00    0.00    1.00    0.00    0.00    2.00    0.00    0.00    0.00
11:55:43      27   74.75    0.00   24.24    0.00    0.00    1.01    0.00    0.00    0.00
11:55:43      28   96.00    0.00    2.00    0.00    0.00    2.00    0.00    0.00    0.00
11:55:43      29   74.00    0.00   25.00    0.00    0.00    1.00    0.00    0.00    0.00
11:55:43      30   97.00    0.00    3.00    0.00    0.00    0.00    0.00    0.00    0.00
11:55:43      31   74.00    0.00   24.00    0.00    0.00    2.00    0.00    0.00    0.00

11:55:43     CPU    %usr   %nice    %sys %iowait    %irq   %soft  %steal  %guest   %idle
11:55:44     all   92.62    0.00    7.06    0.00    0.00    0.31    0.00    0.00    0.00
11:55:44       0   98.99    0.00    1.01    0.00    0.00    0.00    0.00    0.00    0.00
11:55:44       1   97.98    0.00    2.02    0.00    0.00    0.00    0.00    0.00    0.00
11:55:44       2   97.03    0.00    2.97    0.00    0.00    0.00    0.00    0.00    0.00
11:55:44       3   98.00    0.00    2.00    0.00    0.00    0.00    0.00    0.00    0.00
11:55:44       4   99.01    0.00    0.99    0.00    0.00    0.00    0.00    0.00    0.00
11:55:44       5   98.00    0.00    2.00    0.00    0.00    0.00    0.00    0.00    0.00
11:55:44       6   99.00    0.00    1.00    0.00    0.00    0.00    0.00    0.00    0.00
11:55:44       7   97.98    0.00    2.02    0.00    0.00    0.00    0.00    0.00    0.00
11:55:44       8   98.00    0.00    2.00    0.00    0.00    0.00    0.00    0.00    0.00
11:55:44       9   98.00    0.00    2.00    0.00    0.00    0.00    0.00    0.00    0.00
11:55:44      10   99.00    0.00    1.00    0.00    0.00    0.00    0.00    0.00    0.00
11:55:44      11   97.00    0.00    3.00    0.00    0.00    0.00    0.00    0.00    0.00
11:55:44      12   97.00    0.00    3.00    0.00    0.00    0.00    0.00    0.00    0.00
11:55:44      13   98.00    0.00    2.00    0.00    0.00    0.00    0.00    0.00    0.00
11:55:44      14   99.00    0.00    1.00    0.00    0.00    0.00    0.00    0.00    0.00
11:55:44      15   97.00    0.00    3.00    0.00    0.00    0.00    0.00    0.00    0.00
11:55:44      16   98.02    0.00    1.98    0.00    0.00    0.00    0.00    0.00    0.00
11:55:44      17   76.00    0.00   24.00    0.00    0.00    0.00    0.00    0.00    0.00
11:55:44      18   98.00    0.00    2.00    0.00    0.00    0.00    0.00    0.00    0.00
11:55:44      19   76.77    0.00   23.23    0.00    0.00    0.00    0.00    0.00    0.00
11:55:44      20   98.00    0.00    2.00    0.00    0.00    0.00    0.00    0.00    0.00
11:55:44      21   76.77    0.00   23.23    0.00    0.00    0.00    0.00    0.00    0.00
11:55:44      22   98.00    0.00    2.00    0.00    0.00    0.00    0.00    0.00    0.00
11:55:44      23   77.00    0.00   23.00    0.00    0.00    0.00    0.00    0.00    0.00
11:55:44      24   96.04    0.00    2.97    0.00    0.00    0.99    0.00    0.00    0.00
11:55:44      25   76.00    0.00   22.00    0.00    0.00    2.00    0.00    0.00    0.00
11:55:44      26   96.00    0.00    2.00    0.00    0.00    2.00    0.00    0.00    0.00
11:55:44      27   76.24    0.00   21.78    0.00    0.00    1.98    0.00    0.00    0.00
11:55:44      28   97.00    0.00    2.00    0.00    0.00    1.00    0.00    0.00    0.00
11:55:44      29   76.00    0.00   23.00    0.00    0.00    1.00    0.00    0.00    0.00
11:55:44      30   97.00    0.00    2.00    0.00    0.00    1.00    0.00    0.00    0.00
11:55:44      31   77.78    0.00   21.21    0.00    0.00    1.01    0.00    0.00    0.00

11:55:44     CPU    %usr   %nice    %sys %iowait    %irq   %soft  %steal  %guest   %idle
11:55:45     all   91.25    0.00    8.41    0.00    0.00    0.34    0.00    0.00    0.00
11:55:45       0   97.03    0.00    2.97    0.00    0.00    0.00    0.00    0.00    0.00
11:55:45       1   97.00    0.00    3.00    0.00    0.00    0.00    0.00    0.00    0.00
11:55:45       2   99.00    0.00    1.00    0.00    0.00    0.00    0.00    0.00    0.00
11:55:45       3   98.00    0.00    2.00    0.00    0.00    0.00    0.00    0.00    0.00
11:55:45       4   98.99    0.00    1.01    0.00    0.00    0.00    0.00    0.00    0.00
11:55:45       5   97.00    0.00    3.00    0.00    0.00    0.00    0.00    0.00    0.00
11:55:45       6   98.00    0.00    2.00    0.00    0.00    0.00    0.00    0.00    0.00
11:55:45       7   97.03    0.00    2.97    0.00    0.00    0.00    0.00    0.00    0.00
11:55:45       8   98.00    0.00    2.00    0.00    0.00    0.00    0.00    0.00    0.00
11:55:45       9   98.00    0.00    2.00    0.00    0.00    0.00    0.00    0.00    0.00
11:55:45      10   98.00    0.00    2.00    0.00    0.00    0.00    0.00    0.00    0.00
11:55:45      11   97.00    0.00    3.00    0.00    0.00    0.00    0.00    0.00    0.00
11:55:45      12   97.00    0.00    3.00    0.00    0.00    0.00    0.00    0.00    0.00
11:55:45      13   97.00    0.00    3.00    0.00    0.00    0.00    0.00    0.00    0.00
11:55:45      14   97.98    0.00    2.02    0.00    0.00    0.00    0.00    0.00    0.00
11:55:45      15   97.00    0.00    3.00    0.00    0.00    0.00    0.00    0.00    0.00
11:55:45      16   97.98    0.00    2.02    0.00    0.00    0.00    0.00    0.00    0.00
11:55:45      17   73.00    0.00   27.00    0.00    0.00    0.00    0.00    0.00    0.00
11:55:45      18   98.00    0.00    2.00    0.00    0.00    0.00    0.00    0.00    0.00
11:55:45      19   73.00    0.00   27.00    0.00    0.00    0.00    0.00    0.00    0.00
11:55:45      20   98.00    0.00    2.00    0.00    0.00    0.00    0.00    0.00    0.00
11:55:45      21   73.27    0.00   26.73    0.00    0.00    0.00    0.00    0.00    0.00
11:55:45      22   98.00    0.00    2.00    0.00    0.00    0.00    0.00    0.00    0.00
11:55:45      23   72.00    0.00   28.00    0.00    0.00    0.00    0.00    0.00    0.00
11:55:45      24   97.98    0.00    2.02    0.00    0.00    0.00    0.00    0.00    0.00
11:55:45      25   73.00    0.00   26.00    0.00    0.00    1.00    0.00    0.00    0.00
11:55:45      26   96.00    0.00    2.00    0.00    0.00    2.00    0.00    0.00    0.00
11:55:45      27   73.00    0.00   26.00    0.00    0.00    1.00    0.00    0.00    0.00
11:55:45      28   95.96    0.00    3.03    0.00    0.00    1.01    0.00    0.00    0.00
11:55:45      29   72.00    0.00   27.00    0.00    0.00    1.00    0.00    0.00    0.00
11:55:45      30   96.04    0.00    2.97    0.00    0.00    0.99    0.00    0.00    0.00
11:55:45      31   71.29    0.00   26.73    0.00    0.00    1.98    0.00    0.00    0.00

11:55:45     CPU    %usr   %nice    %sys %iowait    %irq   %soft  %steal  %guest   %idle
11:55:46     all   92.65    0.00    7.06    0.00    0.00    0.28    0.00    0.00    0.00
11:55:46       0   97.00    0.00    2.00    0.00    0.00    1.00    0.00    0.00    0.00
11:55:46       1   98.00    0.00    2.00    0.00    0.00    0.00    0.00    0.00    0.00
11:55:46       2   98.00    0.00    2.00    0.00    0.00    0.00    0.00    0.00    0.00
11:55:46       3   99.00    0.00    1.00    0.00    0.00    0.00    0.00    0.00    0.00
11:55:46       4   99.01    0.00    0.99    0.00    0.00    0.00    0.00    0.00    0.00
11:55:46       5   99.00    0.00    1.00    0.00    0.00    0.00    0.00    0.00    0.00
11:55:46       6   97.03    0.00    2.97    0.00    0.00    0.00    0.00    0.00    0.00
11:55:46       7   98.00    0.00    2.00    0.00    0.00    0.00    0.00    0.00    0.00
11:55:46       8   99.00    0.00    1.00    0.00    0.00    0.00    0.00    0.00    0.00
11:55:46       9   97.00    0.00    3.00    0.00    0.00    0.00    0.00    0.00    0.00
11:55:46      10   98.00    0.00    2.00    0.00    0.00    0.00    0.00    0.00    0.00
11:55:46      11   98.00    0.00    2.00    0.00    0.00    0.00    0.00    0.00    0.00
11:55:46      12   98.00    0.00    2.00    0.00    0.00    0.00    0.00    0.00    0.00
11:55:46      13   98.00    0.00    2.00    0.00    0.00    0.00    0.00    0.00    0.00
11:55:46      14   99.00    0.00    1.00    0.00    0.00    0.00    0.00    0.00    0.00
11:55:46      15   97.00    0.00    3.00    0.00    0.00    0.00    0.00    0.00    0.00
11:55:46      16   98.02    0.00    1.98    0.00    0.00    0.00    0.00    0.00    0.00
11:55:46      17   76.00    0.00   24.00    0.00    0.00    0.00    0.00    0.00    0.00
11:55:46      18   98.00    0.00    2.00    0.00    0.00    0.00    0.00    0.00    0.00
11:55:46      19   77.00    0.00   23.00    0.00    0.00    0.00    0.00    0.00    0.00
11:55:46      20   98.00    0.00    2.00    0.00    0.00    0.00    0.00    0.00    0.00
11:55:46      21   76.77    0.00   23.23    0.00    0.00    0.00    0.00    0.00    0.00
11:55:46      22   99.00    0.00    1.00    0.00    0.00    0.00    0.00    0.00    0.00
11:55:46      23   78.00    0.00   22.00    0.00    0.00    0.00    0.00    0.00    0.00
11:55:46      24   98.00    0.00    1.00    0.00    0.00    1.00    0.00    0.00    0.00
11:55:46      25   76.00    0.00   23.00    0.00    0.00    1.00    0.00    0.00    0.00
11:55:46      26   97.98    0.00    1.01    0.00    0.00    1.01    0.00    0.00    0.00
11:55:46      27   76.77    0.00   22.22    0.00    0.00    1.01    0.00    0.00    0.00
11:55:46      28   96.97    0.00    2.02    0.00    0.00    1.01    0.00    0.00    0.00
11:55:46      29   77.00    0.00   22.00    0.00    0.00    1.00    0.00    0.00    0.00
11:55:46      30   96.97    0.00    2.02    0.00    0.00    1.01    0.00    0.00    0.00
11:55:46      31   76.00    0.00   22.00    0.00    0.00    2.00    0.00    0.00    0.00

11:55:46     CPU    %usr   %nice    %sys %iowait    %irq   %soft  %steal  %guest   %idle
11:55:47     all   91.75    0.00    7.91    0.00    0.00    0.34    0.00    0.00    0.00
11:55:47       0   97.00    0.00    3.00    0.00    0.00    0.00    0.00    0.00    0.00
11:55:47       1   97.03    0.00    2.97    0.00    0.00    0.00    0.00    0.00    0.00
11:55:47       2   99.00    0.00    1.00    0.00    0.00    0.00    0.00    0.00    0.00
11:55:47       3   98.00    0.00    2.00    0.00    0.00    0.00    0.00    0.00    0.00
11:55:47       4   98.00    0.00    2.00    0.00    0.00    0.00    0.00    0.00    0.00
11:55:47       5   97.03    0.00    2.97    0.00    0.00    0.00    0.00    0.00    0.00
11:55:47       6   98.99    0.00    1.01    0.00    0.00    0.00    0.00    0.00    0.00
11:55:47       7   97.00    0.00    3.00    0.00    0.00    0.00    0.00    0.00    0.00
11:55:47       8   99.00    0.00    1.00    0.00    0.00    0.00    0.00    0.00    0.00
11:55:47       9   98.00    0.00    2.00    0.00    0.00    0.00    0.00    0.00    0.00
11:55:47      10   98.00    0.00    2.00    0.00    0.00    0.00    0.00    0.00    0.00
11:55:47      11   97.00    0.00    3.00    0.00    0.00    0.00    0.00    0.00    0.00
11:55:47      12   98.00    0.00    2.00    0.00    0.00    0.00    0.00    0.00    0.00
11:55:47      13   97.00    0.00    3.00    0.00    0.00    0.00    0.00    0.00    0.00
11:55:47      14   98.00    0.00    2.00    0.00    0.00    0.00    0.00    0.00    0.00
11:55:47      15   98.00    0.00    2.00    0.00    0.00    0.00    0.00    0.00    0.00
11:55:47      16   99.00    0.00    1.00    0.00    0.00    0.00    0.00    0.00    0.00
11:55:47      17   74.00    0.00   26.00    0.00    0.00    0.00    0.00    0.00    0.00
11:55:47      18   97.03    0.00    2.97    0.00    0.00    0.00    0.00    0.00    0.00
11:55:47      19   75.00    0.00   25.00    0.00    0.00    0.00    0.00    0.00    0.00
11:55:47      20   98.00    0.00    2.00    0.00    0.00    0.00    0.00    0.00    0.00
11:55:47      21   72.00    0.00   28.00    0.00    0.00    0.00    0.00    0.00    0.00
11:55:47      22   98.99    0.00    1.01    0.00    0.00    0.00    0.00    0.00    0.00
11:55:47      23   73.00    0.00   27.00    0.00    0.00    0.00    0.00    0.00    0.00
11:55:47      24   97.00    0.00    2.00    0.00    0.00    1.00    0.00    0.00    0.00
11:55:47      25   76.24    0.00   22.77    0.00    0.00    0.99    0.00    0.00    0.00
11:55:47      26   96.00    0.00    2.00    0.00    0.00    2.00    0.00    0.00    0.00
11:55:47      27   73.27    0.00   24.75    0.00    0.00    1.98    0.00    0.00    0.00
11:55:47      28   96.04    0.00    1.98    0.00    0.00    1.98    0.00    0.00    0.00
11:55:47      29   74.00    0.00   25.00    0.00    0.00    1.00    0.00    0.00    0.00
11:55:47      30   97.00    0.00    3.00    0.00    0.00    0.00    0.00    0.00    0.00
11:55:47      31   74.00    0.00   24.00    0.00    0.00    2.00    0.00    0.00    0.00
